// General stats
numRotations: 12
numStableMatchings: 17


// Rotations
rotation_0: (38, 10) (27, 19) (13, 5) (37, 25) (34, 6) (26, 3) (16, 32) (8, 17) 
rotProfileMen_0: -3 0 1 -1 0 0 1 0 2 0 0 0 0 0 0 0 0 0 0 0 0 0 0 0 0 0 0 0 0 0 0 0 0 0 0 0 0 0 0 0 
rotProfileWomen_0: 1 3 0 0 0 0 -1 1 -1 -1 -1 0 0 0 0 0 0 0 0 1 -1 0 1 0 0 0 -2 0 0 0 0 0 0 0 0 0 0 0 0 0 
rotProfileCombined_0: -2 3 1 -1 0 0 0 1 1 -1 -1 0 0 0 0 0 0 0 0 1 -1 0 1 0 0 0 -2 0 0 0 0 0 0 0 0 0 0 0 0 0 
 --- 
rotation_1: (32, 38) (8, 10) (14, 28) (17, 26) (22, 36) (35, 12) 
rotProfileMen_1: -3 -1 0 0 0 2 1 0 0 0 0 1 0 0 0 0 0 0 0 0 0 0 0 0 0 0 0 0 0 0 0 0 0 0 0 0 0 0 0 0 
rotProfileWomen_1: 2 1 0 -2 0 0 0 2 0 0 0 0 -1 -1 0 0 0 1 0 -1 0 0 0 -1 0 0 0 0 0 0 0 0 0 0 0 0 0 0 0 0 
rotProfileCombined_1: -1 0 0 -2 0 2 1 2 0 0 0 1 -1 -1 0 0 0 1 0 -1 0 0 0 -1 0 0 0 0 0 0 0 0 0 0 0 0 0 0 0 0 
 --- 
rotation_2: (1, 24) (37, 6) 
rotProfileMen_2: 0 0 -1 1 0 0 0 0 0 0 -1 0 0 0 0 0 0 0 0 0 0 0 1 0 0 0 0 0 0 0 0 0 0 0 0 0 0 0 0 0 
rotProfileWomen_2: 0 0 0 0 0 1 1 -1 0 0 0 0 0 0 0 0 0 -1 0 0 0 0 0 0 0 0 0 0 0 0 0 0 0 0 0 0 0 0 0 0 
rotProfileCombined_2: 0 0 -1 1 0 1 1 -1 0 0 -1 0 0 0 0 0 0 -1 0 0 0 0 1 0 0 0 0 0 0 0 0 0 0 0 0 0 0 0 0 0 
 --- 
rotation_3: (30, 13) (32, 10) (23, 1) (31, 30) 
rotProfileMen_3: -1 -2 1 0 0 0 0 1 0 0 1 0 0 0 0 0 0 0 0 0 0 0 0 0 0 0 0 0 0 0 0 0 0 0 0 0 0 0 0 0 
rotProfileWomen_3: 0 0 0 0 0 0 0 2 0 0 0 0 0 1 0 -1 0 -1 0 0 1 0 0 0 0 0 0 -2 0 0 0 0 0 0 0 0 0 0 0 0 
rotProfileCombined_3: -1 -2 1 0 0 0 0 3 0 0 1 0 0 1 0 -1 0 -1 0 0 1 0 0 0 0 0 0 -2 0 0 0 0 0 0 0 0 0 0 0 0 
 --- 
rotation_4: (31, 13) (38, 19) (5, 18) (21, 29) 
rotProfileMen_4: -1 0 0 0 1 -1 0 0 -1 -1 0 1 0 0 0 0 0 0 0 1 0 0 1 0 0 0 0 0 0 0 0 0 0 0 0 0 0 0 0 0 
rotProfileWomen_4: 2 0 0 1 -1 0 0 0 -1 0 0 0 0 0 1 0 0 0 0 0 -1 0 -1 0 0 0 0 0 0 0 0 0 0 0 0 0 0 0 0 0 
rotProfileCombined_4: 1 0 0 1 0 -1 0 0 -2 -1 0 1 0 0 1 0 0 0 0 1 -1 0 0 0 0 0 0 0 0 0 0 0 0 0 0 0 0 0 0 0 
 --- 
rotation_5: (20, 27) (10, 11) (37, 24) 
rotProfileMen_5: 0 0 -1 0 1 -1 0 0 0 0 1 0 0 0 0 0 0 0 0 0 0 0 0 0 0 0 0 0 0 0 0 0 0 0 0 0 0 0 0 0 
rotProfileWomen_5: 1 0 0 0 0 0 -1 0 0 0 0 1 0 0 0 0 -1 0 0 0 0 0 0 0 0 0 0 0 0 0 0 0 0 0 0 0 0 0 0 0 
rotProfileCombined_5: 1 0 -1 0 1 -1 -1 0 0 0 1 1 0 0 0 0 -1 0 0 0 0 0 0 0 0 0 0 0 0 0 0 0 0 0 0 0 0 0 0 0 
 --- 
rotation_6: (1, 6) (33, 7) (37, 27) (32, 1) (7, 21) (12, 8) (23, 30) (4, 23) 
rotProfileMen_6: -1 -1 -1 0 0 -1 1 -1 1 1 0 0 0 0 1 1 0 0 0 0 0 0 -1 0 0 1 0 0 0 0 0 0 0 0 0 0 0 0 0 0 
rotProfileWomen_6: 2 0 1 2 -1 0 0 -2 0 -1 0 -1 0 0 0 0 0 0 0 0 1 0 0 0 0 0 0 -1 0 0 0 0 0 0 0 0 0 0 0 0 
rotProfileCombined_6: 1 -1 0 2 -1 -1 1 -3 1 0 0 -1 0 0 1 1 0 0 0 0 1 0 -1 0 0 1 0 -1 0 0 0 0 0 0 0 0 0 0 0 0 
 --- 
rotation_7: (40, 31) (9, 39) (21, 13) (8, 28) 
rotProfileMen_7: -1 0 0 0 -1 -1 0 0 0 0 0 -1 0 0 1 0 0 1 0 1 0 0 0 0 0 0 1 0 0 0 0 0 0 0 0 0 0 0 0 0 
rotProfileWomen_7: 1 0 0 1 0 0 1 -2 0 0 0 0 0 0 0 0 -1 0 0 0 0 0 0 0 0 0 0 0 0 0 0 0 0 0 0 0 0 0 0 0 
rotProfileCombined_7: 0 0 0 1 -1 -1 1 -2 0 0 0 -1 0 0 1 0 -1 1 0 1 0 0 0 0 0 0 1 0 0 0 0 0 0 0 0 0 0 0 0 0 
 --- 
rotation_8: (31, 19) (18, 22) 
rotProfileMen_8: 0 0 0 0 -1 0 1 0 0 0 0 0 0 0 0 0 0 0 0 -1 0 0 0 0 0 0 1 0 0 0 0 0 0 0 0 0 0 0 0 0 
rotProfileWomen_8: 1 0 0 0 0 0 0 0 0 -1 0 0 0 1 -1 0 0 0 0 0 0 0 0 0 0 0 0 0 0 0 0 0 0 0 0 0 0 0 0 0 
rotProfileCombined_8: 1 0 0 0 -1 0 1 0 0 -1 0 0 0 1 -1 0 0 0 0 -1 0 0 0 0 0 0 1 0 0 0 0 0 0 0 0 0 0 0 0 0 
 --- 
rotation_9: (10, 24) (40, 39) 
rotProfileMen_9: 0 0 0 -1 0 0 0 0 0 0 0 0 0 1 -1 0 1 0 0 0 0 0 0 0 0 0 0 0 0 0 0 0 0 0 0 0 0 0 0 0 
rotProfileWomen_9: 0 1 0 0 1 -1 -1 0 0 0 0 0 0 0 0 0 0 0 0 0 0 0 0 0 0 0 0 0 0 0 0 0 0 0 0 0 0 0 0 0 
rotProfileCombined_9: 0 1 0 -1 1 -1 -1 0 0 0 0 0 0 1 -1 0 1 0 0 0 0 0 0 0 0 0 0 0 0 0 0 0 0 0 0 0 0 0 0 0 
 --- 
rotation_10: (2, 40) (30, 10) (8, 31) (18, 19) (33, 27) (39, 37) (35, 38) (34, 3) (40, 24) 
rotProfileMen_10: 0 -1 0 -1 1 0 -1 0 -3 0 -1 0 2 2 1 0 -1 0 0 0 0 0 0 1 0 0 -1 0 0 0 0 0 0 1 0 1 0 0 0 0 
rotProfileWomen_10: 2 1 0 0 -2 -1 1 -1 1 0 0 1 1 -2 -1 0 0 0 0 0 0 0 0 0 0 0 0 0 0 0 0 0 0 0 0 0 0 0 0 0 
rotProfileCombined_10: 2 0 0 -1 -1 -1 0 -1 -2 0 -1 1 3 0 0 0 -1 0 0 0 0 0 0 1 0 0 -1 0 0 0 0 0 0 1 0 1 0 0 0 0 
 --- 
rotation_11: (4, 6) (7, 8) (10, 39) 
rotProfileMen_11: 0 0 0 0 -1 0 -1 0 0 0 0 0 1 -1 0 0 0 0 0 0 0 0 0 0 0 0 0 0 0 1 0 0 0 1 0 0 0 0 0 0 
rotProfileWomen_11: 2 -1 0 0 0 0 0 0 0 0 0 0 0 0 0 0 0 0 0 0 -1 0 0 0 0 0 0 0 0 0 0 0 0 0 0 0 0 0 0 0 
rotProfileCombined_11: 2 -1 0 0 -1 0 -1 0 0 0 0 0 1 -1 0 0 0 0 0 0 -1 0 0 0 0 0 0 0 0 1 0 0 0 1 0 0 0 0 0 0 
 --- 


// Stable matchings
// found using rotations not digraph

optimal_stable_matchings: 
rank-maximal_index: 12
generous_index: 7
sex_equal_index: 5
egalitarian_index: 6
generalisedMedian_index: 6

stable_matching_list:
24 40 35 23 18 4 21 17 39 11 9 8 5 28 16 32 26 22 15 27 29 36 1 20 34 3 19 33 14 13 30 38 7 6 12 2 25 10 37 31 
24 40 35 23 18 4 21 10 39 11 9 8 25 28 16 17 26 22 15 27 29 36 1 20 34 32 5 33 14 13 30 38 7 3 12 2 6 19 37 31 
24 40 35 23 18 4 21 28 39 11 9 8 25 26 16 17 36 22 15 27 29 12 1 20 34 32 5 33 14 13 30 10 7 3 38 2 6 19 37 31 
6 40 35 23 18 4 21 28 39 11 9 8 25 26 16 17 36 22 15 27 29 12 1 20 34 32 5 33 14 13 30 10 7 3 38 2 24 19 37 31 
6 40 35 23 18 4 21 28 39 11 9 8 25 26 16 17 36 22 15 27 29 12 30 20 34 32 5 33 14 10 13 1 7 3 38 2 24 19 37 31 
6 40 35 23 29 4 21 28 39 11 9 8 25 26 16 17 36 22 15 27 13 12 30 20 34 32 5 33 14 10 19 1 7 3 38 2 24 18 37 31 
6 40 35 23 29 4 21 28 39 24 9 8 25 26 16 17 36 22 15 11 13 12 30 20 34 32 5 33 14 10 19 1 7 3 38 2 27 18 37 31 
7 40 35 6 29 4 8 28 39 24 9 30 25 26 16 17 36 22 15 11 13 12 23 20 34 32 5 33 14 10 19 21 27 3 38 2 1 18 37 31 
7 40 35 6 29 4 8 31 13 24 9 30 25 26 16 17 36 22 15 11 28 12 23 20 34 32 5 33 14 10 19 21 27 3 38 2 1 18 37 39 
7 40 35 6 29 4 8 31 13 24 9 30 25 26 16 17 36 19 15 11 28 12 23 20 34 32 5 33 14 10 22 21 27 3 38 2 1 18 37 39 
7 40 35 6 29 4 8 31 13 39 9 30 25 26 16 17 36 19 15 11 28 12 23 20 34 32 5 33 14 10 22 21 27 3 38 2 1 18 37 24 
7 10 35 6 29 4 8 19 13 39 9 30 25 26 16 17 36 27 15 11 28 12 23 20 34 32 5 33 14 31 22 21 37 24 3 2 1 18 38 40 
7 10 35 8 29 4 39 19 13 6 9 30 25 26 16 17 36 27 15 11 28 12 23 20 34 32 5 33 14 31 22 21 37 24 3 2 1 18 38 40 
7 40 35 6 29 4 8 31 13 39 9 30 25 26 16 17 36 22 15 11 28 12 23 20 34 32 5 33 14 10 19 21 27 3 38 2 1 18 37 24 
7 40 35 6 29 4 8 28 39 24 9 30 25 26 16 17 36 19 15 11 13 12 23 20 34 32 5 33 14 10 22 21 27 3 38 2 1 18 37 31 
24 40 35 23 18 4 21 28 39 11 9 8 25 26 16 17 36 22 15 27 29 12 30 20 34 32 5 33 14 10 13 1 7 3 38 2 6 19 37 31 
24 40 35 23 29 4 21 28 39 11 9 8 25 26 16 17 36 22 15 27 13 12 30 20 34 32 5 33 14 10 19 1 7 3 38 2 6 18 37 31 


matching_0: 24 40 35 23 18 4 21 17 39 11 9 8 5 28 16 32 26 22 15 27 29 36 1 20 34 3 19 33 14 13 30 38 7 6 12 2 25 10 37 31 
profileMen_0: 15 7 4 2 2 4 0 1 1 1 1 1 0 1 0 0 0 0 0 0 0 0 0 0 0 0 0 0 0 0 0 0 0 0 0 0 0 0 0 0 
profileWomen_0: 4 4 0 3 4 2 2 1 2 3 1 0 1 1 1 1 2 1 0 0 1 0 0 1 0 0 2 3 0 0 0 0 0 0 0 0 0 0 0 0 
profileCombined_0: 19 11 4 5 6 6 2 2 3 4 2 1 1 2 1 1 2 1 0 0 1 0 0 1 0 0 2 3 0 0 0 0 0 0 0 0 0 0 0 0 
costMen_0: 147
costWomen_0: 430
costCombined_0: 577
sexEquality_0: 283

 --- 
matching_1: 24 40 35 23 18 4 21 10 39 11 9 8 25 28 16 17 26 22 15 27 29 36 1 20 34 32 5 33 14 13 30 38 7 3 12 2 6 19 37 31 
profileMen_1: 12 7 5 1 2 4 1 1 3 1 1 1 0 1 0 0 0 0 0 0 0 0 0 0 0 0 0 0 0 0 0 0 0 0 0 0 0 0 0 0 
profileWomen_1: 5 7 0 3 4 2 1 2 1 2 0 0 1 1 1 1 2 1 0 1 0 0 1 1 0 0 0 3 0 0 0 0 0 0 0 0 0 0 0 0 
profileCombined_1: 17 14 5 4 6 6 2 3 4 3 1 1 1 2 1 1 2 1 0 1 0 0 1 1 0 0 0 3 0 0 0 0 0 0 0 0 0 0 0 0 
costMen_1: 168
costWomen_1: 376
costCombined_1: 544
sexEquality_1: 208

 --- 
matching_2: 24 40 35 23 18 4 21 28 39 11 9 8 25 26 16 17 36 22 15 27 29 12 1 20 34 32 5 33 14 13 30 10 7 3 38 2 6 19 37 31 
profileMen_2: 9 6 5 1 2 6 2 1 3 1 1 2 0 1 0 0 0 0 0 0 0 0 0 0 0 0 0 0 0 0 0 0 0 0 0 0 0 0 0 0 
profileWomen_2: 7 8 0 1 4 2 1 4 1 2 0 0 0 0 1 1 2 2 0 0 0 0 1 0 0 0 0 3 0 0 0 0 0 0 0 0 0 0 0 0 
profileCombined_2: 16 14 5 2 6 8 3 5 4 3 1 2 0 1 1 1 2 2 0 0 0 0 1 0 0 0 0 3 0 0 0 0 0 0 0 0 0 0 0 0 
costMen_2: 194
costWomen_2: 335
costCombined_2: 529
sexEquality_2: 141

 --- 
matching_3: 6 40 35 23 18 4 21 28 39 11 9 8 25 26 16 17 36 22 15 27 29 12 1 20 34 32 5 33 14 13 30 10 7 3 38 2 24 19 37 31 
profileMen_3: 9 6 4 2 2 6 2 1 3 1 0 2 0 1 0 0 0 0 0 0 0 0 1 0 0 0 0 0 0 0 0 0 0 0 0 0 0 0 0 0 
profileWomen_3: 7 8 0 1 4 3 2 3 1 2 0 0 0 0 1 1 2 1 0 0 0 0 1 0 0 0 0 3 0 0 0 0 0 0 0 0 0 0 0 0 
profileCombined_3: 16 14 4 3 6 9 4 4 4 3 0 2 0 1 1 1 2 1 0 0 0 0 2 0 0 0 0 3 0 0 0 0 0 0 0 0 0 0 0 0 
costMen_3: 207
costWomen_3: 322
costCombined_3: 529
sexEquality_3: 115

 --- 
matching_4: 6 40 35 23 18 4 21 28 39 11 9 8 25 26 16 17 36 22 15 27 29 12 30 20 34 32 5 33 14 10 13 1 7 3 38 2 24 19 37 31 
profileMen_4: 8 4 5 2 2 6 2 2 3 1 1 2 0 1 0 0 0 0 0 0 0 0 1 0 0 0 0 0 0 0 0 0 0 0 0 0 0 0 0 0 
profileWomen_4: 7 8 0 1 4 3 2 5 1 2 0 0 0 1 1 0 2 0 0 0 1 0 1 0 0 0 0 1 0 0 0 0 0 0 0 0 0 0 0 0 
profileCombined_4: 15 12 5 3 6 9 4 7 4 3 1 2 0 2 1 0 2 0 0 0 1 0 2 0 0 0 0 1 0 0 0 0 0 0 0 0 0 0 0 0 
costMen_4: 224
costWomen_4: 283
costCombined_4: 507
sexEquality_4: 59

 --- 
matching_5: 6 40 35 23 29 4 21 28 39 11 9 8 25 26 16 17 36 22 15 27 13 12 30 20 34 32 5 33 14 10 19 1 7 3 38 2 24 18 37 31 
profileMen_5: 7 4 5 2 3 5 2 2 2 0 1 3 0 1 0 0 0 0 0 1 0 0 2 0 0 0 0 0 0 0 0 0 0 0 0 0 0 0 0 0 
profileWomen_5: 9 8 0 2 3 3 2 5 0 2 0 0 0 1 2 0 2 0 0 0 0 0 0 0 0 0 0 1 0 0 0 0 0 0 0 0 0 0 0 0 
profileCombined_5: 16 12 5 4 6 8 4 7 2 2 1 3 0 2 2 0 2 0 0 1 0 0 2 0 0 0 0 1 0 0 0 0 0 0 0 0 0 0 0 0 
costMen_5: 258
costWomen_5: 246
costCombined_5: 504
sexEquality_5: 12

 --- 
matching_6: 6 40 35 23 29 4 21 28 39 24 9 8 25 26 16 17 36 22 15 11 13 12 30 20 34 32 5 33 14 10 19 1 7 3 38 2 27 18 37 31 
profileMen_6: 7 4 4 2 4 4 2 2 2 0 2 3 0 1 0 0 0 0 0 1 0 0 2 0 0 0 0 0 0 0 0 0 0 0 0 0 0 0 0 0 
profileWomen_6: 10 8 0 2 3 3 1 5 0 2 0 1 0 1 2 0 1 0 0 0 0 0 0 0 0 0 0 1 0 0 0 0 0 0 0 0 0 0 0 0 
profileCombined_6: 17 12 4 4 7 7 3 7 2 2 2 4 0 2 2 0 1 0 0 1 0 0 2 0 0 0 0 1 0 0 0 0 0 0 0 0 0 0 0 0 
costMen_6: 265
costWomen_6: 235
costCombined_6: 500
sexEquality_6: 30

 --- 
matching_7: 7 40 35 6 29 4 8 28 39 24 9 30 25 26 16 17 36 22 15 11 13 12 23 20 34 32 5 33 14 10 19 21 27 3 38 2 1 18 37 31 
profileMen_7: 6 3 3 2 4 3 3 1 3 1 2 3 0 1 1 1 0 0 0 1 0 0 1 0 0 1 0 0 0 0 0 0 0 0 0 0 0 0 0 0 
profileWomen_7: 12 8 1 4 2 3 1 3 0 1 0 0 0 1 2 0 1 0 0 0 1 0 0 0 0 0 0 0 0 0 0 0 0 0 0 0 0 0 0 0 
profileCombined_7: 18 11 4 6 6 6 4 4 3 2 2 3 0 2 3 1 1 0 0 1 1 0 1 0 0 1 0 0 0 0 0 0 0 0 0 0 0 0 0 0 
costMen_7: 305
costWomen_7: 198
costCombined_7: 503
sexEquality_7: 107

 --- 
matching_8: 7 40 35 6 29 4 8 31 13 24 9 30 25 26 16 17 36 22 15 11 28 12 23 20 34 32 5 33 14 10 19 21 27 3 38 2 1 18 37 39 
profileMen_8: 5 3 3 2 3 2 3 1 3 1 2 2 0 1 2 1 0 1 0 2 0 0 1 0 0 1 1 0 0 0 0 0 0 0 0 0 0 0 0 0 
profileWomen_8: 13 8 1 5 2 3 2 1 0 1 0 0 0 1 2 0 0 0 0 0 1 0 0 0 0 0 0 0 0 0 0 0 0 0 0 0 0 0 0 0 
profileCombined_8: 18 11 4 7 5 5 5 2 3 2 2 2 0 2 4 1 0 1 0 2 1 0 1 0 0 1 1 0 0 0 0 0 0 0 0 0 0 0 0 0 
costMen_8: 361
costWomen_8: 177
costCombined_8: 538
sexEquality_8: 184

 --- 
matching_9: 7 40 35 6 29 4 8 31 13 24 9 30 25 26 16 17 36 19 15 11 28 12 23 20 34 32 5 33 14 10 22 21 27 3 38 2 1 18 37 39 
profileMen_9: 5 3 3 2 2 2 4 1 3 1 2 2 0 1 2 1 0 1 0 1 0 0 1 0 0 1 2 0 0 0 0 0 0 0 0 0 0 0 0 0 
profileWomen_9: 14 8 1 5 2 3 2 1 0 0 0 0 0 2 1 0 0 0 0 0 1 0 0 0 0 0 0 0 0 0 0 0 0 0 0 0 0 0 0 0 
profileCombined_9: 19 11 4 7 4 5 6 2 3 1 2 2 0 3 3 1 0 1 0 1 1 0 1 0 0 1 2 0 0 0 0 0 0 0 0 0 0 0 0 0 
costMen_9: 370
costWomen_9: 167
costCombined_9: 537
sexEquality_9: 203

 --- 
matching_10: 7 40 35 6 29 4 8 31 13 39 9 30 25 26 16 17 36 19 15 11 28 12 23 20 34 32 5 33 14 10 22 21 27 3 38 2 1 18 37 24 
profileMen_10: 5 3 3 1 2 2 4 1 3 1 2 2 0 2 1 1 1 1 0 1 0 0 1 0 0 1 2 0 0 0 0 0 0 0 0 0 0 0 0 0 
profileWomen_10: 14 9 1 5 3 2 1 1 0 0 0 0 0 2 1 0 0 0 0 0 1 0 0 0 0 0 0 0 0 0 0 0 0 0 0 0 0 0 0 0 
profileCombined_10: 19 12 4 6 5 4 5 2 3 1 2 2 0 4 2 1 1 1 0 1 1 0 1 0 0 1 2 0 0 0 0 0 0 0 0 0 0 0 0 0 
costMen_10: 382
costWomen_10: 161
costCombined_10: 543
sexEquality_10: 221

 --- 
matching_11: 7 10 35 6 29 4 8 19 13 39 9 30 25 26 16 17 36 27 15 11 28 12 23 20 34 32 5 33 14 31 22 21 37 24 3 2 1 18 38 40 
profileMen_11: 5 2 3 0 3 2 3 1 0 1 1 2 2 4 2 1 0 1 0 1 0 0 1 1 0 1 1 0 0 0 0 0 0 1 0 1 0 0 0 0 
profileWomen_11: 16 10 1 5 1 1 2 0 1 0 0 1 1 0 0 0 0 0 0 0 1 0 0 0 0 0 0 0 0 0 0 0 0 0 0 0 0 0 0 0 
profileCombined_11: 21 12 4 5 4 3 5 1 1 1 1 3 3 4 2 1 0 1 0 1 1 0 1 1 0 1 1 0 0 0 0 0 0 1 0 1 0 0 0 0 
costMen_11: 455
costWomen_11: 139
costCombined_11: 594
sexEquality_11: 316

 --- 
matching_12: 7 10 35 8 29 4 39 19 13 6 9 30 25 26 16 17 36 27 15 11 28 12 23 20 34 32 5 33 14 31 22 21 37 24 3 2 1 18 38 40 
profileMen_12: 5 2 3 0 2 2 2 1 0 1 1 2 3 3 2 1 0 1 0 1 0 0 1 1 0 1 1 0 0 1 0 0 0 2 0 1 0 0 0 0 
profileWomen_12: 18 9 1 5 1 1 2 0 1 0 0 1 1 0 0 0 0 0 0 0 0 0 0 0 0 0 0 0 0 0 0 0 0 0 0 0 0 0 0 0 
profileCombined_12: 23 11 4 5 3 3 4 1 1 1 1 3 4 3 2 1 0 1 0 1 0 0 1 1 0 1 1 0 0 1 0 0 0 2 0 1 0 0 0 0 
costMen_12: 506
costWomen_12: 118
costCombined_12: 624
sexEquality_12: 388

 --- 
matching_13: 7 40 35 6 29 4 8 31 13 39 9 30 25 26 16 17 36 22 15 11 28 12 23 20 34 32 5 33 14 10 19 21 27 3 38 2 1 18 37 24 
profileMen_13: 5 3 3 1 3 2 3 1 3 1 2 2 0 2 1 1 1 1 0 2 0 0 1 0 0 1 1 0 0 0 0 0 0 0 0 0 0 0 0 0 
profileWomen_13: 13 9 1 5 3 2 1 1 0 1 0 0 0 1 2 0 0 0 0 0 1 0 0 0 0 0 0 0 0 0 0 0 0 0 0 0 0 0 0 0 
profileCombined_13: 18 12 4 6 6 4 4 2 3 2 2 2 0 3 3 1 1 1 0 2 1 0 1 0 0 1 1 0 0 0 0 0 0 0 0 0 0 0 0 0 
costMen_13: 373
costWomen_13: 171
costCombined_13: 544
sexEquality_13: 202

 --- 
matching_14: 7 40 35 6 29 4 8 28 39 24 9 30 25 26 16 17 36 19 15 11 13 12 23 20 34 32 5 33 14 10 22 21 27 3 38 2 1 18 37 31 
profileMen_14: 6 3 3 2 3 3 4 1 3 1 2 3 0 1 1 1 0 0 0 0 0 0 1 0 0 1 1 0 0 0 0 0 0 0 0 0 0 0 0 0 
profileWomen_14: 13 8 1 4 2 3 1 3 0 0 0 0 0 2 1 0 1 0 0 0 1 0 0 0 0 0 0 0 0 0 0 0 0 0 0 0 0 0 0 0 
profileCombined_14: 19 11 4 6 5 6 5 4 3 1 2 3 0 3 2 1 1 0 0 0 1 0 1 0 0 1 1 0 0 0 0 0 0 0 0 0 0 0 0 0 
costMen_14: 314
costWomen_14: 188
costCombined_14: 502
sexEquality_14: 126

 --- 
matching_15: 24 40 35 23 18 4 21 28 39 11 9 8 25 26 16 17 36 22 15 27 29 12 30 20 34 32 5 33 14 10 13 1 7 3 38 2 6 19 37 31 
profileMen_15: 8 4 6 1 2 6 2 2 3 1 2 2 0 1 0 0 0 0 0 0 0 0 0 0 0 0 0 0 0 0 0 0 0 0 0 0 0 0 0 0 
profileWomen_15: 7 8 0 1 4 2 1 6 1 2 0 0 0 1 1 0 2 1 0 0 1 0 1 0 0 0 0 1 0 0 0 0 0 0 0 0 0 0 0 0 
profileCombined_15: 15 12 6 2 6 8 3 8 4 3 2 2 0 2 1 0 2 1 0 0 1 0 1 0 0 0 0 1 0 0 0 0 0 0 0 0 0 0 0 0 
costMen_15: 211
costWomen_15: 296
costCombined_15: 507
sexEquality_15: 85

 --- 
matching_16: 24 40 35 23 29 4 21 28 39 11 9 8 25 26 16 17 36 22 15 27 13 12 30 20 34 32 5 33 14 10 19 1 7 3 38 2 6 18 37 31 
profileMen_16: 7 4 6 1 3 5 2 2 2 0 2 3 0 1 0 0 0 0 0 1 0 0 1 0 0 0 0 0 0 0 0 0 0 0 0 0 0 0 0 0 
profileWomen_16: 9 8 0 2 3 2 1 6 0 2 0 0 0 1 2 0 2 1 0 0 0 0 0 0 0 0 0 1 0 0 0 0 0 0 0 0 0 0 0 0 
profileCombined_16: 16 12 6 3 6 7 3 8 2 2 2 3 0 2 2 0 2 1 0 1 0 0 1 0 0 0 0 1 0 0 0 0 0 0 0 0 0 0 0 0 
costMen_16: 245
costWomen_16: 259
costCombined_16: 504
sexEquality_16: 14

 --- 
Digraph 
(0,0) (1,0) (1,0) (0,0) (1,0) (0,0) (0,1) (0,1) (0,0) (0,0) (1,1) (0,1) 
(0,0) (0,0) (0,1) (1,0) (0,1) (0,0) (0,1) (1,1) (0,0) (0,1) (1,1) (0,1) 
(0,0) (0,0) (0,0) (0,0) (0,0) (1,0) (1,0) (0,0) (0,0) (0,0) (0,0) (0,1) 
(0,0) (0,0) (0,0) (0,0) (1,0) (0,0) (1,0) (0,1) (0,0) (0,0) (1,1) (0,1) 
(0,0) (0,0) (0,0) (0,0) (0,0) (0,1) (0,0) (1,1) (1,0) (0,0) (0,1) (0,0) 
(0,0) (0,0) (0,0) (0,0) (0,0) (0,0) (1,0) (0,0) (0,0) (1,0) (0,1) (0,0) 
(0,0) (0,0) (0,0) (0,0) (0,0) (0,0) (0,0) (0,1) (0,1) (0,0) (1,0) (1,1) 
(0,0) (0,0) (0,0) (0,0) (0,0) (0,0) (0,0) (0,0) (0,0) (1,0) (1,0) (0,0) 
(0,0) (0,0) (0,0) (0,0) (0,0) (0,0) (0,0) (0,0) (0,0) (0,0) (1,0) (0,0) 
(0,0) (0,0) (0,0) (0,0) (0,0) (0,0) (0,0) (0,0) (0,0) (0,0) (1,0) (1,0) 
(0,0) (0,0) (0,0) (0,0) (0,0) (0,0) (0,0) (0,0) (0,0) (0,0) (0,0) (0,1) 
(0,0) (0,0) (0,0) (0,0) (0,0) (0,0) (0,0) (0,0) (0,0) (0,0) (0,0) (0,0) 

Simple digraph 
1 2 4 6 7 10 11 
2 3 4 6 7 9 10 11 
5 6 11 
4 6 7 10 11 
5 7 8 10 
6 9 10 
7 8 10 11 
9 10 
10 
10 11 
11 





Duration_ModCreation_milliseconds: 270
Duration_GetSolution_milliseconds: 65
Duration_CollectRes_milliseconds: 0

Duration_Total_milliseconds: 446

exitCode 0
code/Main_GetStableMatchings completed
