// General stats
numRotations: 5
numStableMatchings: 6


// Rotations
rotation_0: (19, 6) (34, 7) (23, 27) (26, 35) 
rotProfileMen_0: -1 0 -1 1 -1 0 0 -1 2 1 0 0 0 0 0 0 0 0 0 0 0 0 0 0 0 0 0 0 0 0 0 0 0 0 0 0 0 0 0 0 
rotProfileWomen_0: 1 1 0 0 0 0 1 0 -1 0 0 0 0 0 0 0 -1 0 0 1 -1 0 0 0 0 0 0 -1 0 0 0 0 0 0 0 0 0 0 0 0 
rotProfileCombined_0: 0 1 -1 1 -1 0 1 -1 1 1 0 0 0 0 0 0 -1 0 0 1 -1 0 0 0 0 0 0 -1 0 0 0 0 0 0 0 0 0 0 0 0 
 --- 
rotation_1: (26, 6) (36, 34) (21, 22) (10, 23) (31, 21) (24, 16) 
rotProfileMen_1: -1 0 -2 0 2 0 0 -1 0 -1 0 0 0 1 0 0 1 0 0 1 0 0 0 0 0 0 0 0 0 0 0 0 0 0 0 0 0 0 0 0 
rotProfileWomen_1: 0 2 0 0 0 0 0 0 0 0 0 1 0 0 0 0 0 -1 0 -1 0 0 0 0 -1 0 0 0 0 0 0 0 0 0 0 0 0 0 0 0 
rotProfileCombined_1: -1 2 -2 0 2 0 0 -1 0 -1 0 1 0 1 0 0 1 -1 0 0 0 0 0 0 -1 0 0 0 0 0 0 0 0 0 0 0 0 0 0 0 
 --- 
rotation_2: (37, 5) (7, 17) (10, 21) (38, 14) (17, 29) 
rotProfileMen_2: 0 -1 0 0 0 -1 -1 1 0 0 0 1 0 0 0 0 -1 0 0 1 0 0 0 0 0 0 0 0 0 0 0 0 0 0 1 0 0 0 0 0 
rotProfileWomen_2: 0 1 0 0 0 0 0 2 0 0 0 1 0 -1 0 -2 0 0 0 0 0 0 -1 0 0 0 0 0 0 0 0 0 0 0 0 0 0 0 0 0 
rotProfileCombined_2: 0 0 0 0 0 -1 -1 3 0 0 0 2 0 -1 0 -2 -1 0 0 1 0 0 -1 0 0 0 0 0 0 0 0 0 0 0 1 0 0 0 0 0 
 --- 
rotation_3: (17, 5) (29, 15) (21, 23) (8, 25) (20, 24) (12, 9) (30, 33) (14, 36) 
rotProfileMen_3: 0 -1 -2 -1 1 -1 0 1 0 -1 1 0 0 1 0 0 0 0 0 0 0 0 0 0 0 1 0 1 0 0 0 0 0 0 0 0 0 0 0 0 
rotProfileWomen_3: 2 0 2 3 -2 -1 0 -1 -1 0 0 0 0 0 0 -2 0 0 0 0 0 0 0 0 0 0 0 0 0 0 0 0 0 0 0 0 0 0 0 0 
rotProfileCombined_3: 2 -1 0 2 -1 -2 0 0 -1 -1 1 0 0 1 0 -2 0 0 0 0 0 0 0 0 0 1 0 1 0 0 0 0 0 0 0 0 0 0 0 0 
 --- 
rotation_4: (1, 3) (11, 26) (6, 19) (36, 22) 
rotProfileMen_4: -2 0 -1 1 -1 0 0 0 0 1 0 0 1 0 1 0 0 0 0 0 0 0 0 0 0 0 0 0 0 0 0 0 0 0 0 0 0 0 0 0 
rotProfileWomen_4: 0 2 -1 1 0 0 0 0 0 0 0 0 0 -1 0 0 -1 0 0 0 0 0 0 0 0 0 0 0 0 0 0 0 0 0 0 0 0 0 0 0 
rotProfileCombined_4: -2 2 -2 2 -1 0 0 0 0 1 0 0 1 -1 1 0 -1 0 0 0 0 0 0 0 0 0 0 0 0 0 0 0 0 0 0 0 0 0 0 0 
 --- 


// Stable matchings
// found using rotations not digraph

optimal_stable_matchings: 
rank-maximal_index: 4
generous_index: 2
sex_equal_index: 3
egalitarian_index: 2
generalisedMedian_index: 2

stable_matching_list:
3 18 10 12 11 19 17 25 39 23 26 9 38 36 37 1 29 8 6 24 22 32 27 16 30 35 13 28 15 33 21 20 40 7 2 34 5 14 31 4 
3 18 10 12 11 19 17 25 39 23 26 9 38 36 37 1 29 8 7 24 22 32 35 16 30 6 13 28 15 33 21 20 40 27 2 34 5 14 31 4 
3 18 10 12 11 19 17 25 39 21 26 9 38 36 37 1 29 8 7 24 23 32 35 6 30 34 13 28 15 33 16 20 40 27 2 22 5 14 31 4 
3 18 10 12 11 19 21 25 39 14 26 9 38 36 37 1 5 8 7 24 23 32 35 6 30 34 13 28 15 33 16 20 40 27 2 22 17 29 31 4 
3 18 10 12 11 19 21 24 39 14 26 33 38 5 37 1 15 8 7 9 25 32 35 6 30 34 13 28 23 36 16 20 40 27 2 22 17 29 31 4 
26 18 10 12 11 22 21 24 39 14 19 33 38 5 37 1 15 8 7 9 25 32 35 6 30 34 13 28 23 36 16 20 40 27 2 3 17 29 31 4 


matching_0: 3 18 10 12 11 19 17 25 39 23 26 9 38 36 37 1 29 8 6 24 22 32 27 16 30 35 13 28 15 33 21 20 40 7 2 34 5 14 31 4 
profileMen_0: 7 6 8 3 1 5 2 4 2 1 0 1 0 0 0 0 0 0 0 0 0 0 0 0 0 0 0 0 0 0 0 0 0 0 0 0 0 0 0 0 
profileWomen_0: 6 2 6 1 2 2 1 3 3 0 1 0 0 2 0 4 2 1 0 0 1 0 1 0 1 0 0 1 0 0 0 0 0 0 0 0 0 0 0 0 
profileCombined_0: 13 8 14 4 3 7 3 7 5 1 1 1 0 2 0 4 2 1 0 0 1 0 1 0 1 0 0 1 0 0 0 0 0 0 0 0 0 0 0 0 
costMen_0: 176
costWomen_0: 364
costCombined_0: 540
sexEquality_0: 188

 --- 
matching_1: 3 18 10 12 11 19 17 25 39 23 26 9 38 36 37 1 29 8 7 24 22 32 35 16 30 6 13 28 15 33 21 20 40 27 2 34 5 14 31 4 
profileMen_1: 6 6 7 4 0 5 2 3 4 2 0 1 0 0 0 0 0 0 0 0 0 0 0 0 0 0 0 0 0 0 0 0 0 0 0 0 0 0 0 0 
profileWomen_1: 7 3 6 1 2 2 2 3 2 0 1 0 0 2 0 4 1 1 0 1 0 0 1 0 1 0 0 0 0 0 0 0 0 0 0 0 0 0 0 0 
profileCombined_1: 13 9 13 5 2 7 4 6 6 2 1 1 0 2 0 4 1 1 0 1 0 0 1 0 1 0 0 0 0 0 0 0 0 0 0 0 0 0 0 0 
costMen_1: 191
costWomen_1: 319
costCombined_1: 510
sexEquality_1: 128

 --- 
matching_2: 3 18 10 12 11 19 17 25 39 21 26 9 38 36 37 1 29 8 7 24 23 32 35 6 30 34 13 28 15 33 16 20 40 27 2 22 5 14 31 4 
profileMen_2: 5 6 5 4 2 5 2 2 4 1 0 1 0 1 0 0 1 0 0 1 0 0 0 0 0 0 0 0 0 0 0 0 0 0 0 0 0 0 0 0 
profileWomen_2: 7 5 6 1 2 2 2 3 2 0 1 1 0 2 0 4 1 0 0 0 0 0 1 0 0 0 0 0 0 0 0 0 0 0 0 0 0 0 0 0 
profileCombined_2: 12 11 11 5 4 7 4 5 6 1 1 2 0 3 0 4 2 0 0 1 0 0 1 0 0 0 0 0 0 0 0 0 0 0 0 0 0 0 0 0 
costMen_2: 227
costWomen_2: 272
costCombined_2: 499
sexEquality_2: 45

 --- 
matching_3: 3 18 10 12 11 19 21 25 39 14 26 9 38 36 37 1 5 8 7 24 23 32 35 6 30 34 13 28 15 33 16 20 40 27 2 22 17 29 31 4 
profileMen_3: 5 5 5 4 2 4 1 3 4 1 0 2 0 1 0 0 0 0 0 2 0 0 0 0 0 0 0 0 0 0 0 0 0 0 1 0 0 0 0 0 
profileWomen_3: 7 6 6 1 2 2 2 5 2 0 1 2 0 1 0 2 1 0 0 0 0 0 0 0 0 0 0 0 0 0 0 0 0 0 0 0 0 0 0 0 
profileCombined_3: 12 11 11 5 4 6 3 8 6 1 1 4 0 2 0 2 1 0 0 2 0 0 0 0 0 0 0 0 0 0 0 0 0 0 1 0 0 0 0 0 
costMen_3: 270
costWomen_3: 233
costCombined_3: 503
sexEquality_3: 37

 --- 
matching_4: 3 18 10 12 11 19 21 24 39 14 26 33 38 5 37 1 15 8 7 9 25 32 35 6 30 34 13 28 23 36 16 20 40 27 2 22 17 29 31 4 
profileMen_4: 5 4 3 3 3 3 1 4 4 0 1 2 0 2 0 0 0 0 0 2 0 0 0 0 0 1 0 1 0 0 0 0 0 0 1 0 0 0 0 0 
profileWomen_4: 9 6 8 4 0 1 2 4 1 0 1 2 0 1 0 0 1 0 0 0 0 0 0 0 0 0 0 0 0 0 0 0 0 0 0 0 0 0 0 0 
profileCombined_4: 14 10 11 7 3 4 3 8 5 0 2 4 0 3 0 0 1 0 0 2 0 0 0 0 0 1 0 1 0 0 0 0 0 0 1 0 0 0 0 0 
costMen_4: 334
costWomen_4: 188
costCombined_4: 522
sexEquality_4: 146

 --- 
matching_5: 26 18 10 12 11 22 21 24 39 14 19 33 38 5 37 1 15 8 7 9 25 32 35 6 30 34 13 28 23 36 16 20 40 27 2 3 17 29 31 4 
profileMen_5: 3 4 2 4 2 3 1 4 4 1 1 2 1 2 1 0 0 0 0 2 0 0 0 0 0 1 0 1 0 0 0 0 0 0 1 0 0 0 0 0 
profileWomen_5: 9 8 7 5 0 1 2 4 1 0 1 2 0 0 0 0 0 0 0 0 0 0 0 0 0 0 0 0 0 0 0 0 0 0 0 0 0 0 0 0 
profileCombined_5: 12 12 9 9 2 4 3 8 5 1 2 4 1 2 1 0 0 0 0 2 0 0 0 0 0 1 0 1 0 0 0 0 0 0 1 0 0 0 0 0 
costMen_5: 366
costWomen_5: 162
costCombined_5: 528
sexEquality_5: 204

 --- 
Digraph 
(0,0) (1,0) (0,0) (0,1) (0,0) 
(0,0) (0,0) (1,1) (1,1) (1,1) 
(0,0) (0,0) (0,0) (1,1) (0,0) 
(0,0) (0,0) (0,0) (0,0) (0,1) 
(0,0) (0,0) (0,0) (0,0) (0,0) 

Simple digraph 
1 3 
2 3 4 
3 
4 





Duration_ModCreation_milliseconds: 149
Duration_GetSolution_milliseconds: 49
Duration_CollectRes_milliseconds: 0

Duration_Total_milliseconds: 422

exitCode 0
code/Main_GetStableMatchings completed
