30
1: 6 29 7 3 27 18 24 22 23 
2: 7 29 14 8 22 28 3 6 
3: 8 7 23 6 29 22 17 
4: 5 24 19 14 11 
5: 29 7 12 28 22 18 17 
6: 1 22 29 3 12 7 10 28 2 
7: 10 7 24 17 13 23 1 11 22 28 
8: 18 15 27 7 29 1 23 
9: 3 7 12 1 29 28 22 18 
10: 28 20 24 18 22 11 4 1 
11: 20 3 24 28 22 12 18 27 7 
12: 14 12 28 18 29 22 19 
13: 25 7 12 14 5 22 17 18 29 23 
14: 15 22 23 7 28 27 12 19 
15: 2 5 11 6 12 7 27 24 
16: 13 28 23 12 24 22 19 7 
17: 9 12 7 22 5 1 
18: 26 12 7 3 24 15 22 18 
19: 12 17 18 3 22 11 14 24 7 4 
20: 19 24 15 4 28 12 22 11 20 26 18 
21: 30 7 1 22 24 18 12 5 27 29 14 
22: 23 17 24 11 12 7 5 14 29 3 22 
23: 4 23 24 12 18 22 11 7 19 
24: 22 24 25 28 15 7 27 19 23 
25: 16 14 23 6 7 1 22 9 
26: 17 11 14 24 7 23 28 22 19 
27: 11 1 24 12 9 17 7 19 23 29 6 18 
28: 27 29 28 12 7 23 22 17 
29: 21 12 7 5 19 6 22 
30: 24 8 6 28 12 7 22 15 19 18 
1: 27 17 8 21 7 25 10 9 6 
2: 6 15 
3: 6 19 18 1 2 22 11 9 
4: 19 20 10 23 
5: 22 29 13 21 17 15 4 
6: 2 30 15 27 3 25 29 1 
7: 13 7 24 19 14 11 26 1 21 18 25 9 16 22 29 23 28 27 17 5 3 30 6 15 8 2 
8: 2 30 3 
9: 25 27 17 
10: 6 7 
11: 10 26 19 15 7 22 4 20 23 27 
12: 18 12 28 21 9 17 6 20 14 30 16 15 5 23 11 27 22 13 29 19 
13: 7 16 
14: 21 19 2 4 22 26 25 13 12 
15: 30 18 20 24 8 14 
16: 25 
17: 13 22 7 19 5 27 3 28 26 
18: 13 12 10 19 11 23 5 18 20 27 21 30 9 1 8 
19: 30 29 27 4 12 16 26 24 23 14 20 
20: 20 10 11 
21: 29 
22: 19 23 1 25 20 11 29 6 14 10 22 28 16 17 18 26 21 9 3 7 5 30 12 13 2 24 
23: 13 27 16 24 7 1 26 3 28 14 25 8 23 22 
24: 15 4 7 11 26 21 19 20 24 22 1 10 18 23 27 16 30 
25: 24 13 
26: 20 18 
27: 1 15 21 24 8 11 14 28 
28: 12 28 11 30 14 7 5 2 6 16 9 20 24 26 10 
29: 9 13 21 8 3 22 12 28 27 1 2 6 5 
30: 21 



Updated preference list above: can be reinput into program.
Duration_ModCreation_milliseconds: 49
Duration_GetSolution_milliseconds: 3
Duration_CollectRes_milliseconds: 0

RawResults: 
6 7 8 5 29 1 10 18 3 28 20 14 25 15 2 13 9 26 12 19 30 23 4 22 16 17 11 27 21 24 

Duration_Total_milliseconds: 148

exitCode 0
code/Main_GS completed
