30
1: 22 3 16 24 13 
2: 8 21 10 15 13 23 
3: 9 25 22 23 17 
4: 28 24 23 15 
5: 19 13 23 24 3 
6: 13 24 3 23 21 17 
7: 16 24 13 
8: 17 28 24 13 23 1 
9: 20 10 26 28 23 11 2 13 
10: 18 23 24 14 10 
11: 3 6 15 19 13 24 22 
12: 21 23 
13: 6 23 14 
14: 15 10 16 13 
15: 12 16 10 9 
16: 5 23 13 2 26 3 28 10 24 14 
17: 4 3 23 24 17 11 
18: 27 4 17 10 
19: 30 24 26 23 22 14 3 
20: 1 26 24 2 23 4 10 14 
21: 29 23 27 13 9 
22: 7 3 11 16 5 13 
23: 14 11 13 23 2 24 
24: 23 9 13 14 10 
25: 10 28 14 24 
26: 25 18 11 27 23 24 10 
27: 24 26 4 23 13 14 21 
28: 11 12 17 6 28 4 23 14 24 10 13 
29: 2 21 13 4 
30: 26 23 13 14 10 4 
1: 8 20 
2: 9 20 23 16 29 
3: 22 17 5 16 1 19 6 11 
4: 29 20 27 28 30 18 17 
5: 22 16 
6: 11 28 13 
7: 22 
8: 2 
9: 21 15 24 3 
10: 9 16 14 26 10 2 18 28 24 15 30 20 25 
11: 9 26 17 22 23 28 
12: 28 15 
13: 23 27 30 9 24 21 14 5 28 1 8 7 22 29 2 16 11 6 
14: 13 27 24 30 10 19 16 25 20 28 23 
15: 2 4 11 14 
16: 15 14 1 22 7 
17: 17 3 18 6 28 8 
18: 26 10 
19: 11 5 
20: 9 
21: 29 27 2 6 12 
22: 11 3 19 1 
23: 10 21 4 19 8 2 26 16 5 28 3 30 6 23 13 20 12 9 27 17 24 
24: 23 7 26 17 10 20 28 16 5 8 25 19 6 1 4 11 27 
25: 3 26 
26: 19 9 16 20 27 30 
27: 26 21 18 
28: 25 9 8 28 16 4 
29: 21 
30: 19 



Updated preference list above: can be reinput into program.
Duration_ModCreation_milliseconds: 103
Duration_GetSolution_milliseconds: 8
Duration_CollectRes_milliseconds: 0

RawResults: 
22 8 9 28 19 13 16 17 20 18 3 21 6 15 12 5 4 27 30 1 29 7 14 23 10 25 24 11 2 26 

Duration_Total_milliseconds: 288

exitCode 0
code/Main_GS completed
