10
1: 1 2 3 9 10 4 6 5 7 8
2: 4 7 2 10 5 6 1 9 8 3
3: 3 7 8 10 2 4 1 6 5 9
4: 6 5 1 7 9 4 2 3 8 10
5: 4 5 6 9 8 10 7 2 1 3
6: 7 4 8 9 1 3 5 6 10 2
7: 7 10 3 4 6 1 2 8 9 5
8: 4 3 1 6 5 2 7 8 9 10
9: 3 1 8 7 9 10 2 6 4 5
10: 9 4 1 10 5 6 8 2 3 7
1: 7 6 4 2 3 9 5 1 10 8
2: 10 6 2 7 1 4 3 8 5 9
3: 7 5 1 9 10 2 6 4 8 3
4: 6 7 4 3 2 5 8 10 1 9
5: 8 9 3 5 7 10 2 4 1 6
6: 6 2 10 7 4 3 8 9 5 1
7: 3 6 10 9 4 5 1 2 7 8
8: 9 10 1 6 4 5 2 3 8 7
9: 9 2 10 1 5 6 8 4 7 3
10: 5 6 4 7 3 9 1 2 8 10

instance parameter information
numMenOrWomen: 10
minLenPref: 10
maxLenPref: 10
skew: 0

