10
1: 3 1 5 8 9 7 2 4 10 6
2: 5 8 2 10 9 3 1 6 7 4
3: 4 8 7 1 5 9 6 3 2 10
4: 5 8 10 9 6 4 2 3 7 1
5: 6 1 2 9 10 4 7 8 5 3
6: 4 3 6 1 2 7 8 9 10 5
7: 10 8 1 5 4 2 7 6 9 3
8: 6 9 5 2 10 8 3 7 4 1
9: 9 3 5 2 8 6 10 7 4 1
10: 8 7 1 5 3 2 4 10 9 6
1: 4 3 9 5 10 1 8 7 2 6
2: 8 9 6 10 4 1 5 3 7 2
3: 6 10 1 2 8 4 7 5 9 3
4: 6 9 5 7 1 4 2 8 3 10
5: 9 4 8 2 6 10 3 1 7 5
6: 4 10 3 7 5 8 6 1 9 2
7: 4 9 2 10 1 7 5 8 6 3
8: 2 4 10 7 9 6 3 8 1 5
9: 8 4 2 9 3 6 10 5 1 7
10: 6 7 8 4 2 9 5 10 1 3

instance parameter information
numMenOrWomen: 10
minLenPref: 10
maxLenPref: 10
skew: 0

