20
1: 13 3 15 6 
2: 11 1 13 16 9 15 3 2 7 4 19 14 18 5 10 12 6 17 20 
3: 12 
4: 6 16 19 14 4 20 17 18 7 5 13 8 10 12 11 15 3 
5: 15 20 18 16 2 14 17 12 8 9 3 10 7 11 19 5 1 
6: 9 18 11 
7: 16 12 9 4 2 17 
8: 8 6 2 14 1 18 20 10 11 13 15 7 3 4 5 
9: 15 
10: 3 13 16 11 10 5 6 15 1 9 2 18 4 12 20 14 
11: 18 1 10 12 2 4 
12: 7 10 3 15 18 
13: 9 
14: 14 9 15 17 4 12 3 13 19 7 6 1 10 8 16 
15: 13 4 11 8 
16: 8 6 13 1 3 4 12 18 19 17 15 5 11 7 2 
17: 10 
18: 4 2 10 14 11 19 
19: 16 4 7 
20: 13 
1: 5 14 11 10 8 16 2 
2: 16 11 2 5 10 7 8 18 
3: 4 12 16 14 10 5 8 2 1 
4: 11 10 2 16 4 8 14 15 7 18 19 
5: 8 2 16 10 4 5 
6: 1 8 2 4 16 10 14 
7: 19 14 12 16 4 5 8 2 
8: 15 5 8 16 14 4 
9: 13 10 7 6 2 14 5 
10: 17 8 14 5 10 4 18 11 12 2 
11: 6 4 2 5 16 10 18 8 15 
12: 3 16 10 2 4 14 5 7 11 
13: 20 10 4 15 16 14 1 8 2 
14: 10 18 4 2 5 8 14 
15: 9 16 5 12 10 1 14 8 2 4 
16: 14 19 7 4 2 10 5 
17: 7 4 2 5 14 16 
18: 12 16 8 4 2 10 5 6 11 
19: 18 14 16 4 2 5 
20: 2 10 8 4 5 



Updated preference list above: can be reinput into program.
Duration_ModCreation_milliseconds: 183
Duration_GetSolution_milliseconds: 2
Duration_CollectRes_milliseconds: 0

RawResults: 
5 16 4 11 8 1 19 15 13 17 6 3 20 10 9 14 7 12 18 2 

Duration_Total_milliseconds: 361

exitCode 0
code/Main_GS completed
