100
1: 2 50 90 6 88 7 87 49 17 1 73 89 82 34 93 29 32 55 28 64 11 39 42 31 80 96 3 83 54 26 16 84 92 22 85 99 72 79 53 24 
2: 84 93 5 24 8 95 46 3 10 81 11 76 28 89 53 59 39 16 96 92 68 
3: 89 
4: 6 47 25 5 88 44 58 30 59 28 91 93 
5: 1 73 47 93 98 14 25 24 66 23 20 5 96 84 81 13 11 45 
6: 57 32 92 95 39 34 46 40 73 11 62 75 6 37 87 78 65 9 18 94 23 31 79 49 81 74 13 21 61 93 98 76 
7: 15 27 64 95 92 58 60 18 77 83 24 3 98 7 25 56 74 6 
8: 9 60 55 12 98 18 93 8 16 25 59 96 14 7 73 92 71 68 10 2 41 44 97 32 46 90 30 58 
9: 40 59 31 66 28 94 
10: 56 93 50 
11: 41 16 84 59 33 99 97 96 36 76 93 81 67 77 61 95 47 21 48 74 100 54 20 34 9 
12: 19 3 
13: 99 71 38 16 85 29 15 44 12 36 
14: 56 74 73 12 
15: 21 80 100 30 33 70 64 13 
16: 53 8 58 18 23 34 65 4 84 27 69 22 32 29 37 38 94 68 91 95 13 46 90 79 1 88 20 61 16 60 85 55 87 83 86 11 7 19 47 99 31 71 2 67 48 
17: 72 28 89 85 81 93 73 56 84 63 64 77 1 54 34 100 6 62 46 91 48 9 15 
18: 30 47 
19: 36 27 31 95 84 47 74 52 93 67 96 76 32 
20: 100 70 88 69 85 93 38 33 9 83 29 79 14 57 47 98 39 
21: 90 35 
22: 9 75 78 2 43 94 38 12 17 63 27 13 4 24 60 39 51 62 42 86 8 73 54 55 20 14 65 15 71 96 48 23 72 91 26 19 74 87 53 81 45 92 5 36 1 
23: 93 33 98 74 52 6 8 17 57 96 5 43 92 9 54 95 39 26 97 53 28 65 83 36 80 87 7 79 48 100 66 
24: 60 49 2 98 48 24 35 74 96 52 69 16 
25: 17 63 96 70 48 34 77 78 25 31 
26: 65 18 83 3 85 10 79 59 36 98 12 41 
27: 80 72 87 23 1 70 93 27 75 79 33 85 71 
28: 60 49 63 57 36 69 37 14 46 67 30 22 66 70 1 42 100 73 34 20 61 58 56 84 55 86 79 98 27 68 62 5 35 97 29 82 6 4 59 
29: 10 44 47 20 69 74 73 55 
30: 98 26 43 
31: 20 40 75 66 4 95 8 86 38 45 36 85 
32: 13 18 72 99 51 63 91 26 94 9 78 56 25 46 15 73 62 39 83 97 
33: 41 85 33 6 19 34 
34: 84 63 73 85 100 
35: 14 69 68 60 36 34 38 48 90 47 42 
36: 14 88 63 90 52 
37: 92 50 45 100 29 15 22 76 39 68 63 91 23 36 48 16 11 2 62 4 13 7 77 49 12 90 61 24 19 67 34 46 75 71 54 40 95 81 
38: 4 53 2 
39: 38 35 34 96 
40: 37 
41: 6 77 38 32 7 
42: 53 10 1 4 29 
43: 64 57 
44: 61 72 89 68 29 78 52 9 93 86 66 69 83 41 64 58 85 70 21 34 47 38 36 2 100 90 65 87 97 77 25 75 76 20 28 92 56 43 27 44 6 42 37 19 51 
45: 67 61 88 100 8 16 56 10 14 90 25 51 93 71 52 37 59 94 64 24 73 
46: 8 37 53 72 96 14 
47: 62 26 4 7 66 2 99 55 42 5 
48: 97 71 74 18 77 31 15 5 59 86 29 61 50 16 3 36 51 35 65 13 100 95 82 44 98 47 63 46 
49: 72 79 31 1 73 100 77 21 
50: 95 93 28 86 23 54 36 98 76 46 85 90 
51: 93 7 91 62 54 68 60 3 61 
52: 82 23 15 26 42 81 72 
53: 69 53 8 
54: 12 60 90 10 21 99 78 
55: 32 81 38 50 54 82 88 9 75 72 56 2 83 
56: 97 82 86 93 67 51 98 90 58 80 21 29 76 62 84 88 14 44 
57: 29 80 19 59 7 33 26 87 44 36 47 69 21 98 76 60 
58: 60 72 90 22 52 13 18 43 6 16 8 33 65 68 2 88 30 38 31 4 70 
59: 70 23 94 84 26 11 
60: 73 42 80 98 
61: 83 65 42 98 33 64 88 73 74 68 10 12 18 41 67 90 31 47 4 39 45 72 21 56 50 14 86 96 44 100 84 63 27 69 89 52 51 40 26 53 54 80 48 32 66 6 61 13 9 3 16 97 79 99 82 
62: 24 58 38 57 61 7 47 14 37 29 39 66 15 64 67 
63: 58 70 48 27 93 46 5 61 32 21 17 16 29 36 40 47 87 57 92 77 26 88 97 8 9 69 62 79 23 91 76 80 38 39 10 64 75 73 42 4 7 18 67 14 78 65 12 3 95 54 53 
64: 4 34 20 53 27 60 82 76 61 16 98 9 86 10 42 95 11 97 67 62 54 
65: 33 
66: 10 60 45 68 36 97 5 52 28 64 80 50 34 63 39 95 30 11 78 32 99 8 98 1 6 17 35 62 91 
67: 30 8 28 40 55 26 51 1 7 64 
68: 18 39 8 95 21 55 61 92 
69: 17 
70: 100 94 81 29 66 17 87 82 4 85 15 6 58 98 95 22 
71: 11 40 98 49 63 18 45 30 70 57 41 29 12 38 17 55 93 31 75 91 6 3 36 82 48 23 7 32 34 52 68 20 33 65 1 66 72 51 35 2 53 85 95 78 84 67 26 19 71 86 97 69 77 16 42 96 92 14 44 99 47 10 73 62 56 37 9 21 90 61 5 13 25 60 100 79 64 83 80 54 81 46 39 27 
72: 38 99 
73: 51 14 42 35 86 76 66 81 88 67 18 26 95 53 3 39 68 11 93 49 90 38 6 91 71 82 54 72 59 17 69 36 57 7 43 2 19 
74: 16 63 81 38 73 43 23 72 66 79 34 24 4 69 75 59 3 87 
75: 1 97 4 2 86 6 51 19 35 40 
76: 2 68 53 77 
77: 35 51 59 1 99 8 84 68 12 79 100 64 85 29 89 33 97 28 16 95 
78: 6 23 52 14 8 96 46 63 90 10 68 17 83 62 40 58 73 100 80 11 26 87 72 35 31 32 44 22 45 36 99 30 81 65 84 2 98 53 12 92 67 88 77 76 33 29 54 24 69 37 79 
79: 1 66 74 56 95 37 32 5 3 100 82 30 84 10 
80: 23 
81: 17 30 
82: 4 57 74 87 24 20 54 89 99 84 
83: 58 70 86 10 39 42 43 61 15 65 99 20 68 67 24 34 62 95 75 92 8 17 7 23 28 19 89 84 36 93 90 38 51 26 
84: 55 63 49 48 94 75 
85: 85 14 2 25 87 11 52 1 95 50 6 94 36 35 3 72 75 57 37 70 100 31 26 22 34 62 18 23 28 
86: 82 31 26 19 88 
87: 29 96 38 
88: 12 47 44 49 43 45 79 98 80 
89: 28 42 61 21 89 27 49 
90: 93 92 22 56 21 35 39 79 95 28 72 3 2 54 73 29 60 83 7 57 8 49 15 75 48 66 26 10 55 68 98 81 89 87 33 16 13 24 63 97 1 36 74 
91: 68 97 94 81 79 50 61 46 20 86 88 87 74 95 76 84 17 57 7 56 3 4 
92: 54 1 51 44 66 55 65 
93: 37 52 3 56 93 47 29 19 45 71 28 59 20 34 5 89 2 65 64 21 76 1 25 10 18 
94: 70 56 36 85 20 
95: 3 1 86 81 95 65 64 70 18 22 88 76 32 78 12 25 
96: 88 56 
97: 21 76 84 20 77 3 92 93 98 86 69 
98: 2 47 63 
99: 95 8 39 9 59 84 96 67 74 51 42 3 100 75 33 44 52 58 86 
100: 73 5 82 100 92 20 93 18 62 
1: 22 27 16 90 49 66 17 71 5 77 92 95 1 79 28 75 67 85 42 93 
2: 38 1 90 47 8 16 58 98 75 44 55 76 22 24 93 85 71 37 78 73 
3: 12 95 85 73 99 93 91 48 26 97 74 90 2 51 61 63 7 71 79 1 
4: 91 38 70 47 82 75 63 31 37 22 28 74 64 58 42 61 16 
5: 47 66 79 4 100 63 23 22 28 48 2 5 71 93 
6: 7 33 73 66 78 4 1 17 70 28 58 6 71 44 23 75 61 41 85 
7: 41 73 37 63 8 90 23 62 71 1 57 91 7 51 83 67 47 16 
8: 53 8 46 63 78 58 22 66 67 77 68 83 31 90 16 2 99 23 45 
9: 11 17 55 99 61 6 71 22 44 32 8 64 20 23 63 
10: 79 26 78 90 8 66 29 64 61 93 54 2 63 71 45 83 42 
11: 59 73 71 66 16 37 6 5 1 85 2 64 78 
12: 14 22 37 71 78 95 88 61 54 63 26 77 13 8 
13: 15 71 58 90 32 16 5 37 22 61 48 6 
14: 46 62 28 5 22 78 45 20 71 85 56 36 8 73 61 35 63 
15: 17 90 13 70 52 22 37 48 7 32 62 83 
16: 24 77 48 58 74 64 37 63 1 45 90 61 11 71 2 13 8 16 
17: 69 63 71 91 22 23 70 73 1 81 66 78 25 83 
18: 93 6 32 26 8 95 71 16 100 63 58 68 7 48 61 73 85 
19: 73 44 93 33 75 71 12 86 83 37 16 22 57 
20: 94 11 22 44 82 91 31 29 100 71 64 83 97 28 16 93 5 
21: 49 68 93 57 63 71 90 61 97 11 6 44 54 56 89 15 
22: 70 58 37 28 85 1 90 95 78 16 
23: 80 85 27 6 59 16 78 52 74 71 5 50 83 37 22 63 
24: 1 7 24 37 5 83 90 78 82 2 22 45 74 62 
25: 95 32 25 85 93 45 5 71 4 44 7 8 
26: 83 63 32 30 61 73 59 22 86 67 78 71 90 23 57 1 47 52 85 
27: 71 89 44 28 7 64 19 61 16 27 22 63 
28: 85 90 67 2 50 66 23 83 89 9 1 44 17 77 4 93 
29: 42 16 71 93 28 20 44 90 70 77 48 57 87 1 63 56 78 13 62 37 
30: 81 67 15 18 79 4 78 66 28 8 71 58 
31: 25 71 61 78 48 85 49 16 19 6 9 58 1 86 
32: 19 66 71 95 79 8 16 63 78 6 61 55 41 1 
33: 65 90 33 15 61 99 23 27 71 77 78 20 57 58 11 
34: 33 6 44 16 37 64 17 11 74 35 39 83 93 85 25 28 1 71 66 
35: 21 24 85 39 71 77 75 90 78 48 28 66 73 
36: 13 78 23 31 11 90 50 66 35 28 37 57 71 19 22 83 48 94 63 26 44 85 73 
37: 40 28 78 46 16 62 45 85 71 44 6 79 93 
38: 87 44 62 55 31 73 35 74 63 16 72 58 13 83 22 39 41 71 20 
39: 20 37 61 1 6 90 23 68 71 63 22 2 83 32 73 62 99 66 
40: 75 61 31 37 78 71 6 9 67 63 
41: 26 61 71 44 8 33 11 
42: 35 60 89 61 71 63 28 52 1 22 64 47 83 99 73 44 
43: 30 58 23 44 22 74 88 73 83 
44: 56 71 29 44 8 48 99 13 61 92 88 57 78 4 
45: 5 37 93 66 78 88 71 31 22 61 
46: 48 50 28 16 78 37 8 32 71 6 17 2 91 63 
47: 18 63 48 11 5 71 61 16 29 93 35 62 20 57 44 98 19 88 4 
48: 16 24 11 61 63 25 84 22 17 71 23 37 35 90 
49: 89 37 6 1 73 71 28 84 24 88 90 
50: 10 66 85 61 37 1 55 91 48 
51: 44 45 48 56 75 71 77 22 67 99 61 73 83 92 32 
52: 36 44 66 45 85 19 24 71 93 99 23 61 78 58 
53: 63 53 46 61 22 64 2 38 23 1 16 76 73 42 78 71 
54: 64 51 50 92 78 82 11 37 22 1 17 73 55 71 23 90 61 63 
55: 29 90 92 22 68 16 47 28 67 71 8 84 1 
56: 96 14 45 71 93 28 7 90 79 32 61 91 44 10 17 55 94 
57: 43 90 62 63 91 85 73 71 23 6 28 20 82 
58: 8 44 99 7 63 83 56 62 4 78 70 28 16 
59: 28 93 57 8 99 45 2 74 11 73 4 26 9 48 77 
60: 57 58 16 90 71 66 35 24 51 28 64 54 8 7 22 
61: 51 44 63 62 91 6 61 48 45 68 11 37 83 16 71 89 64 28 
62: 100 78 32 83 64 47 51 6 22 17 56 66 71 37 28 85 63 
63: 98 22 48 66 36 32 84 28 34 90 61 74 37 78 71 17 25 
64: 67 43 45 7 44 17 71 15 66 77 61 95 1 63 62 93 
65: 92 63 6 44 78 48 16 83 95 71 58 93 23 26 22 61 
66: 23 31 79 9 62 92 61 44 73 28 71 5 70 47 90 74 
67: 62 63 19 73 56 78 16 64 37 99 11 45 61 28 71 83 
68: 2 35 58 66 37 90 71 28 73 61 16 91 76 83 51 44 8 78 77 
69: 97 44 78 57 24 29 74 28 53 35 16 71 73 63 20 61 
70: 58 28 83 94 27 59 85 44 15 95 71 25 63 20 
71: 27 37 73 93 13 45 8 71 16 48 22 
72: 52 61 71 74 85 46 90 22 73 1 55 27 44 49 17 32 78 58 
73: 45 78 1 61 5 28 17 49 34 6 90 74 29 22 100 32 8 63 14 60 71 
74: 90 82 91 19 29 7 6 23 48 24 61 14 11 79 22 99 
75: 84 83 74 6 85 90 31 55 71 99 27 44 22 37 63 
76: 6 97 50 56 2 64 73 78 93 95 91 37 44 11 57 63 19 
77: 76 41 97 48 7 17 25 37 44 49 78 11 71 63 
78: 54 22 25 44 63 66 95 71 6 32 
79: 78 74 20 88 27 90 1 49 61 28 63 6 91 26 77 71 16 23 
80: 88 57 15 1 56 61 78 71 23 27 66 63 60 
81: 37 17 55 70 90 52 78 11 6 95 22 5 73 2 71 91 74 
82: 61 28 56 86 70 55 64 71 73 100 52 1 79 48 
83: 55 71 90 78 44 7 32 1 61 16 20 23 26 
84: 82 78 5 91 61 77 16 1 28 2 79 17 71 83 11 59 34 99 56 97 19 
85: 31 20 27 70 50 34 13 44 16 94 77 17 33 85 1 26 71 
86: 99 28 71 95 44 91 75 50 61 73 83 31 97 48 56 64 16 22 
87: 74 1 57 63 44 22 6 78 90 27 23 91 82 85 16 70 
88: 86 95 4 45 78 61 96 56 20 73 91 1 16 58 36 63 55 
89: 3 89 82 44 61 90 17 1 93 77 83 2 
90: 50 1 78 54 83 73 56 37 21 16 8 44 45 71 36 58 61 35 
91: 66 73 63 16 71 32 37 17 22 4 51 
92: 68 63 90 83 2 1 8 97 71 78 44 22 6 37 7 100 23 
93: 4 20 5 10 73 11 8 63 2 50 93 83 90 17 23 56 1 19 6 27 97 45 71 100 44 51 
94: 9 6 45 16 91 84 32 70 85 22 59 
95: 77 70 90 71 48 63 31 95 68 11 79 6 99 91 19 50 7 23 2 73 64 85 37 83 16 66 
96: 39 99 2 71 78 22 25 24 46 1 5 19 87 61 8 11 23 
97: 32 23 44 77 66 8 71 64 75 90 61 11 63 28 91 56 48 
98: 60 70 6 7 78 50 56 48 66 88 57 20 8 64 97 71 24 90 23 61 30 26 5 28 
99: 72 47 13 32 1 54 16 11 78 82 71 83 61 66 77 
100: 34 79 37 11 44 71 49 23 100 28 77 85 61 15 78 99 20 17 70 48 45 



Updated preference list above: can be reinput into program.
Duration_ModCreation_milliseconds: 394
Duration_GetSolution_milliseconds: 20
Duration_CollectRes_milliseconds: 0

RawResults: 
22 38 12 91 47 7 41 53 11 79 59 14 15 46 17 24 69 93 73 94 49 70 80 1 95 83 71 85 42 81 25 19 65 33 21 13 40 87 20 75 26 35 30 56 5 48 18 16 89 10 44 36 63 64 29 96 43 8 28 57 51 100 98 67 92 23 62 2 97 58 27 52 45 90 84 6 76 54 78 88 37 61 55 82 31 99 74 86 3 50 66 68 4 9 77 39 32 60 72 34 

Duration_Total_milliseconds: 874

exitCode 0
code/Main_GS completed
