100
1: 22 24 98 28 69 57 100 2 1 58 83 37 72 67 44 
2: 19 49 72 
3: 30 
4: 69 
5: 48 8 79 10 100 17 41 1 73 63 53 26 62 92 32 80 78 4 47 31 14 27 76 93 22 69 83 35 33 15 54 81 46 18 95 52 61 71 51 65 43 85 45 70 98 91 
6: 40 22 64 29 12 31 
7: 15 96 55 85 71 16 64 58 21 
8: 87 18 28 74 34 65 52 76 81 
9: 78 80 14 87 18 58 3 30 48 37 24 83 6 
10: 64 73 63 53 87 83 
11: 36 75 43 99 
12: 76 1 51 84 31 43 74 12 60 30 27 87 15 23 56 92 63 20 66 57 36 70 42 
13: 73 65 7 22 68 62 28 52 67 48 76 55 49 21 39 64 35 82 
14: 59 91 19 24 74 
15: 36 64 62 50 22 86 
16: 71 1 33 14 39 61 90 53 
17: 90 41 8 14 85 64 26 18 48 6 32 91 65 50 
18: 67 2 75 
19: 19 63 33 40 96 17 62 68 50 80 2 22 1 52 3 95 24 58 56 92 64 89 59 9 30 84 4 88 11 66 26 28 78 53 75 14 82 76 81 47 83 49 29 60 8 77 
20: 34 8 12 35 92 3 68 48 69 5 22 14 65 4 54 55 
21: 8 13 43 88 
22: 42 9 93 99 79 33 65 60 1 98 62 49 17 19 74 68 48 64 45 37 97 10 12 85 3 82 6 52 32 58 2 91 23 53 14 41 76 50 67 69 100 20 22 11 73 80 55 4 77 24 18 39 59 86 47 16 
23: 73 98 63 37 60 75 13 58 12 18 61 56 93 62 94 41 82 47 7 70 
24: 45 64 26 82 38 1 40 20 49 25 51 87 48 
25: 54 68 89 47 
26: 75 90 86 43 12 59 49 20 
27: 1 8 97 31 84 54 86 26 5 65 96 47 2 33 38 
28: 77 61 26 80 70 41 45 13 69 64 47 86 2 71 65 66 91 46 100 44 59 11 56 27 68 15 34 60 51 9 79 23 4 72 20 97 49 28 
29: 92 31 39 42 75 40 4 95 87 65 14 57 6 54 49 74 91 35 
30: 6 94 89 8 28 16 73 24 11 
31: 100 68 53 24 35 71 66 74 91 51 
32: 11 8 93 15 25 16 79 6 84 58 31 59 14 74 73 49 54 34 48 52 30 36 
33: 2 37 60 89 56 82 36 46 55 74 77 63 44 88 35 78 94 95 43 12 14 1 84 52 86 49 92 58 4 76 73 3 16 53 42 54 91 23 8 7 100 62 51 96 26 30 22 59 21 85 80 70 50 48 15 68 25 31 66 17 5 99 64 87 45 40 90 69 79 33 65 75 29 93 27 39 71 18 38 32 28 57 6 67 97 13 24 10 47 9 20 19 72 61 83 41 
34: 45 32 6 21 31 41 92 67 
35: 13 22 82 92 31 84 53 30 27 40 24 46 26 37 56 29 80 52 86 93 61 
36: 84 54 43 10 93 27 99 20 100 12 7 9 94 30 42 39 31 46 19 88 26 71 62 55 15 76 64 
37: 84 11 1 
38: 21 12 10 95 13 14 56 9 94 27 79 67 73 33 30 88 70 23 
39: 9 
40: 34 16 93 
41: 58 15 3 13 37 23 27 47 81 22 56 
42: 95 72 13 9 25 30 86 75 8 78 54 59 87 88 97 32 58 27 76 26 92 42 57 96 82 18 60 
43: 2 
44: 59 
45: 67 43 32 64 82 35 73 48 44 20 22 29 60 14 37 59 51 9 7 93 74 95 1 63 
46: 40 30 58 51 36 99 23 76 66 78 7 9 90 45 57 
47: 93 68 58 7 57 14 70 34 74 31 64 15 95 97 
48: 29 73 22 31 11 95 76 43 56 12 84 
49: 38 33 40 48 12 8 54 70 73 90 71 80 1 57 98 
50: 92 97 58 10 71 29 18 87 73 9 34 39 94 16 62 
51: 15 29 39 91 12 
52: 49 25 12 22 79 69 51 33 86 64 46 81 72 90 
53: 35 83 75 1 10 91 8 20 60 74 11 96 72 58 4 
54: 40 
55: 17 99 7 
56: 27 37 33 13 39 88 66 56 57 58 35 79 76 49 100 44 77 47 86 65 
57: 50 39 32 77 96 99 85 
58: 92 98 46 84 41 47 1 24 5 
59: 47 46 64 48 14 
60: 18 28 62 58 88 10 9 1 82 87 
61: 90 55 1 15 61 23 29 68 69 92 6 60 64 67 27 36 57 32 40 86 87 53 31 47 49 82 56 21 30 88 20 76 17 
62: 61 56 92 44 68 
63: 3 52 93 98 58 28 29 4 76 53 89 63 22 71 67 5 73 60 65 91 39 69 78 56 1 85 14 64 90 66 23 55 95 7 87 42 74 79 72 83 92 
64: 23 52 
65: 29 64 84 76 75 80 34 43 98 56 82 44 11 8 22 72 16 36 53 39 41 77 91 12 55 24 6 50 25 87 63 19 94 32 
66: 12 38 18 33 15 
67: 39 100 16 29 92 64 21 10 28 70 61 69 13 35 53 83 54 15 20 14 90 45 65 4 47 89 
68: 37 
69: 44 98 60 89 78 12 21 32 95 34 
70: 28 24 85 34 83 87 10 73 27 62 14 65 5 3 43 76 40 68 91 54 46 
71: 81 46 58 50 71 
72: 81 87 49 88 65 24 
73: 86 58 
74: 20 45 38 82 94 17 13 47 12 93 56 67 22 86 41 34 91 60 18 55 30 96 44 100 52 39 9 75 37 11 54 28 43 
75: 22 100 53 57 76 77 73 61 45 8 
76: 93 58 83 82 89 29 92 32 65 98 81 43 46 84 15 10 
77: 15 82 46 3 28 65 81 35 54 45 40 97 63 16 69 26 62 84 99 5 9 21 78 
78: 18 50 39 75 41 70 59 90 76 91 38 60 62 37 19 
79: 43 65 87 56 53 47 86 50 33 
80: 98 24 25 29 39 
81: 90 34 9 100 79 27 
82: 47 8 69 14 26 74 3 
83: 43 64 44 93 76 90 9 7 88 50 17 11 99 10 40 67 35 91 96 52 2 83 85 57 5 39 37 94 22 
84: 46 59 78 32 56 29 69 65 90 27 87 95 3 41 96 7 86 2 47 73 55 58 99 76 
85: 60 72 63 13 79 49 
86: 28 25 29 
87: 85 3 7 59 18 46 2 52 64 96 19 37 95 
88: 34 44 97 28 74 32 13 
89: 44 92 45 
90: 36 70 46 49 39 87 60 65 61 32 59 100 
91: 8 3 90 49 30 32 20 63 45 68 95 28 23 77 22 39 25 
92: 96 2 76 68 49 80 
93: 94 
94: 73 54 
95: 23 75 72 13 96 73 92 53 95 61 66 
96: 48 25 88 9 77 5 63 23 42 57 28 47 78 85 86 58 96 36 56 18 
97: 6 79 27 13 66 36 73 22 26 
98: 75 28 65 61 88 78 4 24 36 15 76 74 12 95 21 35 20 47 96 68 83 92 29 14 6 71 80 87 46 8 42 34 25 31 73 
99: 49 71 7 96 
100: 63 37 40 72 45 92 96 83 79 
1: 37 53 49 5 12 63 61 58 33 24 60 45 27 1 19 16 22 
2: 43 87 84 18 19 28 83 27 33 92 1 22 
3: 82 63 70 91 87 22 77 84 33 20 9 41 19 
4: 53 33 20 19 5 22 98 63 67 29 28 
5: 58 63 96 70 83 33 20 77 27 
6: 9 97 61 34 98 29 32 22 65 17 33 30 
7: 55 23 84 36 87 83 46 63 33 13 99 45 47 
8: 75 42 5 91 21 53 30 33 19 20 82 49 65 32 27 17 98 
9: 39 46 22 50 81 33 60 42 45 28 83 38 74 19 36 77 96 
10: 76 60 5 33 53 70 50 38 83 36 22 67 
11: 30 32 19 28 83 22 74 65 48 53 37 
12: 51 20 69 48 65 49 26 23 36 33 12 38 52 98 74 6 22 66 
13: 88 28 35 95 97 56 67 21 42 85 38 74 41 33 23 
14: 59 32 29 19 47 20 17 16 82 9 5 45 63 38 33 70 22 98 67 
15: 66 33 41 77 7 36 47 61 5 32 98 28 67 76 12 51 
16: 22 50 33 7 67 40 65 77 30 32 
17: 61 33 19 55 74 22 5 83 
18: 96 42 60 23 74 9 78 22 66 5 17 87 33 8 50 
19: 78 19 33 87 2 36 14 65 22 
20: 26 12 22 74 28 45 98 24 61 91 67 53 33 36 
21: 7 61 33 77 38 69 34 98 13 67 
22: 83 1 41 45 13 91 22 20 65 33 5 19 74 52 75 15 35 6 48 63 97 
23: 38 41 61 46 63 64 96 28 12 95 22 91 33 
24: 72 1 65 14 22 9 70 31 19 58 35 30 33 80 98 
25: 91 32 33 52 80 96 98 24 42 65 86 
26: 97 36 19 28 35 77 5 27 17 33 42 82 24 
27: 81 38 33 35 97 42 56 61 5 12 36 84 70 41 28 
28: 28 77 60 91 1 88 74 19 13 98 70 63 33 30 86 8 67 96 
29: 86 35 48 33 19 61 67 45 84 6 80 63 98 65 76 50 51 
30: 3 9 19 91 33 42 35 74 46 36 12 61 38 32 
31: 6 12 48 5 98 27 47 61 29 34 33 36 32 35 
32: 65 33 5 57 34 45 42 76 61 90 91 88 69 22 17 84 
33: 79 33 16 56 5 38 66 19 22 49 27 52 
34: 69 8 70 20 81 40 28 74 50 32 98 65 88 47 
35: 29 83 56 31 5 53 20 98 67 45 33 13 77 
36: 32 61 97 11 12 65 96 90 15 46 33 98 
37: 68 56 87 33 100 35 83 41 1 9 78 23 45 74 22 
38: 27 33 74 24 49 66 78 
39: 80 29 90 65 78 57 51 36 83 50 56 91 22 13 74 33 16 63 67 
40: 54 77 100 35 70 33 49 19 61 29 46 24 83 6 
41: 33 22 58 74 84 5 17 65 78 34 23 28 
42: 12 42 29 33 98 63 22 96 36 
43: 74 48 26 36 83 65 21 11 12 33 45 79 70 76 5 
44: 1 33 62 83 28 56 89 65 45 74 69 88 
45: 89 5 100 22 77 67 75 91 28 24 74 33 34 46 
46: 70 28 77 71 58 33 52 90 5 59 98 35 87 76 84 36 
47: 25 23 19 59 27 22 84 74 41 5 33 67 56 58 82 61 98 28 79 96 
48: 24 45 5 33 32 22 17 13 59 20 49 96 9 
49: 85 52 29 92 13 32 33 91 24 19 90 22 26 56 72 61 99 28 2 
50: 17 33 65 19 79 71 15 78 57 83 22 
51: 31 24 33 46 5 12 52 28 45 
52: 64 19 87 32 8 35 74 63 5 83 33 22 13 
53: 16 33 31 5 19 95 35 10 65 67 79 75 22 63 61 
54: 94 67 49 25 74 29 70 5 32 77 27 33 20 42 36 
55: 20 7 61 84 63 13 65 33 22 74 36 
56: 41 28 74 19 63 56 23 48 12 62 33 65 84 61 38 79 35 96 
57: 46 33 29 96 12 75 47 61 42 1 83 49 56 
58: 73 42 22 53 84 63 71 60 9 33 7 41 1 76 19 32 46 23 47 96 56 50 
59: 44 42 33 28 26 14 45 84 22 90 78 32 87 19 
60: 42 90 74 19 53 69 12 28 78 61 45 22 85 33 23 63 
61: 35 28 98 95 5 90 33 62 61 75 67 23 16 
62: 50 60 15 22 70 19 23 13 33 36 78 5 77 
63: 45 10 77 5 85 91 12 100 96 63 65 33 23 19 
64: 36 45 59 47 33 6 83 13 22 87 65 28 19 7 67 10 24 52 63 61 17 15 
65: 56 76 77 5 8 84 72 29 70 28 20 90 13 67 22 98 63 17 79 27 33 
66: 95 63 56 19 31 46 28 97 33 12 
67: 34 1 38 18 83 63 22 13 74 45 33 61 
68: 62 70 20 28 61 25 91 92 47 33 98 22 13 31 19 
69: 4 1 82 28 67 33 20 84 77 61 22 63 52 5 
70: 23 5 67 33 49 47 78 12 28 90 38 
71: 71 63 36 50 31 5 98 28 33 7 16 99 49 
72: 2 65 33 63 52 95 1 53 100 85 42 28 
73: 98 45 49 5 33 23 63 50 84 32 13 48 22 10 95 94 38 97 75 70 30 
74: 14 47 29 82 98 8 32 53 63 22 45 31 33 12 88 
75: 18 95 65 98 33 19 53 74 11 23 42 26 78 29 
76: 84 8 98 65 36 12 33 13 70 56 75 19 63 5 78 61 83 42 46 48 22 92 
77: 19 96 91 22 57 33 56 28 75 65 
78: 77 96 46 19 84 63 33 69 98 5 9 42 
79: 100 38 5 56 85 22 28 81 32 63 52 33 97 
80: 92 98 33 22 49 9 35 19 5 28 65 
81: 8 5 52 72 71 76 77 41 19 
82: 13 23 24 35 19 76 74 77 42 61 60 33 22 45 65 
83: 10 83 5 98 76 53 100 9 19 70 1 67 63 33 
84: 48 33 35 36 76 37 27 12 77 32 19 65 58 
85: 57 7 96 22 17 5 63 33 87 70 83 
86: 15 73 61 27 84 35 79 28 22 74 33 96 56 26 42 52 
87: 60 61 8 10 90 29 72 24 50 79 33 98 70 63 9 12 65 42 84 
88: 21 56 96 83 33 72 36 98 42 61 19 60 38 
89: 67 69 19 30 33 25 63 76 
90: 52 61 83 46 33 16 81 78 63 84 26 67 49 17 91 
91: 5 63 14 22 70 17 65 51 53 78 83 33 74 31 29 28 
92: 63 98 33 50 67 95 61 19 58 100 89 5 62 34 76 42 29 35 20 12 
93: 40 35 33 23 76 36 5 47 74 63 83 22 32 45 
94: 93 83 38 30 50 74 65 36 33 23 
95: 87 84 33 98 47 69 91 19 38 29 95 45 5 48 63 42 
96: 99 42 83 84 100 74 95 98 57 53 33 96 27 87 19 92 7 
97: 47 50 88 28 27 22 33 77 42 
98: 49 76 80 1 65 58 69 63 22 23 5 
99: 11 33 36 46 77 83 55 22 84 57 
100: 90 31 56 67 22 74 28 5 36 33 75 1 81 



Updated preference list above: can be reinput into program.
Duration_ModCreation_milliseconds: 331
Duration_GetSolution_milliseconds: 86
Duration_CollectRes_milliseconds: 0

RawResults: 
37 43 82 53 58 9 55 75 39 76 30 51 88 59 66 22 61 96 78 26 7 83 38 72 91 97 81 28 86 3 6 65 79 69 29 32 68 27 80 54 33 12 74 1 89 70 25 24 85 17 31 64 16 94 20 41 46 73 44 42 35 50 45 36 56 95 34 62 4 23 71 2 98 14 18 84 19 77 100 92 8 13 10 48 57 15 60 21 67 52 5 63 40 93 87 99 47 49 11 90 

Duration_Total_milliseconds: 863

exitCode 0
code/Main_GS completed
