70
1: 54 38 66 24 35 51 40 8 70 5 67 49 30 65 27 23 
2: 3 12 67 41 4 24 5 29 66 16 30 19 58 38 15 34 43 
3: 67 70 32 12 39 33 49 65 29 20 14 21 54 66 43 
4: 35 16 4 34 38 40 14 12 19 67 62 66 32 10 1 54 27 20 24 56 33 
5: 55 34 14 24 57 58 20 40 67 32 65 41 27 33 66 49 19 35 
6: 47 36 4 58 14 12 62 40 23 37 49 6 66 67 51 
7: 21 33 35 49 43 5 29 27 14 56 36 42 64 66 20 65 12 30 57 44 70 
8: 44 4 5 67 33 66 25 29 43 70 60 30 51 50 65 24 16 57 
9: 17 44 15 56 57 67 40 38 69 66 33 5 1 19 65 14 54 27 24 49 32 10 
10: 27 29 64 41 33 62 66 67 24 15 16 4 51 2 37 44 38 10 32 
11: 52 36 70 24 69 32 2 29 64 43 50 58 44 47 67 5 17 49 66 57 19 7 
12: 57 14 42 70 32 62 67 63 40 10 49 56 31 24 54 35 1 58 20 65 36 33 
13: 14 32 67 5 33 41 16 36 29 49 30 24 35 43 4 59 69 66 65 57 
14: 46 27 4 43 16 8 66 24 1 30 20 44 49 36 56 32 12 69 37 65 19 33 38 67 
15: 10 42 65 50 49 33 35 67 12 56 66 60 40 14 5 24 19 27 47 70 
16: 68 65 66 10 62 27 40 44 9 70 29 4 5 30 67 43 24 16 56 12 38 
17: 9 20 12 10 5 29 65 35 24 57 67 66 7 40 49 33 
18: 50 49 12 23 67 22 66 30 59 70 15 40 24 20 16 
19: 33 60 14 43 67 70 5 16 49 66 44 58 65 29 35 51 
20: 4 66 42 25 54 65 14 27 24 2 60 11 67 44 40 
21: 12 65 40 70 20 67 66 35 51 29 58 1 33 39 8 
22: 20 14 54 35 51 47 5 42 24 17 6 60 37 58 67 65 12 40 66 34 
23: 19 1 30 40 24 44 29 58 50 66 38 32 5 35 49 51 67 33 25 54 
24: 42 20 29 50 14 66 67 65 5 43 51 33 32 49 17 1 35 19 
25: 70 21 33 40 66 5 57 24 14 67 30 65 41 51 10 
26: 30 49 70 40 24 65 34 66 8 57 67 32 4 
27: 31 58 46 65 33 10 49 63 35 70 66 24 36 40 67 37 19 38 44 30 
28: 59 27 15 5 10 20 4 40 32 35 36 66 39 24 43 67 47 56 
29: 7 35 24 65 70 41 12 44 33 67 40 66 27 32 
30: 26 15 24 65 5 32 38 56 20 14 67 51 66 
31: 51 32 19 70 56 5 66 36 24 15 40 44 12 65 67 30 
32: 40 56 14 66 67 65 29 70 46 24 33 5 42 
33: 11 67 65 66 36 56 40 32 57 47 70 50 4 17 
34: 34 38 20 29 35 6 4 24 14 62 65 67 70 50 44 
35: 29 65 7 24 39 64 51 31 44 3 67 27 35 40 66 69 47 10 49 23 59 70 33 1 
36: 49 24 31 5 66 51 70 47 57 19 35 14 12 36 43 20 67 58 8 65 50 54 3 1 
37: 69 56 40 51 34 32 66 24 10 6 70 30 29 49 27 16 67 14 65 
38: 2 40 8 66 20 30 24 23 44 65 67 32 4 27 51 
39: 45 42 36 38 70 5 33 57 1 16 39 20 58 67 32 10 66 24 29 65 40 
40: 32 10 40 38 67 4 8 33 54 70 47 50 60 68 66 65 24 35 
41: 16 65 4 20 66 19 29 27 64 24 12 10 49 21 36 35 46 67 5 
42: 13 63 32 64 35 33 57 1 19 39 12 38 65 24 14 66 40 67 47 10 16 
43: 38 39 66 65 29 20 32 54 60 12 24 10 27 14 67 36 
44: 58 12 24 27 5 14 65 67 49 40 36 66 35 38 4 70 32 10 
45: 63 36 31 70 14 29 58 65 60 41 39 40 24 47 5 27 67 51 33 22 7 1 
46: 5 38 20 4 67 65 16 70 12 15 21 47 69 32 43 24 35 19 40 66 
47: 24 40 60 32 65 4 20 39 14 70 15 29 67 69 43 27 5 12 64 66 58 
48: 53 33 70 24 44 12 19 23 56 54 51 2 66 49 50 67 5 69 14 
49: 41 66 33 67 29 12 16 30 39 58 20 5 32 24 
50: 56 25 32 38 24 33 58 70 40 65 4 51 67 21 29 66 62 49 12 14 44 
51: 39 59 65 58 7 23 37 27 5 64 24 40 38 66 43 
52: 6 20 24 67 2 31 38 15 56 1 25 62 58 65 29 
53: 62 23 24 29 47 33 5 67 32 69 39 64 10 51 15 20 40 65 66 
54: 18 38 64 10 27 62 65 54 35 67 60 33 57 14 24 66 70 40 12 
55: 64 67 6 36 62 39 24 65 66 38 27 4 33 32 25 40 70 49 2 
56: 15 35 67 27 66 25 62 56 60 1 4 12 40 10 70 14 58 38 6 24 
57: 60 44 40 24 64 43 27 66 5 25 10 37 62 35 67 51 
58: 25 36 70 32 27 14 58 49 40 67 63 66 65 1 33 6 19 10 7 
59: 8 40 29 65 50 27 66 20 32 67 38 12 30 49 
60: 66 4 34 12 46 3 37 40 64 33 24 17 31 35 30 29 32 
61: 22 70 65 4 14 24 10 38 40 66 32 56 5 67 41 
62: 61 51 24 29 57 66 40 64 15 7 67 33 5 43 14 32 17 58 12 10 65 
63: 28 40 65 70 58 47 62 32 56 67 33 24 12 16 41 4 39 66 
64: 37 65 36 52 54 20 16 32 44 40 49 70 51 5 60 67 66 
65: 65 35 51 27 24 7 44 40 53 15 36 32 39 58 66 16 12 1 67 6 
66: 36 38 32 67 40 65 51 19 57 4 66 24 35 2 60 63 49 
67: 48 66 20 34 6 64 24 65 70 33 44 35 67 38 
68: 43 49 5 66 12 39 32 67 23 29 19 51 38 
69: 1 5 35 43 32 40 58 63 67 14 51 65 33 70 27 66 47 15 
70: 23 38 4 20 29 12 27 35 70 24 30 67 50 19 36 47 65 33 41 32 
1: 9 14 23 58 56 39 24 42 4 12 35 65 21 45 36 52 69 
2: 48 66 10 55 11 20 52 38 
3: 36 60 35 2 
4: 4 13 16 63 40 70 10 26 28 2 55 8 66 41 33 38 44 61 60 6 50 34 46 14 56 47 20 
5: 25 11 22 24 8 39 15 28 45 30 17 1 62 49 2 32 64 31 51 69 61 57 44 16 9 23 13 7 68 41 48 53 47 19 36 46 
6: 34 56 55 67 22 6 58 37 65 52 
7: 62 45 58 51 17 65 11 35 29 
8: 14 38 26 36 1 21 40 59 
9: 16 17 
10: 39 57 61 42 35 54 12 27 16 40 4 43 10 53 56 17 9 28 62 25 58 44 41 37 15 
11: 20 33 
12: 41 31 43 42 47 4 22 70 59 14 54 60 44 29 65 15 48 63 46 49 68 18 50 2 62 16 17 3 56 36 7 6 21 
13: 42 
14: 3 25 9 15 44 4 22 47 34 62 37 69 45 56 12 43 32 7 24 48 6 61 19 5 58 30 36 20 54 50 42 13 
15: 69 18 9 47 52 46 62 31 65 53 30 10 28 2 56 
16: 49 14 10 37 19 4 65 16 46 13 42 63 64 8 2 39 18 41 
17: 33 24 11 22 62 60 9 
18: 54 
19: 4 27 46 9 42 66 58 15 24 48 5 68 2 41 36 11 31 14 70 23 
20: 17 52 64 21 3 7 67 49 47 24 14 30 53 59 70 28 34 4 46 39 5 43 38 12 41 36 18 22 
21: 41 3 46 25 50 7 
22: 45 18 61 
23: 68 48 51 1 35 38 18 53 6 70 
24: 49 70 11 46 31 4 43 57 23 65 5 29 27 12 18 32 37 60 9 39 50 54 55 48 1 25 28 26 42 15 34 53 63 51 8 52 22 14 61 38 44 41 30 35 45 20 62 13 36 67 2 66 10 56 17 16 40 47 
25: 23 52 56 20 50 57 55 8 58 
26: 30 
27: 20 38 14 5 45 56 58 16 15 51 65 29 44 59 69 43 55 1 35 41 37 28 47 4 9 70 57 54 7 10 
28: 63 
29: 39 17 23 8 47 13 45 32 50 11 34 62 43 70 37 7 53 16 52 60 2 49 19 24 10 68 21 59 41 3 35 
30: 7 70 49 31 13 59 27 16 37 60 23 38 14 2 1 18 8 25 26 
31: 45 36 12 60 35 52 27 
32: 69 23 42 70 64 31 50 33 12 46 47 60 44 37 58 53 11 30 10 3 38 9 39 49 55 59 13 28 63 61 4 26 66 68 62 5 14 24 43 65 29 40 
33: 27 70 49 60 24 14 3 32 15 40 13 8 7 9 58 21 39 29 62 17 45 48 69 12 63 5 25 23 50 54 4 55 42 35 53 10 67 19 
34: 5 2 26 22 4 60 37 67 34 
35: 28 57 67 34 56 42 44 1 23 13 24 60 65 17 15 29 54 7 22 21 70 66 69 35 5 46 36 19 41 12 27 40 4 
36: 27 65 39 70 44 36 58 12 11 55 28 13 14 31 41 43 33 7 45 64 6 66 
37: 57 14 60 10 6 22 51 27 64 
38: 2 10 30 27 34 54 52 9 70 46 55 44 4 40 67 51 16 50 14 42 56 66 59 39 61 23 68 1 43 
39: 42 3 49 43 39 55 65 35 53 21 28 47 45 68 63 51 
40: 20 46 69 16 23 59 60 37 66 25 35 18 21 58 51 5 29 55 53 64 31 27 22 15 57 4 50 40 28 62 63 54 17 6 56 38 39 12 65 61 26 42 1 9 47 45 44 33 32 
41: 2 10 25 45 70 29 61 63 5 13 49 
42: 20 39 12 7 15 32 22 24 
43: 14 2 51 46 36 16 57 11 24 69 62 19 3 28 7 8 13 47 68 
44: 57 23 31 38 20 16 35 11 10 48 7 14 67 65 27 29 19 34 64 9 50 8 
45: 39 
46: 60 27 41 32 14 
47: 11 35 63 22 69 28 33 40 45 36 42 15 53 46 70 6 
48: 67 
49: 64 5 7 44 9 50 15 37 11 12 48 27 59 6 14 68 35 1 23 26 55 3 19 13 18 66 17 24 41 58 36 
50: 59 24 70 23 11 48 8 40 15 33 34 36 18 
51: 57 62 53 10 48 37 69 30 64 36 38 19 6 25 50 21 68 66 23 24 1 22 35 45 8 65 31 
52: 64 11 
53: 65 48 
54: 54 40 36 12 22 23 20 48 4 43 3 9 64 1 
55: 5 
56: 12 14 7 63 31 52 9 48 15 4 28 37 56 61 33 30 32 16 50 
57: 54 42 39 13 25 9 5 17 11 33 66 36 7 62 26 8 12 
58: 56 11 36 2 63 50 58 65 51 22 19 69 21 12 23 52 39 62 27 49 45 47 5 6 44 
59: 35 51 13 18 28 
60: 19 20 56 47 54 66 45 40 43 8 22 64 15 57 
61: 62 
62: 16 56 10 4 57 52 12 54 50 34 55 63 6 53 
63: 12 58 27 66 42 69 45 
64: 62 42 41 35 54 60 11 10 7 47 53 51 67 57 55 
65: 31 26 36 1 45 59 39 5 33 63 3 47 51 19 40 70 61 37 7 17 67 16 13 8 20 53 9 64 22 30 38 14 25 58 62 35 44 69 15 34 55 24 66 27 43 29 46 42 32 50 21 41 12 54 52 65 
66: 43 35 22 59 32 47 27 44 36 28 3 41 48 62 49 61 66 37 56 58 7 10 5 24 65 42 38 29 67 69 14 23 16 40 30 19 6 54 46 31 51 11 18 68 55 21 15 13 8 1 17 9 25 4 2 26 39 64 57 63 53 33 20 50 60 
67: 55 18 37 50 24 31 45 41 62 66 61 8 11 15 2 49 21 28 9 6 44 16 53 48 5 64 12 34 67 27 43 69 14 22 63 1 10 39 4 59 47 57 25 26 35 52 30 58 36 33 56 65 42 70 20 19 17 54 13 68 23 46 29 32 40 38 3 
68: 40 16 
69: 48 11 53 14 46 35 47 9 13 37 
70: 12 16 36 15 1 50 31 26 37 63 45 35 19 70 33 18 69 11 58 40 47 67 46 32 29 64 21 7 55 34 27 56 61 48 39 8 54 44 3 25 



Updated preference list above: can be reinput into program.
Duration_ModCreation_milliseconds: 421
Duration_GetSolution_milliseconds: 53
Duration_CollectRes_milliseconds: 0

RawResults: 
54 3 67 35 55 47 21 44 17 27 52 57 14 46 10 68 9 50 33 4 12 20 19 42 70 30 31 59 7 26 51 40 11 34 29 49 69 2 45 32 16 13 38 58 63 5 24 53 41 56 39 6 62 18 64 15 60 25 8 66 22 61 28 37 65 36 48 43 1 23 

Duration_Total_milliseconds: 731

exitCode 0
code/Main_GS completed
