70
1: 20 39 45 32 12 41 33 36 9 52 15 61 55 3 60 
2: 58 34 44 56 12 33 55 36 67 26 
3: 35 56 26 33 70 59 10 21 20 58 67 44 41 32 
4: 23 29 60 30 10 31 45 44 36 33 56 20 
5: 49 31 56 52 44 20 6 34 32 7 21 33 24 53 3 
6: 64 44 50 55 41 21 52 67 32 36 35 34 47 
7: 30 6 58 32 11 55 41 3 25 10 13 66 69 56 34 
8: 33 41 29 24 21 52 3 
9: 24 7 60 44 52 31 21 55 13 
10: 44 21 67 12 52 7 24 36 
11: 14 44 67 32 56 65 55 52 
12: 13 33 56 24 29 41 44 32 67 20 55 31 52 19 18 12 
13: 48 55 36 41 16 21 67 33 30 52 34 32 
14: 29 52 44 3 45 33 12 23 60 17 20 32 
15: 15 13 35 45 33 21 31 39 70 65 32 3 67 
16: 46 3 26 52 56 36 33 29 41 20 32 13 
17: 40 3 60 32 10 33 28 53 23 31 15 52 9 
18: 53 41 17 52 10 60 36 33 50 14 35 11 55 58 12 1 
19: 59 61 13 14 36 47 52 33 3 23 
20: 63 47 28 13 23 33 59 70 55 48 32 52 16 36 
21: 51 12 60 20 9 65 67 36 31 33 66 
22: 5 35 36 65 62 12 23 41 29 52 33 
23: 54 32 67 56 33 21 44 60 20 30 9 66 29 
24: 7 67 70 55 63 13 56 28 31 23 52 10 24 32 
25: 34 66 26 16 60 33 44 29 32 53 58 12 14 21 52 
26: 32 36 33 56 21 52 66 23 
27: 19 21 55 41 11 35 29 65 52 31 34 
28: 69 33 41 3 52 20 
29: 18 52 36 70 31 30 44 66 3 62 41 34 
30: 70 36 25 31 66 23 41 13 10 33 2 52 55 20 12 44 14 
31: 43 52 33 67 26 47 57 36 70 41 61 53 51 20 44 35 
32: 56 55 41 21 58 52 70 33 67 39 65 3 28 13 35 12 32 
33: 17 35 52 50 36 3 9 20 70 41 66 32 67 23 33 21 
34: 45 44 55 3 52 53 29 33 35 67 41 32 21 11 
35: 1 12 3 26 41 18 52 44 32 25 33 
36: 60 10 32 52 24 41 33 
37: 39 36 35 33 67 29 10 31 70 21 44 52 59 
38: 8 33 44 41 55 67 65 3 66 20 29 62 32 15 
39: 41 18 36 70 24 20 12 35 32 3 67 
40: 22 32 3 33 24 12 21 52 55 29 
41: 62 35 33 20 66 60 3 36 28 31 45 
42: 55 52 15 17 39 33 24 35 36 
43: 42 55 29 11 59 70 12 52 33 14 47 32 
44: 28 53 55 20 52 70 35 21 12 61 29 36 
45: 38 17 3 34 26 33 9 39 41 32 66 35 20 25 21 47 
46: 25 21 52 61 16 33 32 67 36 58 15 
47: 31 3 24 15 52 41 19 67 35 33 1 55 32 
48: 10 52 36 33 35 55 12 32 24 23 3 44 
49: 11 15 55 6 3 70 33 52 32 31 36 66 
50: 37 21 52 34 3 56 15 14 36 44 31 33 70 
51: 27 52 56 30 61 13 60 20 3 36 14 47 41 55 
52: 61 70 32 6 36 21 31 41 26 20 52 
53: 36 44 63 33 67 52 11 58 3 70 15 31 41 20 
54: 52 55 36 60 9 34 32 66 56 65 
55: 47 45 24 14 56 32 33 58 36 52 10 
56: 3 36 16 34 12 67 33 58 52 55 68 
57: 26 22 21 20 56 35 39 36 52 47 33 34 12 66 32 31 41 67 
58: 2 52 67 6 66 58 33 12 26 45 35 
59: 50 30 62 55 21 67 44 56 52 33 41 66 32 15 10 
60: 6 33 27 52 41 51 
61: 21 33 32 10 36 67 31 23 60 41 3 29 52 
62: 16 32 35 52 33 3 20 44 66 70 65 58 12 39 
63: 9 62 44 36 31 52 70 
64: 67 65 12 50 24 30 35 10 41 52 3 21 16 32 
65: 66 15 67 17 29 60 33 16 58 26 19 44 14 36 21 32 47 52 
66: 12 3 33 32 66 35 52 67 36 
67: 65 67 44 26 52 3 36 60 66 58 33 32 
68: 57 44 70 31 39 12 21 27 36 52 67 34 28 62 33 
69: 68 41 21 20 67 3 29 47 12 36 34 
70: 4 65 55 67 58 52 36 33 12 21 
1: 18 47 35 
2: 30 58 
3: 48 69 49 5 29 67 19 16 38 61 34 1 53 15 7 8 14 41 45 47 50 64 51 39 62 17 40 32 28 35 66 33 56 
4: 70 
5: 22 
6: 7 5 52 49 58 60 
7: 10 9 5 24 
8: 38 
9: 54 23 17 33 1 21 45 63 
10: 36 24 3 55 61 37 64 7 17 30 4 59 18 48 
11: 27 53 43 18 7 34 49 
12: 62 44 21 56 12 64 22 25 18 39 58 32 1 14 68 2 43 30 35 10 48 57 40 69 70 66 
13: 16 32 20 51 7 24 19 30 15 9 12 
14: 55 50 65 43 19 30 51 25 18 11 
15: 53 47 38 59 49 50 1 65 42 17 46 15 
16: 13 64 56 46 25 65 20 62 
17: 18 45 65 14 42 33 
18: 12 35 39 29 
19: 12 47 65 27 
20: 33 45 57 30 69 44 16 23 5 38 28 21 62 39 4 31 3 41 53 14 52 12 51 1 
21: 34 32 3 6 64 33 26 9 25 27 52 45 57 59 15 46 23 10 69 40 8 44 37 70 65 50 5 68 13 61 
22: 57 40 
23: 26 30 61 24 17 48 22 14 19 33 20 4 
24: 55 8 12 36 10 64 40 24 48 5 47 42 39 9 
25: 7 45 35 30 46 
26: 67 58 25 3 2 35 31 65 16 45 52 57 
27: 60 68 51 
28: 41 24 20 17 68 32 44 
29: 12 44 43 23 40 65 22 61 69 4 25 27 34 8 37 16 38 14 
30: 4 29 13 23 59 51 64 7 
31: 12 17 63 57 68 27 4 41 30 50 9 53 37 52 29 61 5 21 24 15 49 47 
32: 11 20 35 6 38 40 64 33 47 25 12 5 65 34 17 67 66 23 48 24 43 61 36 55 15 46 49 13 3 57 14 62 16 1 32 52 59 39 54 7 45 26 
33: 68 49 57 41 66 28 17 37 65 38 34 47 13 4 31 53 19 25 40 22 50 30 33 26 48 70 67 5 62 60 16 18 23 12 2 46 21 55 15 58 61 35 32 20 43 45 14 59 3 1 36 56 42 8 
34: 50 57 69 6 2 13 56 45 68 5 29 54 27 7 25 
35: 27 33 31 18 32 37 22 39 48 57 62 45 47 6 44 34 66 58 15 64 41 42 3 
36: 65 68 50 63 1 26 56 19 57 61 16 69 67 4 21 29 46 20 30 18 52 48 6 37 49 33 22 51 66 2 10 39 31 41 42 44 54 70 55 13 53 
37: 50 
38: 45 
39: 62 1 57 68 32 42 15 45 37 
40: 17 
41: 32 59 3 16 28 30 7 60 18 57 61 1 8 29 45 31 35 33 51 13 34 64 69 36 53 47 38 22 52 27 6 12 39 
42: 43 
43: 31 
44: 2 67 65 53 12 14 30 48 68 63 11 35 31 62 50 38 29 34 9 5 25 6 4 23 59 3 37 10 
45: 41 4 15 1 58 14 55 34 
46: 16 
47: 69 31 51 57 20 19 6 65 43 45 55 
48: 20 13 
49: 5 
50: 33 64 6 18 59 
51: 60 31 21 
52: 33 37 19 22 67 6 25 59 52 18 61 62 5 13 9 43 63 42 46 16 56 29 47 50 28 30 32 27 57 70 26 48 1 11 44 31 14 34 51 8 53 35 60 66 40 12 68 49 17 65 24 58 55 20 10 64 36 54 
53: 44 17 25 31 34 5 18 
54: 23 
55: 32 2 54 56 59 13 38 40 12 44 11 48 27 20 9 43 70 1 6 49 7 18 24 51 34 47 30 42 
56: 4 12 24 51 2 11 3 7 57 26 55 16 54 50 5 59 23 32 
57: 31 68 
58: 70 46 56 18 32 7 55 3 25 58 65 67 53 62 2 
59: 37 43 3 20 19 
60: 1 65 4 23 54 21 51 67 9 25 17 61 14 18 41 36 
61: 51 46 44 19 1 31 52 
62: 68 38 22 63 59 29 41 
63: 53 24 20 
64: 6 
65: 54 15 62 22 32 64 38 70 27 21 11 67 
66: 62 67 58 66 29 25 57 21 26 30 23 45 59 49 54 33 41 7 38 65 
67: 3 15 47 46 12 6 53 59 39 58 31 69 34 2 13 11 21 37 57 61 33 68 67 66 56 24 38 65 70 10 32 23 64 
68: 56 69 
69: 7 28 
70: 63 37 33 3 31 50 20 15 62 24 43 44 29 52 53 68 39 49 32 30 



Updated preference list above: can be reinput into program.
Duration_ModCreation_milliseconds: 313
Duration_GetSolution_milliseconds: 14
Duration_CollectRes_milliseconds: 0

RawResults: 
20 58 35 23 49 64 30 33 24 44 14 13 48 29 15 46 40 53 59 63 51 5 54 7 34 32 19 69 18 70 43 56 17 45 1 60 39 8 41 22 62 55 42 28 38 25 31 10 11 37 27 61 36 52 47 3 26 2 50 6 21 16 9 67 66 12 65 57 68 4 

Duration_Total_milliseconds: 693

exitCode 0
code/Main_GS completed
