60
1: 3 31 15 45 43 6 13 17 2 51 23 19 60 4 50 49 54 14 9 25 39 35 48 20 52 58 28 53 16 57 40 12 44 24 37 33 56 5 8 7 59 21 41 22 38 34 11 42 1 29 30 27 10 55 32 36 47 46 18 26
2: 19 11 5 2 27 29 25 50 33 47 13 51 31 44 46 35 20 28 6 59 14 52 49 30 26 16 4 9 24 18 32 15 34 23 17 54 1 39 36 8 41 7 3 22 53 12 43 42 38 57 48 10 21 56 45 40 60 55 37 58
3: 32 23 21 6 9 16 4 41 25 35 48 20 30 54 11 7 31 5 17 51 12 3 60 40 27 28 49 43 1 33 44 57 55 46 53 14 50 34 47 19 45 24 56 13 10 26 58 52 36 42 2 22 18 38 29 15 8 39 37 59
4: 21 13 38 15 42 2 11 35 7 56 22 39 34 8 54 49 23 31 16 29 18 36 51 46 43 19 24 52 25 59 17 44 1 47 4 53 20 55 10 5 57 30 9 58 14 12 3 33 40 26 48 28 45 37 27 60 32 41 50 6
5: 28 23 9 32 59 15 8 39 44 37 13 2 47 29 11 46 56 19 58 41 24 4 53 55 43 52 57 16 30 51 22 7 10 18 33 25 21 12 1 26 6 40 20 34 38 35 31 50 36 27 14 45 49 42 48 60 5 17 54 3
6: 7 5 27 45 54 11 28 9 57 47 36 21 17 4 46 48 23 12 52 34 15 41 8 43 24 13 26 18 33 39 51 14 1 29 16 49 22 50 10 3 20 19 25 60 31 2 32 44 40 30 37 55 56 38 58 42 59 6 35 53
7: 47 30 48 29 19 46 17 25 45 9 34 60 27 59 35 54 37 5 41 36 1 32 3 26 12 40 51 10 52 42 28 2 31 18 15 49 58 7 4 21 57 44 56 22 33 6 11 43 39 55 23 16 8 50 53 14 24 13 38 20
8: 37 41 20 51 4 28 48 21 32 40 1 55 45 56 49 38 5 47 50 36 33 59 3 29 2 6 11 53 15 30 34 14 54 27 24 35 60 44 19 58 22 18 52 23 26 13 46 7 57 16 17 10 42 25 39 12 8 43 9 31
9: 3 2 26 56 41 22 46 8 36 14 51 55 17 25 49 1 34 21 18 31 57 54 43 30 33 42 52 12 5 40 28 32 35 6 4 19 27 11 38 37 48 47 50 7 15 44 59 9 24 16 58 10 53 13 20 39 45 23 29 60
10: 34 42 26 38 44 27 29 45 56 5 1 47 33 14 31 17 40 24 6 2 12 8 43 59 18 36 46 51 54 53 25 22 20 23 10 16 58 39 13 57 60 35 9 52 19 21 48 28 3 11 15 7 30 37 55 49 41 32 50 4
11: 2 23 50 60 34 22 37 28 41 1 36 10 55 29 53 58 4 59 40 18 16 38 20 43 48 9 26 27 45 25 31 46 17 56 54 6 35 11 15 42 32 5 14 44 51 13 8 30 21 52 7 39 33 3 49 24 19 47 57 12
12: 18 43 48 21 2 25 41 58 32 52 40 49 14 17 4 29 11 50 46 59 51 1 3 26 44 5 27 24 31 23 8 16 28 37 38 45 15 60 54 47 55 34 19 30 6 33 10 56 42 53 20 12 35 39 36 13 57 7 9 22
13: 19 25 60 33 18 26 20 32 40 46 9 42 12 58 41 1 3 39 6 51 7 24 27 47 43 55 28 34 13 56 53 15 44 17 30 31 23 21 5 4 36 8 59 48 16 2 14 10 52 57 22 38 45 37 29 50 54 49 11 35
14: 38 54 41 9 3 22 14 49 1 26 16 48 46 7 19 59 17 27 10 13 43 37 28 20 50 24 29 5 40 25 42 55 47 34 2 33 6 23 52 60 4 53 57 35 15 58 45 30 8 51 31 39 36 18 12 56 11 21 32 44
15: 48 58 20 45 1 57 7 22 5 28 32 30 24 29 50 54 59 14 36 18 35 31 53 10 60 33 44 23 34 16 13 40 47 12 46 27 19 15 55 6 43 56 3 8 39 21 26 2 37 38 9 49 41 42 4 51 25 52 11 17
16: 16 36 11 43 22 60 58 26 4 12 8 20 45 53 54 49 32 18 25 52 27 21 55 39 15 3 50 44 6 42 24 40 14 41 19 23 7 37 30 1 9 2 5 47 48 59 17 28 13 57 29 46 31 35 33 56 51 10 38 34
17: 36 32 38 53 23 7 2 5 41 58 44 22 12 34 45 60 51 24 47 26 14 56 8 6 54 59 4 28 20 57 33 18 52 25 31 40 50 11 55 39 3 13 49 46 30 35 1 27 19 48 21 15 10 17 16 43 29 42 37 9
18: 58 52 36 20 60 40 6 2 35 41 29 8 37 25 46 30 51 48 57 14 5 32 59 12 4 45 27 26 56 39 50 16 13 47 24 55 11 17 22 21 10 15 44 54 9 1 42 38 23 33 18 19 43 28 7 31 3 34 49 53
19: 23 5 45 31 25 27 36 42 44 49 37 1 24 7 21 34 20 16 10 15 28 48 30 32 46 26 41 2 53 14 57 56 39 54 22 11 13 47 52 19 35 29 51 43 8 33 50 4 3 9 59 38 12 58 17 18 6 60 55 40
20: 23 24 30 20 59 5 21 56 57 58 43 60 18 29 2 27 40 50 55 48 34 32 22 26 45 25 8 10 52 14 11 46 15 37 36 35 19 33 16 47 7 49 39 53 51 42 13 44 41 12 38 28 9 31 4 17 1 54 6 3
21: 17 26 22 36 46 23 12 47 14 28 21 52 43 37 20 18 51 55 2 57 39 54 41 50 60 10 42 3 13 5 29 32 19 45 44 40 48 6 34 59 7 33 53 1 9 35 49 8 16 30 24 27 38 56 11 25 58 4 31 15
22: 46 39 26 32 1 25 14 20 29 24 50 11 60 53 43 58 4 49 28 35 10 45 7 23 17 13 9 2 16 3 55 15 59 36 51 56 31 21 27 22 54 8 47 40 44 6 12 37 41 38 30 33 48 5 19 34 57 52 42 18
23: 51 38 21 11 20 35 18 32 17 52 59 24 6 16 25 53 42 56 39 26 49 14 57 48 27 34 4 40 2 60 22 47 29 28 44 43 12 33 46 37 10 23 13 50 19 41 9 7 54 5 1 45 55 8 58 31 36 30 15 3
24: 27 1 45 53 26 18 52 16 43 60 5 11 20 34 56 9 49 3 46 39 55 28 22 13 4 23 57 15 37 32 31 24 8 2 30 29 14 40 36 19 7 54 12 17 51 59 38 10 44 48 50 58 6 41 25 21 47 33 42 35
25: 16 22 26 54 6 21 36 55 2 58 18 60 3 13 46 51 33 14 48 49 24 27 50 32 52 4 45 56 29 7 43 35 17 8 44 38 31 10 9 20 37 11 39 12 59 41 40 19 53 23 34 5 42 28 30 25 1 47 15 57
26: 26 44 2 54 3 4 45 9 52 10 48 20 39 6 15 24 40 7 31 33 34 47 41 1 19 22 29 5 55 27 60 16 49 13 46 17 51 32 28 38 21 36 37 50 57 35 58 18 23 30 25 43 53 56 59 42 11 14 12 8
27: 42 11 50 5 37 2 3 39 15 26 53 34 29 56 22 16 13 24 51 8 47 6 59 1 46 33 55 30 9 57 54 7 49 58 52 36 14 44 38 43 45 4 27 12 31 41 20 60 25 23 10 21 19 35 48 32 18 17 40 28
28: 2 10 20 11 51 45 6 48 21 55 43 37 7 8 42 29 46 58 1 38 4 53 57 47 26 5 24 18 15 35 17 52 59 9 54 31 25 13 40 14 22 12 44 33 50 39 16 27 36 23 41 3 32 28 60 30 19 49 34 56
29: 12 59 3 30 31 58 34 18 60 19 44 5 14 45 55 11 27 46 13 36 42 48 49 56 41 23 38 2 57 37 54 43 39 52 10 15 32 20 40 8 17 1 24 9 51 4 25 22 16 26 6 28 33 47 35 50 29 21 53 7
30: 32 58 53 27 39 40 26 14 34 16 29 1 44 47 2 30 51 22 56 42 23 4 19 5 9 52 24 8 43 15 10 21 38 12 55 25 46 36 60 41 6 35 17 48 37 59 3 31 18 54 7 49 28 11 33 50 13 45 57 20
31: 17 6 26 32 14 21 4 36 38 49 25 15 57 52 5 46 47 20 18 2 39 3 37 23 22 58 10 13 43 1 30 24 9 48 11 35 33 41 16 28 60 31 42 59 51 45 12 27 56 44 8 19 55 34 7 40 50 54 29 53
32: 21 24 18 41 35 17 27 49 10 14 13 32 19 33 56 50 9 3 57 15 8 11 48 16 22 45 52 31 42 39 47 54 43 29 44 36 28 30 51 1 46 37 59 4 25 26 40 6 55 20 38 53 58 60 5 23 7 12 2 34
33: 9 31 55 56 51 58 6 4 60 8 28 50 38 52 46 40 44 30 26 24 3 49 29 12 16 57 54 17 25 21 45 19 18 13 7 37 20 39 22 42 47 5 33 32 53 48 35 36 27 59 23 41 11 2 15 1 34 43 10 14
34: 60 44 56 3 58 59 22 8 11 36 4 23 7 50 13 39 37 53 1 2 29 46 57 52 38 15 27 35 40 28 9 17 5 19 16 51 48 55 30 43 47 24 20 45 12 25 41 32 26 49 10 33 14 54 34 42 31 21 6 18
35: 9 37 24 50 44 27 21 18 40 51 46 3 45 49 6 41 8 22 58 60 14 26 53 33 13 57 35 4 10 39 29 43 2 11 16 54 17 32 25 20 12 56 52 19 7 28 5 38 36 48 42 55 23 34 31 15 30 47 59 1
36: 27 56 32 47 55 9 33 51 7 60 24 11 43 25 45 12 37 8 40 49 3 14 50 29 44 34 41 52 48 54 59 42 46 5 35 38 39 2 18 6 57 13 28 26 36 30 31 20 58 19 10 16 21 17 53 1 23 15 4 22
37: 59 38 47 2 30 5 55 35 10 34 44 49 7 43 36 11 22 28 39 9 25 6 4 58 37 15 29 1 54 52 56 51 33 16 46 23 60 57 12 42 50 20 8 14 53 45 26 32 19 13 31 3 41 18 48 27 24 21 40 17
38: 35 7 29 34 36 57 19 26 58 52 38 55 31 27 23 33 30 28 18 44 49 4 60 2 13 53 21 50 42 16 43 41 17 40 25 56 14 3 8 45 9 46 59 32 6 51 20 5 10 54 1 47 24 12 48 22 39 11 37 15
39: 43 18 52 23 15 57 24 20 50 38 5 19 34 32 41 26 59 39 14 42 9 28 29 46 2 56 17 13 53 11 35 27 8 1 55 10 3 30 60 22 7 44 49 25 48 40 45 6 33 21 36 16 37 12 51 31 4 54 47 58
40: 48 47 28 45 60 15 30 2 37 46 16 18 50 42 7 49 1 57 14 40 5 41 10 4 29 26 23 21 9 52 19 35 13 3 34 53 51 56 54 55 44 39 27 8 22 6 24 17 58 59 36 12 31 25 32 20 38 33 43 11
41: 32 54 2 51 56 26 43 18 53 8 46 45 38 50 55 49 5 34 22 58 29 59 30 52 21 13 11 19 3 41 20 35 10 44 7 25 33 39 4 47 28 12 31 6 16 14 24 57 37 27 9 23 60 17 36 40 15 1 48 42
42: 28 17 15 20 32 33 42 26 53 59 16 25 57 30 31 54 46 48 47 39 19 60 55 43 41 5 21 14 3 7 2 8 40 13 6 49 10 50 56 4 11 58 35 12 45 52 9 38 44 23 1 34 18 22 27 24 29 51 36 37
43: 8 33 25 29 59 28 14 12 4 32 3 18 57 47 54 40 15 23 22 24 19 51 60 45 37 1 48 34 26 39 41 56 50 31 9 11 49 2 20 55 46 16 21 5 27 52 35 7 17 10 13 58 6 36 42 44 53 43 38 30
44: 4 8 38 36 39 58 40 21 33 13 17 60 23 34 7 45 12 42 14 56 51 37 28 2 24 54 3 59 47 29 57 53 16 22 44 15 30 41 18 52 43 32 10 55 26 27 11 25 1 19 49 9 48 6 5 46 35 20 50 31
45: 44 50 24 7 54 35 52 6 40 59 41 2 4 10 60 53 46 48 21 30 5 58 37 27 26 17 9 19 23 15 13 49 47 33 38 42 22 51 57 11 28 56 43 16 29 32 1 34 18 3 20 25 31 36 55 39 12 45 8 14
46: 52 4 28 46 56 47 36 58 11 35 57 49 17 5 27 39 40 41 32 24 12 26 1 43 15 13 48 25 33 7 50 9 2 20 10 8 14 18 37 29 22 6 55 21 45 59 30 16 53 42 19 23 34 51 3 38 54 31 60 44
47: 48 40 16 32 50 24 36 19 21 42 7 46 6 45 33 28 2 3 59 56 30 22 53 26 55 20 29 25 15 41 34 51 38 5 4 57 14 44 58 49 37 23 11 31 12 17 13 18 54 27 35 8 52 10 39 60 1 43 9 47
48: 37 16 21 20 12 58 26 35 56 43 45 5 13 25 4 60 30 34 24 57 15 49 8 38 14 41 36 44 52 6 40 11 19 48 18 59 3 7 55 39 42 22 51 53 2 28 32 50 29 1 27 47 9 10 23 17 31 46 54 33
49: 41 11 32 59 9 12 30 21 47 7 56 19 2 37 38 35 24 31 54 16 46 27 10 22 20 33 23 49 8 60 3 29 28 48 14 40 53 18 58 44 42 4 15 55 6 50 1 34 5 51 26 52 57 36 43 45 17 13 25 39
50: 32 41 4 29 47 54 30 56 17 1 58 52 46 19 20 34 5 11 7 40 23 53 51 45 28 44 25 21 57 13 3 33 6 16 10 59 60 8 39 15 55 22 38 36 27 35 12 42 14 31 9 43 26 18 37 24 49 48 50 2
51: 13 51 38 19 16 23 22 11 15 9 35 31 17 32 26 39 29 14 50 24 21 46 18 33 6 59 43 3 58 28 42 40 49 44 25 4 2 36 30 27 37 52 57 1 34 10 20 48 60 7 54 47 41 55 5 53 12 8 45 56
52: 58 46 4 26 18 34 12 49 27 56 43 39 23 47 8 51 32 2 19 30 57 13 37 7 53 3 31 17 11 33 22 6 36 40 5 60 14 44 25 45 50 38 20 41 29 9 1 21 15 35 55 24 59 28 42 10 54 52 16 48
53: 15 26 8 23 46 22 11 39 53 6 18 5 36 44 28 3 13 30 2 48 20 16 52 33 43 29 40 47 37 19 9 32 17 25 49 55 10 12 56 57 35 59 60 42 1 24 27 4 51 41 21 58 7 34 14 38 54 45 31 50
54: 53 27 2 10 52 60 12 23 37 7 13 47 49 29 5 9 6 30 44 39 28 16 33 56 22 59 11 17 45 48 21 31 25 54 42 4 20 26 36 57 14 55 51 38 18 50 40 34 19 32 3 15 24 1 58 46 41 35 43 8
55: 1 14 54 18 8 35 12 51 56 26 32 11 45 58 44 21 34 46 38 15 16 47 7 29 30 50 5 57 9 33 28 4 3 6 55 23 19 27 36 42 22 59 2 40 48 41 52 39 49 17 25 43 31 24 60 10 37 13 20 53
56: 32 27 44 13 35 19 14 60 4 17 25 21 58 45 26 47 18 6 39 54 24 1 28 2 59 51 23 46 10 33 30 34 37 43 8 36 11 40 3 20 57 52 5 29 12 50 15 42 31 9 41 16 56 55 7 22 48 38 53 49
57: 25 38 55 24 31 20 9 57 54 50 27 32 41 35 8 2 39 49 18 42 13 56 17 7 34 21 5 12 44 10 19 48 36 4 14 46 43 6 58 15 40 51 53 3 23 47 16 28 30 37 52 29 60 59 1 45 26 22 33 11
58: 60 12 38 41 48 36 49 32 40 13 1 56 44 50 16 5 9 11 58 31 47 8 43 45 4 33 6 7 21 57 3 26 22 46 17 51 28 52 55 27 42 59 39 18 29 25 15 34 53 23 30 19 10 54 20 14 37 24 35 2
59: 33 43 38 25 20 15 52 50 10 29 22 44 46 42 53 21 18 59 35 24 16 55 19 60 26 9 45 40 49 51 30 3 56 39 37 12 58 57 6 31 13 47 8 23 54 1 11 17 5 27 2 36 41 34 32 28 48 7 4 14
60: 59 17 58 43 28 2 1 44 38 6 19 54 5 22 46 52 45 57 50 47 11 48 20 9 53 4 36 51 55 18 13 41 49 16 14 21 27 56 34 37 23 30 24 33 32 40 39 42 10 3 12 8 31 60 7 29 15 25 35 26
1: 38 51 33 45 52 9 16 34 44 46 29 11 54 24 48 15 27 28 14 4 56 35 43 12 6 7 59 37 17 2 19 21 13 18 40 47 39 36 10 41 32 49 58 3 23 55 31 20 30 1 50 42 26 5 57 60 53 22 25 8
2: 56 57 7 33 47 27 24 29 20 21 50 12 55 31 51 38 42 54 3 40 53 48 44 25 30 16 59 34 10 58 52 18 9 32 46 22 1 15 28 13 14 41 2 6 4 37 39 49 36 11 19 8 26 23 43 17 45 60 5 35
3: 33 34 41 21 58 17 2 30 24 22 10 59 47 16 9 23 39 12 36 60 20 45 57 26 43 27 51 54 38 44 52 50 15 56 31 53 35 3 25 28 55 5 18 46 6 8 19 13 29 37 32 11 42 14 48 40 4 7 49 1
4: 19 20 6 13 28 54 27 33 12 15 50 49 60 41 3 25 53 24 10 40 9 34 4 39 30 37 21 44 56 2 59 35 29 22 14 57 17 42 16 58 43 8 38 45 5 23 47 7 55 11 18 26 51 1 48 32 46 36 31 52
5: 51 44 22 34 2 60 56 58 59 48 50 46 41 14 37 33 40 26 10 19 43 55 32 7 16 24 18 11 28 57 3 38 49 1 4 20 5 13 42 8 6 47 54 45 35 29 36 17 52 23 27 30 9 21 25 31 15 12 53 39
6: 43 7 5 49 36 53 59 9 19 41 31 6 37 22 29 42 21 40 25 23 51 60 20 47 10 39 44 50 28 46 8 32 33 18 35 3 17 15 12 26 55 57 4 11 58 13 34 1 56 24 30 52 16 54 38 48 14 27 2 45
7: 59 48 19 35 34 11 8 7 6 38 20 60 21 39 28 1 42 14 17 33 16 56 5 4 43 9 10 23 3 49 46 13 54 55 29 25 52 2 24 27 22 18 50 36 12 26 51 47 31 53 58 41 57 44 15 40 30 45 37 32
8: 27 53 4 17 55 23 16 54 36 42 10 15 20 32 34 60 3 39 51 28 25 57 26 30 19 43 44 40 2 14 1 6 35 45 56 5 21 58 50 59 49 38 46 13 37 41 8 11 29 18 33 22 52 24 31 48 7 9 47 12
9: 40 60 31 8 20 9 25 3 52 58 51 14 6 29 27 24 17 36 15 1 57 7 46 47 2 34 48 33 19 12 23 56 45 21 30 39 35 13 44 43 38 16 10 32 41 26 11 18 42 59 37 53 49 54 28 22 4 5 50 55
10: 8 28 60 18 9 35 17 47 25 34 45 13 1 43 10 2 30 37 7 15 22 39 27 20 54 21 42 41 52 33 36 50 53 59 51 57 32 16 48 40 23 38 56 11 58 3 4 5 24 49 44 55 26 14 19 46 6 29 12 31
11: 12 33 45 56 40 22 48 47 27 49 17 55 57 1 34 46 54 38 60 36 11 4 20 26 53 41 52 18 43 32 19 6 44 24 3 7 13 42 5 35 29 39 59 15 14 25 8 23 28 16 51 10 50 21 9 31 37 2 58 30
12: 53 54 42 49 35 56 21 1 24 39 55 59 30 25 44 2 4 17 7 12 13 57 22 29 52 37 9 33 18 23 28 15 45 38 5 36 14 11 26 27 8 19 10 31 20 50 3 40 48 58 43 16 41 46 34 32 51 60 6 47
13: 45 1 18 28 2 42 56 52 51 16 26 49 34 57 59 44 10 38 39 17 23 40 15 11 20 36 60 7 4 32 21 30 29 54 8 27 47 50 55 46 19 48 58 24 53 12 6 3 33 41 31 13 9 22 37 14 35 25 5 43
14: 52 44 42 9 55 29 6 12 36 59 31 4 8 46 23 57 14 11 30 54 28 49 21 37 48 45 1 58 25 17 33 2 39 41 15 22 38 19 13 56 53 10 20 51 34 7 60 43 5 26 50 32 16 3 35 18 47 27 24 40
15: 55 20 46 33 15 49 48 3 24 12 59 30 18 8 58 39 19 35 1 21 26 10 31 41 34 6 45 51 5 40 57 43 36 16 14 27 2 9 53 28 25 56 4 44 37 38 47 52 32 60 7 11 42 23 17 54 22 50 13 29
16: 4 43 35 29 21 33 13 47 31 52 25 27 58 36 37 8 24 44 26 23 32 9 10 17 53 16 51 28 60 45 49 41 48 34 22 19 46 2 15 12 54 14 7 5 1 6 56 57 30 55 3 18 11 40 20 39 59 42 38 50
17: 41 20 22 55 52 25 9 56 32 18 6 51 13 5 42 45 15 8 16 12 43 11 35 60 36 38 57 30 27 39 28 19 44 47 50 7 29 2 24 54 58 23 10 59 40 37 17 14 48 21 49 26 4 33 3 31 53 34 46 1
18: 46 57 36 11 35 16 1 54 56 38 52 55 10 23 6 4 60 40 50 7 28 18 8 49 25 48 17 13 2 5 53 43 26 31 30 51 12 34 24 20 39 14 42 32 29 47 41 15 33 45 21 19 3 9 22 44 27 58 37 59
19: 46 8 21 40 33 10 9 43 29 13 38 45 37 56 20 30 18 16 31 25 4 52 53 7 35 48 11 54 57 15 5 55 36 41 2 26 24 39 60 32 42 3 59 27 44 22 47 28 23 50 17 34 12 1 14 6 49 58 51 19
20: 22 12 15 59 21 60 51 31 29 44 55 42 20 26 23 35 1 41 37 54 46 5 48 53 16 39 33 32 11 17 18 49 36 3 50 8 58 40 38 2 47 4 13 7 52 6 10 27 24 28 9 30 43 19 34 56 45 57 25 14
21: 58 52 49 57 12 37 18 31 53 54 21 14 45 8 24 2 13 3 5 60 1 32 28 48 16 47 27 59 19 20 26 51 22 4 29 35 39 50 23 55 6 40 43 38 41 11 33 9 44 10 42 36 17 56 7 34 25 30 46 15
22: 46 36 39 24 3 11 9 5 49 17 34 57 35 43 32 26 8 23 30 1 44 19 52 25 56 38 58 41 45 55 21 47 53 60 20 18 42 37 4 27 59 14 6 13 10 15 48 54 51 31 40 16 29 12 2 7 22 33 50 28
23: 52 21 57 32 12 14 19 40 45 13 18 31 4 16 10 15 6 34 33 24 30 60 25 11 51 38 53 43 58 27 1 56 54 59 9 20 49 23 50 5 42 44 3 36 28 7 48 46 22 8 47 39 26 55 2 17 37 29 41 35
24: 30 12 53 14 3 42 9 32 17 51 40 37 15 58 7 25 33 13 56 45 38 24 2 46 43 6 57 18 11 52 22 20 34 50 26 60 4 36 21 54 10 59 27 19 1 48 44 29 16 47 49 23 5 31 41 55 28 39 35 8
25: 20 30 21 40 19 52 8 13 5 57 35 44 9 38 26 10 46 42 32 54 24 36 33 43 50 22 16 14 58 45 23 28 56 18 1 51 49 29 34 2 53 47 12 59 48 4 7 39 60 17 6 55 37 11 25 15 41 31 27 3
26: 33 60 9 39 7 8 31 1 41 37 13 38 10 51 52 55 3 49 18 44 12 40 46 42 57 25 30 28 50 43 36 32 45 54 24 23 19 27 2 16 22 29 20 14 34 4 58 21 47 26 59 56 15 6 11 5 53 35 48 17
27: 59 32 35 38 55 8 18 9 53 31 56 28 50 5 2 27 60 36 13 3 47 33 11 19 16 10 7 46 15 49 21 23 41 42 14 45 58 51 6 17 12 4 57 29 24 22 25 37 40 1 54 26 43 20 34 30 52 39 44 48
28: 1 44 49 36 4 26 15 20 6 8 47 5 43 57 48 17 3 19 27 59 37 42 60 21 41 46 51 23 33 12 25 54 30 9 10 28 38 50 45 40 2 18 53 29 13 39 11 24 14 58 16 7 55 22 35 34 52 56 32 31
29: 4 23 60 21 42 43 10 28 5 36 58 52 37 1 9 31 51 7 6 12 46 20 53 33 34 27 22 57 48 44 55 2 38 24 49 15 14 18 32 13 19 3 35 40 54 45 17 50 47 8 56 25 41 59 30 26 39 11 29 16
30: 53 39 25 14 50 34 20 54 38 48 30 1 8 47 33 9 60 43 28 29 46 51 44 55 23 40 11 56 31 32 49 12 57 36 24 2 52 26 13 27 41 10 6 3 45 22 19 37 35 18 7 4 42 15 58 59 17 16 21 5
31: 22 10 7 31 1 33 24 47 55 16 36 41 35 29 12 32 58 51 30 59 34 39 54 57 48 2 20 38 4 43 15 23 6 11 21 53 3 46 8 27 25 37 18 49 17 56 60 26 52 9 50 13 28 42 5 14 19 45 44 40
32: 39 60 9 58 49 34 30 10 15 57 18 7 46 28 56 2 24 54 37 17 51 19 31 40 23 1 29 8 22 20 48 55 53 27 3 26 41 42 45 16 35 43 6 12 36 5 4 38 59 14 11 50 21 25 47 13 44 33 32 52
33: 42 49 52 11 22 50 55 53 58 51 2 1 59 14 17 39 35 36 37 9 15 28 46 26 19 7 33 47 24 54 23 21 43 41 12 56 45 20 8 3 4 48 16 31 30 34 25 6 13 60 57 32 38 18 44 27 5 40 29 10
34: 57 44 21 15 55 23 47 12 3 1 29 46 37 31 34 54 43 13 30 16 10 5 39 59 9 2 58 56 7 40 28 8 42 18 53 20 50 4 45 32 52 38 27 11 48 41 24 36 33 26 6 51 19 60 25 17 22 49 14 35
35: 15 26 13 29 6 56 10 57 58 22 42 50 8 55 1 52 25 47 38 53 14 35 59 11 31 16 3 44 7 21 28 51 49 20 24 32 27 12 37 39 9 48 54 45 41 23 17 33 34 4 2 36 43 46 60 5 30 40 18 19
36: 21 36 57 24 2 23 43 28 12 19 17 34 54 31 11 7 32 51 41 37 49 53 45 38 1 44 3 40 25 6 46 16 56 59 42 39 14 5 29 30 8 58 10 18 33 22 27 13 26 48 47 4 15 9 20 35 60 55 50 52
37: 1 54 46 22 31 47 44 40 45 19 8 29 25 18 32 6 30 41 13 42 51 20 5 11 50 2 28 21 33 52 4 38 34 27 43 48 37 59 15 58 26 35 57 56 60 24 17 23 7 39 9 36 55 16 49 3 12 14 53 10
38: 16 60 26 58 11 19 54 33 8 39 9 31 29 51 37 32 44 49 45 35 36 4 2 3 50 46 53 17 48 47 27 42 10 14 55 20 57 38 28 24 22 52 34 13 15 6 41 5 1 30 7 23 43 56 25 12 59 40 18 21
39: 40 48 13 15 1 46 33 53 4 57 31 2 36 30 41 14 8 35 44 56 58 54 24 3 26 18 42 25 17 55 59 52 6 39 34 28 21 27 51 45 20 23 37 50 9 12 7 47 22 10 16 29 43 60 11 32 38 49 19 5
40: 35 55 28 12 45 42 38 57 46 32 29 40 14 10 49 34 48 25 4 19 8 60 21 7 47 5 58 30 11 41 6 59 53 9 22 16 37 13 33 20 24 27 26 52 18 15 17 51 54 1 23 2 43 44 39 3 50 36 56 31
41: 46 50 27 16 17 56 40 36 4 54 11 47 21 9 53 32 3 35 34 42 33 15 25 38 59 1 14 55 44 6 26 23 24 5 20 58 43 28 10 39 12 37 52 48 45 60 18 51 49 30 8 19 7 57 13 41 2 22 29 31
42: 1 10 13 28 54 16 40 57 31 25 20 2 19 7 21 46 9 44 60 43 23 47 26 45 42 4 39 22 50 11 35 56 8 3 48 52 58 53 55 5 38 33 14 12 37 29 36 17 27 41 59 49 30 34 18 51 6 24 15 32
43: 41 6 44 3 1 40 35 2 32 24 47 46 50 52 48 53 55 20 42 38 26 45 12 11 37 13 51 49 59 25 16 54 22 15 34 9 56 23 58 33 5 14 29 27 36 7 43 57 8 30 28 39 31 4 10 19 18 60 21 17
44: 58 54 26 32 15 46 6 40 60 17 10 55 36 47 2 38 16 43 53 27 39 50 52 45 57 1 30 51 5 24 23 11 3 49 41 42 25 4 7 44 34 8 19 18 9 28 14 35 13 37 29 21 59 22 31 33 12 48 56 20
45: 11 14 16 59 4 36 25 17 9 60 40 10 38 44 2 51 32 3 33 50 37 47 31 23 26 27 42 20 19 12 49 35 5 18 30 46 1 29 22 15 8 52 45 43 53 6 57 58 54 13 34 48 7 21 24 55 41 39 56 28
46: 26 5 38 44 59 57 53 22 37 6 33 36 27 31 21 8 34 24 40 35 41 11 58 25 46 7 9 23 19 49 43 50 55 1 42 56 30 13 12 15 14 32 51 48 45 18 47 3 54 4 60 17 10 28 2 16 39 20 29 52
47: 56 44 17 13 59 1 25 49 57 20 45 22 19 4 51 28 24 14 3 48 42 15 2 36 31 35 39 9 7 32 38 33 47 8 40 54 16 18 29 30 55 37 26 27 10 50 11 41 58 60 23 21 46 53 34 43 52 5 6 12
48: 48 54 12 47 18 4 1 49 59 22 50 55 5 51 40 58 16 43 6 10 26 60 19 15 8 34 7 42 53 36 9 57 2 27 45 35 25 31 13 3 46 14 56 32 39 30 33 24 11 44 52 20 37 29 17 21 41 23 28 38
49: 18 32 41 37 55 4 31 23 34 40 49 29 28 51 20 42 17 11 9 59 57 24 58 2 43 3 36 14 56 52 35 60 19 8 46 38 1 27 53 5 33 21 22 45 30 47 15 7 6 25 16 13 44 50 48 54 12 26 39 10
50: 41 10 50 56 22 25 37 27 32 16 15 53 40 43 1 54 36 42 44 8 18 30 2 45 12 6 29 33 26 21 4 57 49 17 23 38 9 19 13 31 51 47 35 55 5 46 7 24 11 28 34 60 48 14 3 52 58 20 59 39
51: 41 58 31 19 28 5 57 10 53 32 16 27 24 6 22 51 37 45 8 59 50 15 46 30 47 18 20 4 40 23 11 39 44 25 29 12 7 42 38 48 21 13 52 3 9 43 35 55 1 49 54 17 14 56 60 33 34 26 2 36
52: 19 46 34 21 8 58 59 23 53 49 44 40 10 27 36 50 52 55 11 5 57 15 30 1 12 35 37 7 22 45 51 48 26 39 56 4 24 20 18 32 25 28 31 43 41 38 2 9 29 17 47 33 6 3 60 16 42 13 14 54
53: 38 53 17 25 3 22 40 44 13 23 1 48 24 33 6 12 28 46 34 4 16 32 41 18 43 56 55 49 45 54 21 11 57 50 31 59 20 37 60 36 10 9 47 52 29 5 51 30 39 27 58 26 14 2 35 15 19 8 7 42
54: 48 17 60 2 6 41 54 11 43 29 42 59 22 24 13 36 18 35 46 39 31 26 33 28 34 51 25 53 44 23 40 9 14 49 5 45 3 15 10 57 38 20 55 47 58 21 16 30 12 19 8 4 37 52 50 32 27 1 7 56
55: 14 30 20 25 39 12 8 10 51 37 23 7 59 17 40 35 56 44 53 27 33 18 2 24 1 34 38 47 57 3 15 41 11 54 4 43 31 32 28 21 29 13 26 6 52 55 16 9 5 19 48 36 42 60 50 58 46 49 45 22
56: 13 21 29 31 9 1 19 41 40 7 39 52 53 44 3 36 38 34 45 58 17 60 27 46 33 22 20 6 30 24 57 10 35 26 51 8 23 50 12 16 55 11 25 2 59 4 5 49 37 43 15 32 56 14 18 42 28 47 48 54
57: 12 15 43 44 58 56 33 31 45 53 52 8 1 41 50 14 29 25 39 24 27 54 40 13 26 38 48 46 47 51 60 59 6 34 18 9 55 7 35 3 49 30 11 22 21 4 37 42 23 32 36 2 57 17 19 5 20 28 16 10
58: 57 5 16 7 34 59 52 6 26 44 25 12 17 55 10 45 24 3 36 58 54 28 33 18 41 38 9 60 29 56 43 4 51 13 31 22 20 23 15 30 40 19 11 37 27 21 53 39 49 32 2 42 48 8 35 46 47 14 1 50
59: 47 27 49 13 20 45 26 38 44 7 58 8 25 1 29 48 16 6 21 33 22 39 28 3 4 5 52 18 57 59 11 14 42 55 36 24 17 32 15 35 56 19 9 46 23 34 50 31 43 2 54 37 30 53 10 12 60 51 40 41
60: 19 56 36 23 57 14 54 13 41 12 18 37 21 26 33 2 9 8 60 50 29 35 45 44 59 11 22 7 46 34 31 42 17 48 4 28 43 38 27 30 58 40 6 53 15 10 20 16 5 49 52 55 1 3 32 39 47 25 51 24

instance parameter information
numMenOrWomen: 60
minLenPref: 60
maxLenPref: 60
skew: 0

