60
1: 20 32 36 8 51 30 29 60 14 37 9 24 1 45 55 33 2 5 49 44 18 17 34 6 57 28 42 16 39 15 56 11 4 46 27 19 26 10 25 48 53 52 38 21 22 58 59 7 43 47 13 40 3 50 54 35 23 41 31 12
2: 15 20 28 22 40 5 39 36 48 33 24 38 4 51 18 16 25 14 19 54 50 3 29 1 10 58 47 30 34 11 59 37 21 44 53 42 12 27 56 55 45 46 17 26 35 43 13 6 41 52 23 49 57 2 60 7 31 8 9 32
3: 6 10 36 40 39 29 56 46 50 20 32 15 33 17 43 3 4 42 21 45 27 30 11 2 51 5 25 49 26 41 9 55 58 24 23 57 47 12 18 8 38 1 35 37 7 52 60 19 28 44 31 22 48 54 59 14 13 16 53 34
4: 47 5 56 18 12 22 21 4 19 8 1 14 40 36 52 50 44 20 16 59 58 27 33 24 60 10 41 25 23 51 43 11 53 38 17 42 35 39 34 2 7 57 9 48 26 46 15 45 6 31 28 13 30 55 29 49 3 32 54 37
5: 11 39 20 23 53 5 10 49 55 36 22 47 18 35 48 51 32 19 40 42 24 50 41 6 16 4 60 29 54 45 44 14 46 25 52 33 15 12 38 27 30 13 2 26 28 37 8 17 59 9 7 1 43 31 34 58 3 57 21 56
6: 15 3 23 1 14 39 57 6 55 16 48 5 11 27 59 7 37 49 56 34 32 10 31 44 26 18 13 46 42 22 21 52 38 19 60 33 8 28 30 25 4 53 35 47 54 17 36 20 12 43 29 9 41 40 2 24 50 58 51 45
7: 13 21 29 54 9 40 5 35 55 34 24 47 16 38 31 28 15 2 1 17 33 30 25 49 14 51 60 6 48 57 46 18 12 44 4 7 22 43 39 42 41 53 36 45 50 56 3 19 20 26 37 10 32 59 11 8 52 58 27 23
8: 36 28 35 1 14 57 55 59 19 26 7 58 25 15 53 29 22 16 3 18 37 34 45 32 9 30 4 43 20 27 46 50 6 38 49 5 39 40 11 60 24 10 44 42 21 56 41 12 13 33 23 52 8 47 54 31 17 51 48 2
9: 47 21 56 33 12 39 37 22 30 7 15 51 44 40 58 10 11 36 24 32 41 16 1 34 27 20 3 53 14 43 50 31 54 26 42 48 46 2 55 25 13 29 9 23 19 18 59 45 52 38 60 57 5 17 28 4 49 35 6 8
10: 59 38 45 34 4 54 29 57 50 5 2 25 9 30 13 24 16 21 19 56 49 35 39 7 18 10 11 22 44 26 42 17 41 20 15 60 55 8 12 40 28 47 48 53 32 31 6 27 36 14 33 3 37 23 43 52 51 46 1 58
11: 12 35 5 56 8 17 38 40 45 16 49 31 60 34 25 37 55 47 22 33 58 11 57 26 29 32 24 9 36 1 27 50 52 42 44 59 4 7 48 18 30 46 54 10 6 28 21 14 53 39 3 13 19 2 51 20 23 41 15 43
12: 24 50 52 54 8 25 4 15 42 56 1 7 2 59 5 29 21 48 27 49 18 6 17 41 36 33 47 3 12 53 40 20 22 34 46 55 10 37 51 9 14 30 11 16 44 23 26 35 39 19 45 13 31 57 43 60 38 32 28 58
13: 7 1 18 9 42 27 10 36 48 26 29 44 11 12 14 53 25 45 41 46 52 4 3 34 40 31 38 28 43 58 47 49 17 22 37 8 35 55 23 33 5 6 15 54 39 60 59 24 21 19 57 2 30 13 51 56 32 20 50 16
14: 59 11 55 6 33 21 27 42 38 23 2 51 41 52 10 3 56 7 5 15 17 22 43 18 48 12 53 47 20 13 39 19 49 32 1 46 28 14 25 26 4 30 54 37 40 34 50 36 8 31 29 16 57 58 24 44 9 60 45 35
15: 36 34 3 48 55 54 22 18 21 49 32 35 29 17 52 19 14 51 24 1 23 13 2 47 41 9 46 37 60 59 8 5 33 39 45 12 4 40 7 26 50 16 43 28 30 44 31 25 56 20 38 27 42 58 6 57 10 15 53 11
16: 3 19 13 48 8 10 31 43 27 36 32 34 41 60 5 24 23 20 44 14 15 39 17 22 49 59 55 46 25 58 21 35 52 18 12 45 28 7 56 51 40 50 2 11 33 29 42 9 54 30 53 4 26 16 57 37 38 6 1 47
17: 52 15 50 23 22 35 36 16 25 54 1 5 4 45 55 49 8 20 6 44 13 59 9 38 32 47 7 37 40 51 33 30 34 31 29 10 18 11 26 14 57 12 27 21 24 58 56 60 28 46 17 19 2 41 48 39 53 3 42 43
18: 15 6 30 16 9 34 57 36 46 42 17 33 5 39 45 40 43 21 37 23 24 41 53 3 38 29 49 55 14 31 51 13 60 8 56 19 7 25 11 27 1 26 12 20 35 22 28 32 18 2 4 10 54 50 59 44 52 47 48 58
19: 10 38 47 12 2 50 25 56 46 59 5 35 51 19 49 3 53 48 6 33 43 55 13 58 36 26 39 45 60 23 57 32 34 15 4 20 9 14 54 7 29 27 40 41 37 22 31 16 17 42 28 18 44 21 52 30 1 8 11 24
20: 24 60 1 27 21 2 43 37 31 15 36 35 45 40 57 23 20 3 26 14 50 10 34 51 7 32 18 42 55 39 8 4 44 54 9 38 56 48 46 12 30 6 53 49 58 52 17 59 33 11 5 25 29 41 16 19 47 13 22 28
21: 38 42 21 17 36 11 25 53 51 14 57 8 44 50 12 45 47 31 59 60 6 24 54 40 37 41 9 1 29 10 22 26 2 7 46 52 48 18 35 5 4 56 58 19 33 28 32 55 30 43 49 34 39 13 20 16 3 23 15 27
22: 14 26 53 52 1 11 4 15 49 47 50 59 44 23 33 27 3 9 29 19 17 57 37 43 8 31 5 2 28 7 16 48 35 21 18 54 12 56 13 20 46 36 24 32 25 40 34 58 41 30 45 55 42 10 39 22 6 60 51 38
23: 11 2 32 56 45 29 30 25 3 50 7 40 10 14 31 23 58 1 54 47 48 55 36 44 21 8 20 24 42 37 49 12 28 17 22 13 26 60 9 6 15 46 39 33 35 19 5 59 57 4 43 41 52 51 38 34 27 53 18 16
24: 15 44 60 14 41 7 39 45 27 55 33 42 54 11 51 32 38 35 31 24 40 34 29 20 13 9 47 22 8 43 5 1 19 37 46 59 21 53 12 49 18 17 10 26 25 57 6 4 2 56 52 50 48 16 28 58 3 36 30 23
25: 17 8 56 1 16 48 41 46 11 47 26 54 60 28 42 37 55 21 36 9 44 18 49 53 12 14 7 6 43 39 40 25 59 35 20 13 5 51 58 32 50 10 19 2 15 29 24 45 34 38 33 30 27 31 3 23 52 4 57 22
26: 46 14 26 39 60 6 41 3 16 32 57 22 8 12 17 38 31 40 55 15 30 5 54 43 11 27 44 20 56 48 24 47 19 34 13 49 51 2 52 42 29 7 33 4 37 53 10 50 58 9 36 45 25 23 59 28 21 1 35 18
27: 26 37 46 22 23 52 17 25 24 31 8 35 12 56 11 2 38 15 45 50 48 21 51 54 10 58 34 55 36 3 59 18 39 4 13 9 49 60 53 27 57 5 29 14 40 28 30 19 47 41 20 42 33 1 16 32 44 7 43 6
28: 57 22 45 54 39 59 5 55 25 14 27 2 52 21 42 3 50 34 47 28 35 1 23 6 38 60 56 24 49 8 32 29 48 13 30 7 16 20 9 12 17 4 51 43 10 11 37 40 41 19 33 18 44 46 53 15 31 36 26 58
29: 51 20 59 35 55 11 8 4 25 24 43 58 14 57 2 9 27 38 19 50 31 17 39 36 21 13 18 45 26 10 3 60 40 48 12 5 42 16 54 32 1 29 52 53 15 22 41 34 6 46 44 56 28 30 33 23 7 47 37 49
30: 54 27 55 60 21 36 43 24 7 3 50 44 26 17 51 34 16 59 2 38 42 31 52 9 53 49 58 33 57 20 5 15 23 40 25 10 46 45 12 39 18 56 8 32 13 6 11 28 1 29 19 30 22 48 14 41 4 37 47 35
31: 41 40 57 44 29 14 9 11 16 35 21 23 25 30 36 28 59 31 8 5 3 48 33 58 7 38 1 27 18 32 50 24 34 19 20 10 60 22 26 42 52 37 39 12 54 46 56 2 13 43 47 45 15 49 55 6 4 17 51 53
32: 26 30 10 53 52 44 33 37 7 20 56 57 14 3 24 17 40 1 60 31 27 55 34 41 59 51 28 48 11 2 13 16 58 18 6 19 22 8 29 5 42 23 49 12 43 36 50 54 21 39 45 46 32 25 35 38 15 9 47 4
33: 36 3 4 23 27 34 25 28 57 11 60 22 58 41 2 12 50 24 42 44 54 30 37 46 5 26 32 14 33 55 39 38 9 6 13 29 18 45 52 59 48 7 17 19 20 35 43 49 16 1 15 31 56 21 8 10 40 51 53 47
34: 27 14 40 18 17 39 29 8 34 11 54 10 20 51 6 48 33 49 12 60 26 41 21 36 59 16 55 2 57 35 22 30 37 53 44 4 28 46 42 43 19 25 50 3 38 52 45 56 58 9 24 13 31 47 1 7 15 23 32 5
35: 29 55 28 32 37 10 20 22 7 57 30 40 16 34 41 25 14 58 13 52 35 54 17 53 24 18 44 56 1 46 19 15 45 11 9 31 27 2 8 6 21 39 48 42 26 59 12 4 50 51 47 23 33 3 49 36 43 38 60 5
36: 13 17 14 31 4 47 60 20 39 44 29 58 36 49 26 57 28 56 51 10 7 46 33 40 8 27 25 59 2 30 21 52 6 19 18 5 35 23 42 3 32 43 55 41 34 16 53 9 48 45 54 15 12 11 24 22 50 1 38 37
37: 24 4 44 57 22 14 56 6 10 27 30 48 3 15 23 1 34 55 25 29 59 49 35 52 18 28 54 53 46 2 42 39 58 33 11 32 38 17 50 45 37 9 43 26 8 12 21 36 40 41 47 16 51 13 60 20 19 7 5 31
38: 34 23 53 10 24 33 7 43 38 17 59 22 36 37 32 55 2 60 5 12 9 20 48 3 54 47 57 28 35 44 25 50 13 4 30 52 51 19 41 1 21 14 11 6 58 15 8 45 16 56 40 31 39 27 42 49 46 18 26 29
39: 59 15 36 16 48 43 33 42 49 58 26 13 8 10 12 54 38 32 21 52 25 50 18 14 31 47 11 17 55 57 40 35 45 34 51 41 29 22 1 4 44 9 19 24 39 27 53 3 2 30 37 60 46 28 7 56 6 20 5 23
40: 31 24 54 21 30 27 18 57 20 60 49 8 51 42 25 47 12 58 46 11 59 52 32 5 36 48 45 1 6 37 19 53 9 33 29 22 4 10 16 28 50 7 38 39 23 13 15 3 44 55 17 43 35 26 2 40 34 41 56 14
41: 5 33 56 31 12 51 52 29 8 7 19 47 30 38 21 13 3 40 16 24 2 45 34 60 23 58 32 4 59 44 10 41 20 42 6 15 1 37 25 27 9 43 17 22 28 50 54 53 39 11 49 26 46 18 35 36 48 14 57 55
42: 18 32 34 27 26 55 41 50 46 37 9 39 54 52 11 28 8 33 7 13 58 15 22 5 60 42 47 19 16 49 29 38 56 14 51 30 3 40 59 21 20 2 48 53 25 31 12 6 1 4 23 17 36 24 35 44 45 10 57 43
43: 41 38 47 59 53 55 43 11 5 50 58 39 16 28 40 56 29 36 18 35 14 9 26 17 23 46 1 22 48 60 30 12 52 8 13 3 32 45 2 4 7 33 20 21 15 27 6 49 51 10 42 54 44 25 19 31 37 57 24 34
44: 54 31 35 29 27 16 14 3 49 53 10 46 18 56 44 5 30 17 40 55 22 12 25 36 32 13 60 33 50 19 26 42 41 39 58 45 34 28 52 8 51 48 23 7 11 47 59 21 2 9 37 20 24 4 57 1 43 6 15 38
45: 19 22 46 8 51 33 43 30 26 6 44 3 23 13 39 11 47 36 48 37 1 35 17 28 14 38 49 52 12 53 7 40 18 59 55 54 10 2 58 34 42 21 25 56 29 5 45 16 9 20 32 57 15 24 4 27 41 31 60 50
46: 48 27 28 17 40 13 33 45 42 4 60 50 46 5 20 58 9 22 41 19 16 7 55 31 21 12 26 54 51 30 6 18 56 43 8 53 37 15 35 1 2 14 49 39 59 52 36 32 38 10 29 25 11 23 57 34 47 44 3 24
47: 27 44 30 29 6 28 19 24 49 56 35 57 21 25 8 9 34 22 58 55 23 42 33 39 10 51 14 36 59 52 47 43 18 13 2 54 46 32 37 38 16 7 15 41 45 1 12 11 26 60 20 50 5 40 31 4 3 53 48 17
48: 43 54 27 18 51 3 57 45 15 21 26 38 30 23 13 42 41 16 34 19 53 37 36 31 59 6 40 58 14 9 4 22 35 33 12 1 7 46 8 49 10 29 39 17 25 50 44 56 5 47 20 55 24 11 60 48 52 28 2 32
49: 12 60 2 58 15 18 45 42 25 8 50 47 30 39 20 16 11 40 4 44 6 17 43 56 49 1 32 3 10 29 57 22 38 51 34 23 52 31 37 46 21 13 28 9 14 7 41 27 24 54 59 35 33 5 36 26 19 53 55 48
50: 27 28 13 43 53 55 14 1 36 44 4 47 58 21 46 31 40 38 6 20 25 24 16 51 54 33 8 5 9 10 12 39 42 23 32 26 18 57 30 60 15 2 48 52 3 22 59 56 17 50 49 41 37 19 7 29 45 34 11 35
51: 31 4 36 19 57 14 34 26 43 16 52 35 5 48 23 15 10 1 2 25 27 7 56 9 6 13 39 54 20 51 40 33 38 30 46 42 22 44 8 24 28 12 53 50 3 58 41 21 59 17 37 18 49 45 29 32 11 60 55 47
52: 33 46 25 55 7 49 51 20 4 58 35 31 47 15 42 8 18 1 40 43 57 48 36 53 29 27 44 3 23 13 11 30 10 50 37 54 56 22 59 28 41 45 17 19 34 12 32 39 16 24 38 5 52 60 9 2 14 21 6 26
53: 22 45 57 33 26 21 15 24 52 50 19 44 9 23 2 20 59 53 12 32 60 29 35 47 10 56 7 37 5 46 55 48 51 3 43 13 11 14 8 6 49 38 41 31 34 54 17 25 42 27 58 28 1 39 36 18 40 30 4 16
54: 11 14 47 35 33 56 45 6 4 8 32 51 55 42 9 7 3 26 12 18 53 17 24 15 37 36 50 60 59 19 43 13 44 54 30 40 48 31 46 49 22 2 57 21 39 28 52 41 16 34 27 58 38 1 29 5 23 10 25 20
55: 2 31 60 8 24 14 34 16 19 57 17 43 25 32 42 52 26 12 18 51 20 38 28 27 13 6 55 36 5 15 49 29 35 4 23 41 22 11 56 7 47 58 48 37 44 45 1 21 9 53 40 46 10 3 30 59 50 54 39 33
56: 59 60 12 54 28 26 52 40 7 13 22 11 46 14 10 27 18 30 17 37 57 4 43 50 25 31 36 58 41 9 29 47 48 15 5 49 2 8 20 55 42 44 45 56 19 32 34 6 3 16 39 33 1 51 53 21 23 38 24 35
57: 40 17 12 37 3 34 44 53 10 15 39 55 8 22 30 26 32 33 41 11 50 29 49 24 35 23 28 21 60 1 57 45 9 19 13 31 36 20 42 38 25 59 56 47 43 6 14 46 51 16 52 18 48 5 2 58 27 7 54 4
58: 20 57 40 16 39 24 51 31 15 56 48 44 17 35 42 8 14 23 52 34 12 50 45 26 11 22 27 21 41 46 1 30 59 13 54 7 37 5 18 58 32 19 3 53 2 43 36 10 28 6 9 49 47 60 38 25 29 4 33 55
59: 22 45 12 50 5 35 43 2 34 51 58 39 30 52 3 40 29 25 19 28 44 33 36 13 42 60 1 32 18 56 41 47 59 20 11 24 55 9 4 26 6 46 15 38 27 16 8 49 54 31 23 37 57 48 10 7 14 21 53 17
60: 51 55 27 56 4 15 2 60 43 1 18 40 5 6 57 44 14 42 30 10 32 47 22 59 52 41 50 17 29 21 45 19 33 36 23 35 8 58 12 9 46 54 34 38 39 11 28 53 25 7 31 20 24 16 13 49 26 37 3 48
1: 39 13 45 2 53 9 5 41 50 25 47 1 26 59 35 33 15 48 51 38 31 24 37 7 43 56 34 30 19 16 49 14 3 57 58 42 28 55 4 12 27 46 18 17 29 32 44 40 8 6 36 23 21 22 10 52 60 11 54 20
2: 5 6 33 29 31 21 32 22 18 2 16 36 43 23 28 8 11 30 14 60 51 19 38 44 3 17 56 52 12 1 59 53 50 45 54 35 7 9 49 10 58 13 48 27 57 25 24 39 26 55 34 42 20 40 4 37 46 41 15 47
3: 25 28 15 23 1 54 6 13 10 20 55 49 14 47 53 29 16 24 22 3 4 21 35 30 41 45 60 40 12 5 42 57 56 18 32 2 34 36 19 46 27 9 8 43 38 31 11 50 48 52 17 44 37 59 58 33 7 51 26 39
4: 30 13 44 35 47 9 20 8 49 25 51 54 39 3 16 21 32 33 14 17 26 52 50 2 29 53 60 28 7 5 55 11 34 37 48 57 24 59 4 1 40 38 31 23 12 56 27 45 15 10 42 36 41 6 43 19 58 22 46 18
5: 12 59 38 33 58 23 51 4 19 28 15 2 40 35 32 37 14 11 6 1 46 41 20 17 21 7 53 34 9 25 16 24 54 60 49 27 57 31 48 3 55 10 22 18 42 39 52 5 8 36 50 43 13 44 29 45 47 30 56 26
6: 36 60 10 59 15 21 46 22 8 31 50 17 47 1 30 37 58 33 4 41 35 20 24 16 56 51 6 52 19 23 29 7 12 27 55 32 11 38 28 5 3 45 14 42 49 40 48 57 9 44 53 39 18 26 25 2 43 34 13 54
7: 45 37 50 4 6 17 32 31 22 57 1 24 12 29 9 48 38 60 26 47 35 51 7 33 41 44 58 16 42 2 8 5 23 59 30 25 11 53 3 49 54 39 10 20 56 43 15 28 52 21 40 14 19 34 36 55 13 46 18 27
8: 5 59 22 42 14 38 15 33 32 46 56 43 53 30 27 4 21 12 26 16 31 1 48 39 51 7 6 8 36 60 23 58 49 9 45 2 18 25 34 40 44 13 24 52 11 50 47 29 55 19 3 20 54 37 10 57 28 35 41 17
9: 50 40 20 45 38 55 4 2 57 33 11 30 37 14 12 16 1 13 24 42 17 60 39 43 54 31 47 58 36 59 3 19 35 5 18 44 32 8 15 41 21 48 28 26 52 34 56 25 29 27 7 10 23 49 9 53 46 6 51 22
10: 29 18 6 43 3 37 48 45 60 1 23 51 24 32 57 34 59 25 38 26 40 10 28 54 36 55 19 39 46 42 27 30 50 53 49 9 22 14 35 56 33 47 16 58 21 41 11 52 17 31 13 4 7 5 2 8 44 20 15 12
11: 1 17 27 14 16 25 31 23 20 51 24 56 30 4 18 58 6 53 7 55 22 60 52 32 38 57 41 12 15 21 13 29 2 44 47 11 35 48 37 19 5 39 40 46 45 8 43 54 28 26 34 10 9 59 36 50 3 33 49 42
12: 25 45 7 40 24 54 53 59 50 60 6 9 30 32 4 34 57 2 48 16 31 23 12 43 46 22 1 41 10 15 33 39 52 47 8 18 29 27 17 14 26 21 55 11 56 28 37 49 35 13 19 44 36 58 20 5 51 42 3 38
13: 38 34 13 19 4 5 17 16 22 31 15 9 6 25 20 10 33 26 44 43 27 39 50 46 55 36 35 58 42 40 29 11 57 2 32 52 47 12 45 51 41 8 48 49 60 21 23 14 7 56 28 59 53 24 1 3 30 18 37 54
14: 15 58 33 56 34 55 1 6 8 39 37 32 28 25 49 16 54 4 36 3 29 13 27 40 57 9 23 26 20 18 47 17 5 35 2 48 31 30 53 41 42 59 43 50 21 38 22 44 14 10 24 46 7 52 19 51 11 12 60 45
15: 2 42 16 17 13 20 7 28 48 21 49 60 47 37 51 33 35 45 4 41 55 8 11 46 5 26 59 25 29 10 57 58 34 44 43 38 18 40 1 23 32 39 22 9 6 53 12 24 54 36 52 3 15 30 56 31 14 50 27 19
16: 17 2 12 44 41 3 7 34 31 20 18 33 58 10 6 24 23 25 49 28 40 35 15 16 60 4 45 55 19 59 9 39 48 57 27 13 26 52 50 46 36 43 37 47 54 32 29 8 30 42 53 5 38 51 14 11 22 21 1 56
17: 51 19 18 43 20 27 22 2 37 55 33 35 12 58 45 1 13 53 15 9 52 6 26 8 41 17 10 39 36 49 14 46 29 30 56 4 34 57 47 54 3 11 48 50 28 16 38 21 60 7 32 40 5 31 24 59 44 25 42 23
18: 42 47 37 50 51 23 59 40 36 31 21 18 3 54 1 58 38 9 56 32 5 43 39 45 55 7 20 52 24 29 33 41 28 22 27 2 35 6 30 60 15 57 10 46 16 12 4 13 8 11 26 49 34 53 19 17 25 14 44 48
19: 12 29 11 31 24 51 30 36 32 43 47 57 5 56 53 48 22 38 37 16 9 21 18 58 17 13 49 34 27 46 26 44 35 23 25 2 7 1 52 33 60 14 55 41 59 50 54 19 3 10 20 15 4 40 28 6 45 42 8 39
20: 35 41 7 60 12 21 40 28 58 15 25 51 30 39 5 27 19 47 6 16 10 34 52 53 13 54 36 3 50 56 24 17 55 45 1 44 59 22 38 14 29 26 8 42 18 48 33 23 4 9 31 2 32 20 57 11 46 43 49 37
21: 36 43 10 8 42 40 37 2 21 51 45 26 34 46 12 15 22 35 33 56 24 18 50 20 31 6 48 59 39 49 52 14 44 47 16 25 32 7 17 19 4 38 5 60 9 53 28 11 30 3 57 27 41 23 58 29 1 55 13 54
22: 8 32 14 54 21 11 5 53 60 38 57 26 34 16 7 31 24 33 30 44 47 19 35 10 58 27 45 1 52 55 56 17 23 13 46 48 43 6 51 18 49 3 12 9 22 2 37 25 59 28 15 39 50 42 41 40 29 36 4 20
23: 30 56 4 41 24 59 47 1 33 23 3 54 40 51 18 45 55 46 31 12 19 9 42 22 37 21 11 26 48 5 20 52 17 35 7 16 15 53 8 57 39 38 43 50 6 2 36 27 25 29 58 34 60 28 13 10 14 44 32 49
24: 49 21 57 18 38 24 51 39 11 53 34 48 45 1 46 12 15 32 33 17 13 20 47 35 27 37 59 41 42 31 16 52 14 29 7 36 9 28 26 22 19 5 8 54 6 2 30 43 44 60 40 4 23 25 55 56 50 3 10 58
25: 14 40 53 55 25 21 41 29 44 58 57 47 8 39 52 33 27 18 56 45 22 15 46 7 28 48 42 6 32 49 1 23 34 36 3 50 10 26 17 13 35 5 43 4 38 59 19 51 31 20 37 2 16 9 12 11 60 30 54 24
26: 17 52 20 43 14 28 55 29 33 4 27 9 18 25 21 49 22 35 36 46 34 41 47 3 59 6 30 44 31 24 7 38 37 50 2 48 56 8 13 1 42 16 39 58 32 45 10 5 26 51 53 40 23 60 54 11 57 19 12 15
27: 33 9 59 48 39 37 12 14 13 53 1 32 49 31 11 52 40 46 57 55 42 41 5 28 19 45 51 38 7 10 30 36 25 23 54 21 43 50 35 2 4 3 15 44 6 8 29 20 47 26 60 18 24 34 17 22 16 58 56 27
28: 24 3 54 49 28 14 22 52 46 44 30 6 40 38 50 4 25 59 34 55 57 47 9 27 20 11 58 15 12 56 45 37 42 26 53 60 7 35 19 17 31 29 41 32 39 33 10 13 1 8 21 18 43 36 23 5 51 48 2 16
29: 4 59 19 23 51 7 9 38 10 6 20 41 39 3 31 42 2 54 27 18 24 12 21 8 45 16 60 50 37 5 25 40 22 48 55 57 43 14 17 15 52 28 58 29 32 26 53 49 47 44 30 11 36 33 1 13 34 35 56 46
30: 50 17 21 29 16 30 59 7 55 10 37 13 12 9 3 42 47 52 51 39 20 36 25 2 27 45 14 31 32 19 40 18 38 53 57 41 4 60 44 58 48 35 23 28 34 46 33 24 49 43 26 11 56 1 15 54 8 5 6 22
31: 7 6 49 25 60 17 10 19 37 9 5 32 35 41 58 53 47 8 4 21 16 27 20 44 14 29 23 38 2 40 1 36 30 11 57 52 31 46 55 22 51 42 15 33 12 50 18 54 3 28 26 24 45 59 39 13 56 34 48 43
32: 47 56 30 50 54 20 28 21 3 32 31 10 36 52 40 19 49 33 17 29 55 59 48 44 53 4 57 35 45 9 39 22 43 27 18 42 8 60 41 37 46 25 24 23 1 12 7 26 16 38 5 11 6 2 14 51 34 58 13 15
33: 5 11 40 39 10 24 42 22 7 53 36 38 60 26 31 12 2 17 4 54 33 46 13 48 3 44 52 20 21 18 56 23 55 8 50 1 37 16 14 30 59 27 49 45 15 58 41 19 47 6 9 32 28 29 34 25 43 35 57 51
34: 2 19 60 4 14 11 32 15 27 44 33 25 47 57 58 24 59 51 42 38 21 26 40 6 9 18 31 35 52 5 36 48 54 30 41 13 16 28 12 3 46 34 1 50 49 17 29 56 10 39 53 43 37 8 45 22 55 20 23 7
35: 3 4 18 27 41 28 48 58 46 47 15 22 33 60 5 1 40 26 8 35 2 12 19 59 53 54 44 45 39 25 24 56 21 57 43 55 7 49 17 16 50 10 11 6 13 14 9 23 31 51 20 30 32 34 37 52 36 42 38 29
36: 51 58 42 49 45 55 35 27 11 12 1 2 43 8 36 53 26 57 9 37 46 5 3 16 19 47 48 34 25 29 13 10 60 24 38 31 20 4 59 21 32 40 41 50 54 56 22 6 23 44 15 39 18 28 17 52 14 30 33 7
37: 5 50 31 1 4 37 18 38 2 30 42 20 43 27 47 49 19 55 14 56 40 32 26 10 25 7 33 52 3 59 39 54 6 13 11 29 9 36 21 57 28 23 16 34 53 51 8 15 22 58 60 12 48 41 45 24 35 17 44 46
38: 24 1 5 7 42 10 6 4 56 26 30 58 39 18 14 43 22 47 59 12 45 55 36 41 37 35 20 29 52 16 60 50 53 28 31 44 33 11 9 34 17 8 13 19 57 48 2 49 25 23 51 27 21 38 46 40 54 32 3 15
39: 46 32 43 39 12 53 58 37 44 34 60 19 49 21 50 7 42 48 38 9 25 15 18 20 33 2 45 41 57 13 36 10 4 16 30 55 22 54 47 40 56 17 24 51 29 3 1 52 11 35 28 23 26 31 14 8 5 6 59 27
40: 51 40 33 19 34 18 50 56 4 23 35 49 28 16 58 7 25 57 14 1 6 10 3 36 17 24 31 55 37 21 27 48 22 52 32 29 53 9 41 26 60 44 30 43 8 5 13 54 38 42 12 2 45 59 39 20 11 15 46 47
41: 3 28 44 1 34 22 42 58 49 6 4 26 47 39 2 30 5 11 16 53 24 41 52 46 31 9 20 25 33 56 57 27 23 8 21 45 12 19 43 55 10 48 35 17 51 36 18 40 32 59 7 37 54 13 14 29 38 60 50 15
42: 51 41 58 44 19 6 45 3 36 52 38 21 29 33 49 24 39 30 37 10 20 11 15 34 42 16 47 60 43 5 9 50 35 28 12 26 57 59 56 4 17 1 48 46 32 55 40 25 2 22 31 27 14 8 7 13 54 18 53 23
43: 29 47 52 37 24 2 46 27 38 36 54 22 9 8 7 45 53 40 16 30 19 13 42 34 23 44 3 4 43 20 33 21 48 60 35 12 58 1 51 41 56 18 50 31 32 15 49 11 57 55 25 17 59 10 14 26 39 28 6 5
44: 39 34 26 54 31 16 60 24 8 3 14 41 58 9 6 47 53 28 51 23 36 7 1 43 46 25 59 5 38 11 45 42 48 56 2 30 13 15 17 57 33 27 4 22 21 20 50 44 40 37 29 35 55 19 52 32 49 18 12 10
45: 4 29 40 41 19 32 45 59 30 39 11 46 47 28 49 44 8 10 33 53 12 7 24 17 56 38 57 2 15 25 60 3 43 54 18 6 27 20 31 16 58 50 26 21 51 9 23 14 35 5 1 48 36 52 22 42 13 37 55 34
46: 23 12 5 60 32 11 58 59 7 45 13 53 46 38 44 42 22 4 49 54 56 40 36 9 26 6 30 34 21 18 24 52 51 35 16 17 2 55 28 10 37 20 25 8 33 41 27 19 43 57 14 50 29 1 47 31 15 48 3 39
47: 2 10 50 45 58 5 1 43 28 3 8 59 33 26 25 11 24 44 14 60 38 48 41 55 7 54 36 35 47 30 39 20 21 42 13 51 16 53 49 31 15 19 34 37 46 23 22 4 17 12 52 6 27 57 9 18 56 29 32 40
48: 43 23 59 5 60 13 41 35 42 12 19 36 37 38 44 52 14 4 18 50 45 21 32 7 27 33 55 34 56 8 16 53 15 51 58 9 28 29 2 31 26 57 25 17 54 49 22 6 24 3 10 1 20 40 48 30 47 46 11 39
49: 39 50 33 2 15 43 32 34 47 6 27 41 60 1 22 59 23 25 19 37 56 24 35 3 11 57 55 4 40 21 10 14 12 20 54 29 44 28 53 49 26 38 30 8 46 7 45 13 5 58 42 48 9 31 18 52 51 17 16 36
50: 57 2 53 12 30 4 60 3 23 6 9 39 36 31 44 15 7 21 38 26 33 50 37 52 45 17 27 25 14 11 20 47 59 35 1 42 54 41 28 55 46 24 40 5 51 19 8 13 22 34 29 32 16 58 56 18 10 48 49 43
51: 26 41 50 7 53 25 11 16 49 60 23 30 27 8 56 48 24 6 10 18 13 58 37 46 5 15 35 14 42 51 52 34 43 20 17 4 21 9 39 47 54 40 12 57 55 3 19 1 32 2 45 31 22 36 59 44 33 38 29 28
52: 11 46 30 19 33 9 6 15 20 37 34 51 57 38 35 56 29 44 13 36 48 41 43 55 2 14 54 49 5 59 39 7 53 26 21 32 28 18 50 42 25 12 3 31 60 47 8 16 4 27 58 45 23 17 22 40 24 52 1 10
53: 6 14 26 60 13 11 50 23 5 32 55 36 52 15 20 35 12 29 46 9 10 44 31 33 7 41 40 19 58 3 56 28 37 18 49 1 38 47 17 24 34 4 59 51 39 42 48 57 54 43 45 21 8 27 16 30 2 25 22 53
54: 46 15 21 44 34 51 4 56 7 32 60 42 25 11 10 40 27 47 3 55 12 43 28 35 23 18 45 14 29 6 53 49 39 17 33 16 54 2 59 30 8 52 19 37 50 58 22 48 41 31 5 26 20 13 24 36 38 57 9 1
55: 16 20 55 9 24 14 30 54 15 49 26 19 35 13 38 60 2 10 48 11 57 12 44 29 40 47 1 58 25 51 22 59 37 7 53 46 42 33 34 18 31 6 28 43 23 3 21 41 4 17 45 5 8 36 50 32 39 27 56 52
56: 43 52 7 55 13 34 14 27 53 9 50 54 38 26 5 15 2 56 42 10 8 58 47 37 48 24 33 59 11 19 1 60 45 36 51 39 3 41 31 12 40 35 49 4 18 29 25 32 17 57 22 46 21 44 16 6 23 30 28 20
57: 26 9 53 25 55 28 41 15 60 52 59 45 1 7 51 40 34 16 30 23 21 31 37 49 57 17 19 36 27 18 32 44 58 42 39 22 54 11 3 14 56 33 29 47 35 20 43 50 48 4 5 10 6 38 2 8 46 12 13 24
58: 6 9 20 2 7 23 16 5 54 43 14 46 42 36 39 8 18 30 24 37 48 53 40 10 13 57 35 26 32 38 52 31 55 27 44 45 33 49 60 34 50 22 4 17 19 3 59 21 29 1 56 11 41 25 58 28 47 12 15 51
59: 48 59 30 49 36 5 23 55 4 28 50 2 31 18 42 27 11 17 29 7 47 52 1 60 22 39 45 19 33 15 3 44 10 58 14 8 21 41 43 26 37 32 25 38 24 16 20 9 56 6 57 54 12 40 51 13 35 46 53 34
60: 10 38 17 12 23 52 15 19 28 13 14 60 4 51 41 27 34 37 21 8 5 39 36 59 6 54 18 26 55 45 43 56 44 20 2 58 31 24 49 3 1 40 46 16 42 9 22 57 7 47 32 35 50 30 29 48 25 33 11 53

instance parameter information
numMenOrWomen: 60
minLenPref: 60
maxLenPref: 60
skew: 0

