// General stats
numRotations: 12
numStableMatchings: 18


// Rotations
rotation_0: (3, 50) (20, 12) 
rotProfileMen_0: 0 0 0 0 -1 0 0 0 0 0 1 0 -1 0 0 0 0 0 0 0 0 0 0 0 1 0 0 0 0 0 0 0 0 0 0 0 0 0 0 0 0 0 0 0 0 0 0 0 0 0 
rotProfileWomen_0: 0 0 1 0 0 0 0 0 1 0 0 0 0 0 0 0 0 0 0 0 0 0 0 -1 0 0 0 0 0 0 0 0 0 0 0 0 -1 0 0 0 0 0 0 0 0 0 0 0 0 0 
rotProfileCombined_0: 0 0 1 0 -1 0 0 0 1 0 1 0 -1 0 0 0 0 0 0 0 0 0 0 -1 1 0 0 0 0 0 0 0 0 0 0 0 -1 0 0 0 0 0 0 0 0 0 0 0 0 0 
 --- 
rotation_1: (7, 16) (5, 31) (27, 35) (13, 23) (22, 29) 
rotProfileMen_1: 0 0 -1 -1 0 -1 0 1 -1 0 1 1 0 0 0 1 0 0 0 0 0 0 0 0 0 0 0 0 0 0 0 0 0 0 0 0 0 0 0 0 0 0 0 0 0 0 0 0 0 0 
rotProfileWomen_1: 0 1 0 3 0 -1 0 0 0 -1 0 -1 0 0 0 -1 0 0 1 0 0 0 0 0 0 0 0 0 0 0 -1 0 0 0 0 0 0 0 0 0 0 0 0 0 0 0 0 0 0 0 
rotProfileCombined_1: 0 1 -1 2 0 -2 0 1 -1 -1 1 0 0 0 0 0 0 0 1 0 0 0 0 0 0 0 0 0 0 0 -1 0 0 0 0 0 0 0 0 0 0 0 0 0 0 0 0 0 0 0 
 --- 
rotation_2: (2, 11) (21, 49) (9, 6) (41, 44) (49, 13) (12, 42) (4, 46) (7, 31) (11, 19) (18, 30) (42, 41) (29, 24) 
rotProfileMen_2: -3 -1 0 -1 -2 0 -1 2 1 -1 0 1 1 0 1 1 1 0 0 0 0 0 0 0 0 0 0 0 0 0 0 1 0 0 0 0 0 0 0 0 0 0 0 0 0 0 0 0 0 0 
rotProfileWomen_2: 2 0 0 0 1 2 0 -1 -1 -1 0 0 0 -1 1 -1 0 0 0 0 -1 1 0 -1 0 0 0 1 0 0 0 -1 0 0 0 0 0 0 0 0 0 0 0 0 0 0 0 0 0 0 
rotProfileCombined_2: -1 -1 0 -1 -1 2 -1 1 0 -2 0 1 1 -1 2 0 1 0 0 0 -1 1 0 -1 0 0 0 1 0 0 0 0 0 0 0 0 0 0 0 0 0 0 0 0 0 0 0 0 0 0 
 --- 
rotation_3: (2, 49) (17, 10) (31, 18) (24, 21) (16, 28) (22, 16) 
rotProfileMen_3: -1 0 0 1 -1 -1 1 1 0 0 -1 0 0 -1 0 0 1 1 0 0 0 0 0 0 0 0 0 0 0 0 0 0 0 0 0 0 0 0 0 0 0 0 0 0 0 0 0 0 0 0 
rotProfileWomen_3: 1 2 0 0 1 0 0 -1 -2 0 0 0 0 1 0 0 0 0 -1 0 0 0 0 0 0 0 0 -1 0 0 0 0 0 0 0 0 0 0 0 0 0 0 0 0 0 0 0 0 0 0 
rotProfileCombined_3: 0 2 0 1 0 -1 1 0 -2 0 -1 0 0 0 0 0 1 1 -1 0 0 0 0 0 0 0 0 -1 0 0 0 0 0 0 0 0 0 0 0 0 0 0 0 0 0 0 0 0 0 0 
 --- 
rotation_4: (44, 39) (26, 4) (39, 26) (14, 45) (18, 41) (20, 50) (30, 3) (47, 15) (33, 27) 
rotProfileMen_4: -2 1 -1 1 1 0 0 -2 0 1 -2 -1 1 1 0 0 1 0 0 0 0 0 0 0 -1 2 0 0 0 0 0 0 0 0 0 0 0 0 0 0 0 0 0 0 0 0 0 0 0 0 
rotProfileWomen_4: 3 0 0 0 0 1 -1 1 -1 1 0 0 0 0 1 0 -2 0 -1 0 -1 -1 0 0 0 0 0 0 0 0 0 0 0 0 0 0 0 0 0 0 0 0 0 0 0 0 0 0 0 0 
rotProfileCombined_4: 1 1 -1 1 1 1 -1 -1 -1 2 -2 -1 1 1 1 0 -1 0 -1 0 -1 -1 0 0 -1 2 0 0 0 0 0 0 0 0 0 0 0 0 0 0 0 0 0 0 0 0 0 0 0 0 
 --- 
rotation_5: (34, 9) (26, 26) (43, 7) (7, 19) 
rotProfileMen_5: 0 0 -1 0 -1 0 -1 0 0 0 0 0 0 1 1 0 0 1 0 0 0 0 0 0 0 0 0 0 0 0 0 -1 1 0 0 0 0 0 0 0 0 0 0 0 0 0 0 0 0 0 
rotProfileWomen_5: 1 1 0 1 0 -1 0 -1 0 0 -1 0 0 0 0 0 0 0 0 0 0 0 0 0 0 0 0 0 0 0 0 0 0 0 0 0 0 0 0 0 0 0 0 0 0 0 0 0 0 0 
rotProfileCombined_5: 1 1 -1 1 -1 -1 -1 -1 0 0 -1 0 0 1 1 0 0 1 0 0 0 0 0 0 0 0 0 0 0 0 0 -1 1 0 0 0 0 0 0 0 0 0 0 0 0 0 0 0 0 0 
 --- 
rotation_6: (33, 39) (17, 18) (19, 32) (7, 9) 
rotProfileMen_6: 0 0 0 -1 0 0 0 0 0 0 0 0 -1 0 0 0 0 -1 0 0 1 1 0 0 0 0 0 1 0 0 0 0 -1 0 1 0 0 0 0 0 0 0 0 0 0 0 0 0 0 0 
rotProfileWomen_6: 2 -1 1 0 -1 0 0 0 0 -1 0 0 0 0 0 0 0 0 0 0 0 0 0 0 0 0 0 0 0 0 0 0 0 0 0 0 0 0 0 0 0 0 0 0 0 0 0 0 0 0 
rotProfileCombined_6: 2 -1 1 -1 -1 0 0 0 0 -1 0 0 -1 0 0 0 0 -1 0 0 1 1 0 0 0 0 0 1 0 0 0 0 -1 0 1 0 0 0 0 0 0 0 0 0 0 0 0 0 0 0 
 --- 
rotation_7: (37, 38) (32, 14) 
rotProfileMen_7: 0 -1 -1 1 0 0 0 0 0 0 0 1 0 0 0 0 0 0 0 0 0 0 0 0 0 0 0 0 0 0 0 0 0 0 0 0 0 0 0 0 0 0 0 0 0 0 0 0 0 0 
rotProfileWomen_7: 1 0 1 0 0 0 -2 0 0 0 0 0 0 0 0 0 0 0 0 0 0 0 0 0 0 0 0 0 0 0 0 0 0 0 0 0 0 0 0 0 0 0 0 0 0 0 0 0 0 0 
rotProfileCombined_7: 1 -1 0 1 0 0 -2 0 0 0 0 1 0 0 0 0 0 0 0 0 0 0 0 0 0 0 0 0 0 0 0 0 0 0 0 0 0 0 0 0 0 0 0 0 0 0 0 0 0 0 
 --- 
rotation_8: (9, 44) (28, 40) (7, 39) (15, 34) (43, 19) (12, 46) 
rotProfileMen_8: -1 0 -1 0 0 0 1 -1 0 0 0 0 0 0 0 0 0 0 0 0 0 0 1 1 0 0 0 0 0 0 0 0 0 0 -1 0 0 0 1 0 0 0 0 0 0 0 0 0 0 0 
rotProfileWomen_8: 1 2 1 -1 -1 0 0 -1 0 -1 0 0 0 0 0 0 0 0 0 0 0 0 0 0 0 0 0 0 0 0 0 0 0 0 0 0 0 0 0 0 0 0 0 0 0 0 0 0 0 0 
rotProfileCombined_8: 0 2 0 -1 -1 0 1 -2 0 -1 0 0 0 0 0 0 0 0 0 0 0 0 1 1 0 0 0 0 0 0 0 0 0 0 -1 0 0 0 1 0 0 0 0 0 0 0 0 0 0 0 
 --- 
rotation_9: (3, 12) (11, 30) (12, 44) 
rotProfileMen_9: 0 0 0 0 0 0 0 0 0 0 -1 0 0 1 0 -1 0 1 0 0 0 0 0 -1 0 0 0 0 0 0 0 1 0 0 0 0 0 0 0 0 0 0 0 0 0 0 0 0 0 0 
rotProfileWomen_9: 0 2 -2 0 0 0 0 1 0 0 0 0 0 0 -1 0 0 0 0 0 0 0 0 0 0 0 0 0 0 0 0 0 0 0 0 0 0 0 0 0 0 0 0 0 0 0 0 0 0 0 
rotProfileCombined_9: 0 2 -2 0 0 0 0 1 0 0 -1 0 0 1 -1 -1 0 1 0 0 0 0 0 -1 0 0 0 0 0 0 0 1 0 0 0 0 0 0 0 0 0 0 0 0 0 0 0 0 0 0 
 --- 
rotation_10: (30, 15) (29, 11) 
rotProfileMen_10: 0 0 0 0 0 0 0 0 -1 -1 0 0 0 0 0 0 0 0 0 0 0 0 0 0 0 0 0 0 0 0 0 0 1 0 1 0 0 0 0 0 0 0 0 0 0 0 0 0 0 0 
rotProfileWomen_10: 0 0 0 0 1 -1 0 1 0 0 0 0 0 0 -1 0 0 0 0 0 0 0 0 0 0 0 0 0 0 0 0 0 0 0 0 0 0 0 0 0 0 0 0 0 0 0 0 0 0 0 
rotProfileCombined_10: 0 0 0 0 1 -1 0 1 -1 -1 0 0 0 0 -1 0 0 0 0 0 0 0 0 0 0 0 0 0 0 0 0 0 1 0 1 0 0 0 0 0 0 0 0 0 0 0 0 0 0 0 
 --- 
rotation_11: (26, 7) (29, 15) 
rotProfileMen_11: 0 0 0 0 0 0 0 0 0 0 0 0 0 -1 0 0 0 0 0 0 0 0 0 0 0 0 0 0 0 0 0 0 -1 0 1 0 0 0 0 0 0 0 1 0 0 0 0 0 0 0 
rotProfileWomen_11: 0 1 -1 0 0 1 0 -1 0 0 0 0 0 0 0 0 0 0 0 0 0 0 0 0 0 0 0 0 0 0 0 0 0 0 0 0 0 0 0 0 0 0 0 0 0 0 0 0 0 0 
rotProfileCombined_11: 0 1 -1 0 0 1 0 -1 0 0 0 0 0 -1 0 0 0 0 0 0 0 0 0 0 0 0 0 0 0 0 0 0 -1 0 1 0 0 0 0 0 0 0 1 0 0 0 0 0 0 0 
 --- 


// Stable matchings
// found using rotations not digraph

optimal_stable_matchings: 
rank-maximal_index: 14
generous_index: 4
sex_equal_index: 3
egalitarian_index: 5
generalisedMedian_index: 7

stable_matching_list:
25 11 50 46 31 33 16 47 6 43 19 42 23 45 34 28 10 30 32 12 49 29 36 21 1 4 35 40 24 3 18 14 27 9 17 2 38 22 26 20 44 41 7 39 48 37 15 8 13 5 
25 11 12 46 31 33 16 47 6 43 19 42 23 45 34 28 10 30 32 50 49 29 36 21 1 4 35 40 24 3 18 14 27 9 17 2 38 22 26 20 44 41 7 39 48 37 15 8 13 5 
25 11 12 46 35 33 31 47 6 43 19 42 29 45 34 28 10 30 32 50 49 16 36 21 1 4 23 40 24 3 18 14 27 9 17 2 38 22 26 20 44 41 7 39 48 37 15 8 13 5 
25 49 12 31 35 33 19 47 44 43 30 46 29 45 34 28 10 41 32 50 6 16 36 21 1 4 23 40 11 3 18 14 27 9 17 2 38 22 26 20 13 24 7 39 48 37 15 8 42 5 
25 10 12 31 35 33 19 47 44 43 30 46 29 45 34 16 18 41 32 50 6 49 36 28 1 4 23 40 11 3 21 14 27 9 17 2 38 22 26 20 13 24 7 39 48 37 15 8 42 5 
25 10 12 31 35 33 19 47 44 43 30 46 29 41 34 16 18 50 32 3 6 49 36 28 1 26 23 40 11 15 21 14 39 9 17 2 38 22 45 20 13 24 7 4 48 37 27 8 42 5 
25 10 12 31 35 33 9 47 44 43 30 46 29 41 34 16 18 50 32 3 6 49 36 28 1 7 23 40 11 15 21 14 39 26 17 2 38 22 45 20 13 24 19 4 48 37 27 8 42 5 
25 10 12 31 35 33 39 47 44 43 30 46 29 41 34 16 32 50 9 3 6 49 36 28 1 7 23 40 11 15 21 14 18 26 17 2 38 22 45 20 13 24 19 4 48 37 27 8 42 5 
25 10 12 31 35 33 39 47 44 43 30 46 29 41 34 16 32 50 9 3 6 49 36 28 1 7 23 40 11 15 21 38 18 26 17 2 14 22 45 20 13 24 19 4 48 37 27 8 42 5 
25 10 12 31 35 33 34 47 40 43 30 44 29 41 19 16 32 50 9 3 6 49 36 28 1 7 23 39 11 15 21 38 18 26 17 2 14 22 45 20 13 24 46 4 48 37 27 8 42 5 
25 10 12 31 35 33 34 47 40 43 30 44 29 41 19 16 32 50 9 3 6 49 36 28 1 7 23 39 15 11 21 38 18 26 17 2 14 22 45 20 13 24 46 4 48 37 27 8 42 5 
25 10 12 31 35 33 34 47 40 43 30 44 29 41 19 16 32 50 9 3 6 49 36 28 1 15 23 39 7 11 21 38 18 26 17 2 14 22 45 20 13 24 46 4 48 37 27 8 42 5 
25 10 30 31 35 33 34 47 40 43 44 12 29 41 19 16 32 50 9 3 6 49 36 28 1 7 23 39 11 15 21 38 18 26 17 2 14 22 45 20 13 24 46 4 48 37 27 8 42 5 
25 10 30 31 35 33 34 47 40 43 44 12 29 41 19 16 32 50 9 3 6 49 36 28 1 7 23 39 15 11 21 38 18 26 17 2 14 22 45 20 13 24 46 4 48 37 27 8 42 5 
25 10 30 31 35 33 34 47 40 43 44 12 29 41 19 16 32 50 9 3 6 49 36 28 1 15 23 39 7 11 21 38 18 26 17 2 14 22 45 20 13 24 46 4 48 37 27 8 42 5 
25 10 12 31 35 33 39 47 44 43 30 46 29 41 34 16 32 50 9 3 6 49 36 28 1 7 23 40 15 11 21 38 18 26 17 2 14 22 45 20 13 24 19 4 48 37 27 8 42 5 
25 10 12 31 35 33 39 47 44 43 30 46 29 41 34 16 32 50 9 3 6 49 36 28 1 15 23 40 7 11 21 38 18 26 17 2 14 22 45 20 13 24 19 4 48 37 27 8 42 5 
25 11 50 46 35 33 31 47 6 43 19 42 29 45 34 28 10 30 32 12 49 16 36 21 1 4 23 40 24 3 18 14 27 9 17 2 38 22 26 20 44 41 7 39 48 37 15 8 13 5 


matching_0: 25 11 50 46 31 33 16 47 6 43 19 42 23 45 34 28 10 30 32 12 49 29 36 21 1 4 35 40 24 3 18 14 27 9 17 2 38 22 26 20 44 41 7 39 48 37 15 8 13 5 
profileMen_0: 9 4 8 4 5 3 3 2 2 2 3 2 1 2 0 0 0 0 0 0 0 0 0 0 0 0 0 0 0 0 0 0 0 0 0 0 0 0 0 0 0 0 0 0 0 0 0 0 0 0 
profileWomen_0: 3 5 7 2 2 2 3 4 4 3 1 1 0 1 0 2 2 0 1 0 2 0 0 2 0 0 0 0 0 0 1 1 0 0 0 0 1 0 0 0 0 0 0 0 0 0 0 0 0 0 
profileCombined_0: 12 9 15 6 7 5 6 6 6 5 4 3 1 3 0 2 2 0 1 0 2 0 0 2 0 0 0 0 0 0 1 1 0 0 0 0 1 0 0 0 0 0 0 0 0 0 0 0 0 0 
costMen_0: 273
costWomen_0: 495
costCombined_0: 768
sexEquality_0: 222

 --- 
matching_1: 25 11 12 46 31 33 16 47 6 43 19 42 23 45 34 28 10 30 32 50 49 29 36 21 1 4 35 40 24 3 18 14 27 9 17 2 38 22 26 20 44 41 7 39 48 37 15 8 13 5 
profileMen_1: 9 4 8 4 4 3 3 2 2 2 4 2 0 2 0 0 0 0 0 0 0 0 0 0 1 0 0 0 0 0 0 0 0 0 0 0 0 0 0 0 0 0 0 0 0 0 0 0 0 0 
profileWomen_1: 3 5 8 2 2 2 3 4 5 3 1 1 0 1 0 2 2 0 1 0 2 0 0 1 0 0 0 0 0 0 1 1 0 0 0 0 0 0 0 0 0 0 0 0 0 0 0 0 0 0 
profileCombined_1: 12 9 16 6 6 5 6 6 7 5 5 3 0 3 0 2 2 0 1 0 2 0 0 1 1 0 0 0 0 0 1 1 0 0 0 0 0 0 0 0 0 0 0 0 0 0 0 0 0 0 
costMen_1: 291
costWomen_1: 446
costCombined_1: 737
sexEquality_1: 155

 --- 
matching_2: 25 11 12 46 35 33 31 47 6 43 19 42 29 45 34 28 10 30 32 50 49 16 36 21 1 4 23 40 24 3 18 14 27 9 17 2 38 22 26 20 44 41 7 39 48 37 15 8 13 5 
profileMen_2: 9 4 7 3 4 2 3 3 1 2 5 3 0 2 0 1 0 0 0 0 0 0 0 0 1 0 0 0 0 0 0 0 0 0 0 0 0 0 0 0 0 0 0 0 0 0 0 0 0 0 
profileWomen_2: 3 6 8 5 2 1 3 4 5 2 1 0 0 1 0 1 2 0 2 0 2 0 0 1 0 0 0 0 0 0 0 1 0 0 0 0 0 0 0 0 0 0 0 0 0 0 0 0 0 0 
profileCombined_2: 12 10 15 8 6 3 6 7 6 4 6 3 0 3 0 2 2 0 2 0 2 0 0 1 1 0 0 0 0 0 0 1 0 0 0 0 0 0 0 0 0 0 0 0 0 0 0 0 0 0 
costMen_2: 316
costWomen_2: 404
costCombined_2: 720
sexEquality_2: 88

 --- 
matching_3: 25 49 12 31 35 33 19 47 44 43 30 46 29 45 34 28 10 41 32 50 6 16 36 21 1 4 23 40 11 3 18 14 27 9 17 2 38 22 26 20 13 24 7 39 48 37 15 8 42 5 
profileMen_3: 6 3 7 2 2 2 2 5 2 1 5 4 1 2 1 2 1 0 0 0 0 0 0 0 1 0 0 0 0 0 0 1 0 0 0 0 0 0 0 0 0 0 0 0 0 0 0 0 0 0 
profileWomen_3: 5 6 8 5 3 3 3 3 4 1 1 0 0 0 1 0 2 0 2 0 1 1 0 0 0 0 0 1 0 0 0 0 0 0 0 0 0 0 0 0 0 0 0 0 0 0 0 0 0 0 
profileCombined_3: 11 9 15 7 5 5 5 8 6 2 6 4 1 2 2 2 3 0 2 0 1 1 0 0 1 0 0 1 0 0 0 1 0 0 0 0 0 0 0 0 0 0 0 0 0 0 0 0 0 0 
costMen_3: 410
costWomen_3: 354
costCombined_3: 764
sexEquality_3: 56

 --- 
matching_4: 25 10 12 31 35 33 19 47 44 43 30 46 29 45 34 16 18 41 32 50 6 49 36 28 1 4 23 40 11 3 21 14 27 9 17 2 38 22 26 20 13 24 7 39 48 37 15 8 42 5 
profileMen_4: 5 3 7 3 1 1 3 6 2 1 4 4 1 1 1 2 2 1 0 0 0 0 0 0 1 0 0 0 0 0 0 1 0 0 0 0 0 0 0 0 0 0 0 0 0 0 0 0 0 0 
profileWomen_4: 6 8 8 5 4 3 3 2 2 1 1 0 0 1 1 0 2 0 1 0 1 1 0 0 0 0 0 0 0 0 0 0 0 0 0 0 0 0 0 0 0 0 0 0 0 0 0 0 0 0 
profileCombined_4: 11 11 15 8 5 4 6 8 4 2 5 4 1 2 2 2 4 1 1 0 1 1 0 0 1 0 0 0 0 0 0 1 0 0 0 0 0 0 0 0 0 0 0 0 0 0 0 0 0 0 
costMen_4: 427
costWomen_4: 305
costCombined_4: 732
sexEquality_4: 122

 --- 
matching_5: 25 10 12 31 35 33 19 47 44 43 30 46 29 41 34 16 18 50 32 3 6 49 36 28 1 26 23 40 11 15 21 14 39 9 17 2 38 22 45 20 13 24 7 4 48 37 27 8 42 5 
profileMen_5: 3 4 6 4 2 1 3 4 2 2 2 3 2 2 1 2 3 1 0 0 0 0 0 0 0 2 0 0 0 0 0 1 0 0 0 0 0 0 0 0 0 0 0 0 0 0 0 0 0 0 
profileWomen_5: 9 8 8 5 4 4 2 3 1 2 1 0 0 1 2 0 0 0 0 0 0 0 0 0 0 0 0 0 0 0 0 0 0 0 0 0 0 0 0 0 0 0 0 0 0 0 0 0 0 0 
profileCombined_5: 12 12 14 9 6 5 5 7 3 4 3 3 2 3 3 2 3 1 0 0 0 0 0 0 0 2 0 0 0 0 0 1 0 0 0 0 0 0 0 0 0 0 0 0 0 0 0 0 0 0 
costMen_5: 464
costWomen_5: 235
costCombined_5: 699
sexEquality_5: 229

 --- 
matching_6: 25 10 12 31 35 33 9 47 44 43 30 46 29 41 34 16 18 50 32 3 6 49 36 28 1 7 23 40 11 15 21 14 39 26 17 2 38 22 45 20 13 24 19 4 48 37 27 8 42 5 
profileMen_6: 3 4 5 4 1 1 2 4 2 2 2 3 2 3 2 2 3 2 0 0 0 0 0 0 0 2 0 0 0 0 0 0 1 0 0 0 0 0 0 0 0 0 0 0 0 0 0 0 0 0 
profileWomen_6: 10 9 8 6 4 3 2 2 1 2 0 0 0 1 2 0 0 0 0 0 0 0 0 0 0 0 0 0 0 0 0 0 0 0 0 0 0 0 0 0 0 0 0 0 0 0 0 0 0 0 
profileCombined_6: 13 13 13 10 5 4 4 6 3 4 2 3 2 4 4 2 3 2 0 0 0 0 0 0 0 2 0 0 0 0 0 0 1 0 0 0 0 0 0 0 0 0 0 0 0 0 0 0 0 0 
costMen_6: 497
costWomen_6: 217
costCombined_6: 714
sexEquality_6: 280

 --- 
matching_7: 25 10 12 31 35 33 39 47 44 43 30 46 29 41 34 16 32 50 9 3 6 49 36 28 1 7 23 40 11 15 21 14 18 26 17 2 38 22 45 20 13 24 19 4 48 37 27 8 42 5 
profileMen_7: 3 4 5 3 1 1 2 4 2 2 2 3 1 3 2 2 3 1 0 0 1 1 0 0 0 2 0 1 0 0 0 0 0 0 1 0 0 0 0 0 0 0 0 0 0 0 0 0 0 0 
profileWomen_7: 12 8 9 6 3 3 2 2 1 1 0 0 0 1 2 0 0 0 0 0 0 0 0 0 0 0 0 0 0 0 0 0 0 0 0 0 0 0 0 0 0 0 0 0 0 0 0 0 0 0 
profileCombined_7: 15 12 14 9 4 4 4 6 3 3 2 3 1 4 4 2 3 1 0 0 1 1 0 0 0 2 0 1 0 0 0 0 0 0 1 0 0 0 0 0 0 0 0 0 0 0 0 0 0 0 
costMen_7: 535
costWomen_7: 205
costCombined_7: 740
sexEquality_7: 330

 --- 
matching_8: 25 10 12 31 35 33 39 47 44 43 30 46 29 41 34 16 32 50 9 3 6 49 36 28 1 7 23 40 11 15 21 38 18 26 17 2 14 22 45 20 13 24 19 4 48 37 27 8 42 5 
profileMen_8: 3 3 4 4 1 1 2 4 2 2 2 4 1 3 2 2 3 1 0 0 1 1 0 0 0 2 0 1 0 0 0 0 0 0 1 0 0 0 0 0 0 0 0 0 0 0 0 0 0 0 
profileWomen_8: 13 8 10 6 3 3 0 2 1 1 0 0 0 1 2 0 0 0 0 0 0 0 0 0 0 0 0 0 0 0 0 0 0 0 0 0 0 0 0 0 0 0 0 0 0 0 0 0 0 0 
profileCombined_8: 16 11 14 10 4 4 2 6 3 3 2 4 1 4 4 2 3 1 0 0 1 1 0 0 0 2 0 1 0 0 0 0 0 0 1 0 0 0 0 0 0 0 0 0 0 0 0 0 0 0 
costMen_8: 546
costWomen_8: 195
costCombined_8: 741
sexEquality_8: 351

 --- 
matching_9: 25 10 12 31 35 33 34 47 40 43 30 44 29 41 19 16 32 50 9 3 6 49 36 28 1 7 23 39 11 15 21 38 18 26 17 2 14 22 45 20 13 24 46 4 48 37 27 8 42 5 
profileMen_9: 2 3 3 4 1 1 3 3 2 2 2 4 1 3 2 2 3 1 0 0 1 1 1 1 0 2 0 1 0 0 0 0 0 0 0 0 0 0 1 0 0 0 0 0 0 0 0 0 0 0 
profileWomen_9: 14 10 11 5 2 3 0 1 1 0 0 0 0 1 2 0 0 0 0 0 0 0 0 0 0 0 0 0 0 0 0 0 0 0 0 0 0 0 0 0 0 0 0 0 0 0 0 0 0 0 
profileCombined_9: 16 13 14 9 3 4 3 4 3 2 2 4 1 4 4 2 3 1 0 0 1 1 1 1 0 2 0 1 0 0 0 0 0 0 0 0 0 0 1 0 0 0 0 0 0 0 0 0 0 0 
costMen_9: 592
costWomen_9: 176
costCombined_9: 768
sexEquality_9: 416

 --- 
matching_10: 25 10 12 31 35 33 34 47 40 43 30 44 29 41 19 16 32 50 9 3 6 49 36 28 1 7 23 39 15 11 21 38 18 26 17 2 14 22 45 20 13 24 46 4 48 37 27 8 42 5 
profileMen_10: 2 3 3 4 1 1 3 3 1 1 2 4 1 3 2 2 3 1 0 0 1 1 1 1 0 2 0 1 0 0 0 0 1 0 1 0 0 0 1 0 0 0 0 0 0 0 0 0 0 0 
profileWomen_10: 14 10 11 5 3 2 0 2 1 0 0 0 0 1 1 0 0 0 0 0 0 0 0 0 0 0 0 0 0 0 0 0 0 0 0 0 0 0 0 0 0 0 0 0 0 0 0 0 0 0 
profileCombined_10: 16 13 14 9 4 3 3 5 2 1 2 4 1 4 3 2 3 1 0 0 1 1 1 1 0 2 0 1 0 0 0 0 1 0 1 0 0 0 1 0 0 0 0 0 0 0 0 0 0 0 
costMen_10: 641
costWomen_10: 168
costCombined_10: 809
sexEquality_10: 473

 --- 
matching_11: 25 10 12 31 35 33 34 47 40 43 30 44 29 41 19 16 32 50 9 3 6 49 36 28 1 15 23 39 7 11 21 38 18 26 17 2 14 22 45 20 13 24 46 4 48 37 27 8 42 5 
profileMen_11: 2 3 3 4 1 1 3 3 1 1 2 4 1 2 2 2 3 1 0 0 1 1 1 1 0 2 0 1 0 0 0 0 0 0 2 0 0 0 1 0 0 0 1 0 0 0 0 0 0 0 
profileWomen_11: 14 11 10 5 3 3 0 1 1 0 0 0 0 1 1 0 0 0 0 0 0 0 0 0 0 0 0 0 0 0 0 0 0 0 0 0 0 0 0 0 0 0 0 0 0 0 0 0 0 0 
profileCombined_11: 16 14 13 9 4 4 3 4 2 1 2 4 1 3 3 2 3 1 0 0 1 1 1 1 0 2 0 1 0 0 0 0 0 0 2 0 0 0 1 0 0 0 1 0 0 0 0 0 0 0 
costMen_11: 672
costWomen_11: 165
costCombined_11: 837
sexEquality_11: 507

 --- 
matching_12: 25 10 30 31 35 33 34 47 40 43 44 12 29 41 19 16 32 50 9 3 6 49 36 28 1 7 23 39 11 15 21 38 18 26 17 2 14 22 45 20 13 24 46 4 48 37 27 8 42 5 
profileMen_12: 2 3 3 4 1 1 3 3 2 2 1 4 1 4 2 1 3 2 0 0 1 1 1 0 0 2 0 1 0 0 0 1 0 0 0 0 0 0 1 0 0 0 0 0 0 0 0 0 0 0 
profileWomen_12: 14 12 9 5 2 3 0 2 1 0 0 0 0 1 1 0 0 0 0 0 0 0 0 0 0 0 0 0 0 0 0 0 0 0 0 0 0 0 0 0 0 0 0 0 0 0 0 0 0 0 
profileCombined_12: 16 15 12 9 3 4 3 5 3 2 1 4 1 5 3 1 3 2 0 0 1 1 1 0 0 2 0 1 0 0 0 1 0 0 0 0 0 0 1 0 0 0 0 0 0 0 0 0 0 0 
costMen_12: 605
costWomen_12: 167
costCombined_12: 772
sexEquality_12: 438

 --- 
matching_13: 25 10 30 31 35 33 34 47 40 43 44 12 29 41 19 16 32 50 9 3 6 49 36 28 1 7 23 39 15 11 21 38 18 26 17 2 14 22 45 20 13 24 46 4 48 37 27 8 42 5 
profileMen_13: 2 3 3 4 1 1 3 3 1 1 1 4 1 4 2 1 3 2 0 0 1 1 1 0 0 2 0 1 0 0 0 1 1 0 1 0 0 0 1 0 0 0 0 0 0 0 0 0 0 0 
profileWomen_13: 14 12 9 5 3 2 0 3 1 0 0 0 0 1 0 0 0 0 0 0 0 0 0 0 0 0 0 0 0 0 0 0 0 0 0 0 0 0 0 0 0 0 0 0 0 0 0 0 0 0 
profileCombined_13: 16 15 12 9 4 3 3 6 2 1 1 4 1 5 2 1 3 2 0 0 1 1 1 0 0 2 0 1 0 0 0 1 1 0 1 0 0 0 1 0 0 0 0 0 0 0 0 0 0 0 
costMen_13: 654
costWomen_13: 159
costCombined_13: 813
sexEquality_13: 495

 --- 
matching_14: 25 10 30 31 35 33 34 47 40 43 44 12 29 41 19 16 32 50 9 3 6 49 36 28 1 15 23 39 7 11 21 38 18 26 17 2 14 22 45 20 13 24 46 4 48 37 27 8 42 5 
profileMen_14: 2 3 3 4 1 1 3 3 1 1 1 4 1 3 2 1 3 2 0 0 1 1 1 0 0 2 0 1 0 0 0 1 0 0 2 0 0 0 1 0 0 0 1 0 0 0 0 0 0 0 
profileWomen_14: 14 13 8 5 3 3 0 2 1 0 0 0 0 1 0 0 0 0 0 0 0 0 0 0 0 0 0 0 0 0 0 0 0 0 0 0 0 0 0 0 0 0 0 0 0 0 0 0 0 0 
profileCombined_14: 16 16 11 9 4 4 3 5 2 1 1 4 1 4 2 1 3 2 0 0 1 1 1 0 0 2 0 1 0 0 0 1 0 0 2 0 0 0 1 0 0 0 1 0 0 0 0 0 0 0 
costMen_14: 685
costWomen_14: 156
costCombined_14: 841
sexEquality_14: 529

 --- 
matching_15: 25 10 12 31 35 33 39 47 44 43 30 46 29 41 34 16 32 50 9 3 6 49 36 28 1 7 23 40 15 11 21 38 18 26 17 2 14 22 45 20 13 24 19 4 48 37 27 8 42 5 
profileMen_15: 3 3 4 4 1 1 2 4 1 1 2 4 1 3 2 2 3 1 0 0 1 1 0 0 0 2 0 1 0 0 0 0 1 0 2 0 0 0 0 0 0 0 0 0 0 0 0 0 0 0 
profileWomen_15: 13 8 10 6 4 2 0 3 1 1 0 0 0 1 1 0 0 0 0 0 0 0 0 0 0 0 0 0 0 0 0 0 0 0 0 0 0 0 0 0 0 0 0 0 0 0 0 0 0 0 
profileCombined_15: 16 11 14 10 5 3 2 7 2 2 2 4 1 4 3 2 3 1 0 0 1 1 0 0 0 2 0 1 0 0 0 0 1 0 2 0 0 0 0 0 0 0 0 0 0 0 0 0 0 0 
costMen_15: 595
costWomen_15: 187
costCombined_15: 782
sexEquality_15: 408

 --- 
matching_16: 25 10 12 31 35 33 39 47 44 43 30 46 29 41 34 16 32 50 9 3 6 49 36 28 1 15 23 40 7 11 21 38 18 26 17 2 14 22 45 20 13 24 19 4 48 37 27 8 42 5 
profileMen_16: 3 3 4 4 1 1 2 4 1 1 2 4 1 2 2 2 3 1 0 0 1 1 0 0 0 2 0 1 0 0 0 0 0 0 3 0 0 0 0 0 0 0 1 0 0 0 0 0 0 0 
profileWomen_16: 13 9 9 6 4 3 0 2 1 1 0 0 0 1 1 0 0 0 0 0 0 0 0 0 0 0 0 0 0 0 0 0 0 0 0 0 0 0 0 0 0 0 0 0 0 0 0 0 0 0 
profileCombined_16: 16 12 13 10 5 4 2 6 2 2 2 4 1 3 3 2 3 1 0 0 1 1 0 0 0 2 0 1 0 0 0 0 0 0 3 0 0 0 0 0 0 0 1 0 0 0 0 0 0 0 
costMen_16: 626
costWomen_16: 184
costCombined_16: 810
sexEquality_16: 442

 --- 
matching_17: 25 11 50 46 35 33 31 47 6 43 19 42 29 45 34 28 10 30 32 12 49 16 36 21 1 4 23 40 24 3 18 14 27 9 17 2 38 22 26 20 44 41 7 39 48 37 15 8 13 5 
profileMen_17: 9 4 7 3 5 2 3 3 1 2 4 3 1 2 0 1 0 0 0 0 0 0 0 0 0 0 0 0 0 0 0 0 0 0 0 0 0 0 0 0 0 0 0 0 0 0 0 0 0 0 
profileWomen_17: 3 6 7 5 2 1 3 4 4 2 1 0 0 1 0 1 2 0 2 0 2 0 0 2 0 0 0 0 0 0 0 1 0 0 0 0 1 0 0 0 0 0 0 0 0 0 0 0 0 0 
profileCombined_17: 12 10 14 8 7 3 6 7 5 4 5 3 1 3 0 2 2 0 2 0 2 0 0 2 0 0 0 0 0 0 0 1 0 0 0 0 1 0 0 0 0 0 0 0 0 0 0 0 0 0 
costMen_17: 298
costWomen_17: 453
costCombined_17: 751
sexEquality_17: 155

 --- 
Digraph 
(0,0) (0,0) (0,1) (0,0) (1,0) (0,1) (0,0) (0,0) (0,0) (1,0) (0,1) (0,0) 
(0,0) (0,0) (1,1) (1,0) (0,0) (0,0) (0,1) (0,0) (0,0) (0,0) (0,1) (0,0) 
(0,0) (0,0) (0,0) (1,0) (1,0) (1,0) (0,0) (0,0) (1,0) (1,0) (1,0) (0,1) 
(0,0) (0,0) (0,0) (0,0) (0,1) (0,0) (1,0) (0,0) (0,1) (0,0) (0,1) (0,0) 
(0,0) (0,0) (0,0) (0,0) (0,0) (1,0) (1,1) (0,0) (0,1) (0,0) (1,1) (0,1) 
(0,0) (0,0) (0,0) (0,0) (0,0) (0,0) (1,0) (0,0) (1,0) (0,0) (0,0) (1,0) 
(0,0) (0,0) (0,0) (0,0) (0,0) (0,0) (0,0) (0,1) (1,0) (0,0) (0,0) (0,0) 
(0,0) (0,0) (0,0) (0,0) (0,0) (0,0) (0,0) (0,0) (0,1) (0,0) (0,1) (0,1) 
(0,0) (0,0) (0,0) (0,0) (0,0) (0,0) (0,0) (0,0) (0,0) (1,1) (0,0) (0,0) 
(0,0) (0,0) (0,0) (0,0) (0,0) (0,0) (0,0) (0,0) (0,0) (0,0) (0,0) (0,0) 
(0,0) (0,0) (0,0) (0,0) (0,0) (0,0) (0,0) (0,0) (0,0) (0,0) (0,0) (1,0) 
(0,0) (0,0) (0,0) (0,0) (0,0) (0,0) (0,0) (0,0) (0,0) (0,0) (0,0) (0,0) 

Simple digraph 
2 4 5 9 10 
2 3 6 10 
3 4 5 8 9 10 11 
4 6 8 10 
5 6 8 10 11 
6 8 11 
7 8 
8 10 11 
9 

11 





Duration_ModCreation_milliseconds: 210
Duration_GetSolution_milliseconds: 118
Duration_CollectRes_milliseconds: 0

Duration_Total_milliseconds: 562

exitCode 0
code/Main_GetStableMatchings completed
