// General stats
numRotations: 10
numStableMatchings: 24


// Rotations
rotation_0: (32, 19) (9, 26) (16, 21) 
rotProfileMen_0: 0 -2 0 0 0 0 0 0 1 0 0 0 0 0 0 1 0 0 0 0 0 0 0 0 0 0 0 0 0 0 0 0 0 0 0 0 0 0 0 0 0 0 0 0 0 0 0 0 0 0 
rotProfileWomen_0: 1 0 0 1 -1 0 0 0 0 0 0 0 0 0 0 0 0 -1 0 0 0 0 0 0 0 0 0 0 0 0 0 1 0 0 0 -1 0 0 0 0 0 0 0 0 0 0 0 0 0 0 
rotProfileCombined_0: 1 -2 0 1 -1 0 0 0 1 0 0 0 0 0 0 1 0 -1 0 0 0 0 0 0 0 0 0 0 0 0 0 1 0 0 0 -1 0 0 0 0 0 0 0 0 0 0 0 0 0 0 
 --- 
rotation_1: (28, 2) (49, 24) (21, 29) (3, 44) (12, 11) (14, 23) 
rotProfileMen_1: 0 -1 -1 -1 0 0 2 0 0 0 0 0 0 0 0 1 0 0 0 0 0 0 -1 0 0 1 0 0 0 0 0 0 0 0 0 0 0 0 0 0 0 0 0 0 0 0 0 0 0 0 
rotProfileWomen_1: 0 1 0 0 1 -1 0 0 1 2 -1 0 0 -1 0 0 0 0 -1 0 0 0 0 0 0 -1 0 0 0 0 0 0 0 0 0 0 0 0 0 0 0 0 0 0 0 0 0 0 0 0 
rotProfileCombined_1: 0 0 -1 -1 1 -1 2 0 1 2 -1 0 0 -1 0 1 0 0 -1 0 0 0 -1 0 0 0 0 0 0 0 0 0 0 0 0 0 0 0 0 0 0 0 0 0 0 0 0 0 0 0 
 --- 
rotation_2: (29, 10) (7, 43) (13, 20) (48, 31) 
rotProfileMen_2: -1 -1 2 0 -1 0 0 0 0 0 0 0 0 0 0 0 0 0 0 0 1 0 0 0 -1 0 0 0 0 0 0 0 0 0 1 0 0 0 0 0 0 0 0 0 0 0 0 0 0 0 
rotProfileWomen_2: 0 1 1 -1 0 0 0 0 0 0 0 0 0 0 0 1 0 0 -1 0 0 0 0 0 0 0 1 -1 0 -1 0 0 0 0 0 0 0 0 0 0 0 0 0 0 0 0 0 0 0 0 
rotProfileCombined_2: -1 0 3 -1 -1 0 0 0 0 0 0 0 0 0 0 1 0 0 -1 0 1 0 0 0 -1 0 1 -1 0 -1 0 0 0 0 1 0 0 0 0 0 0 0 0 0 0 0 0 0 0 0 
 --- 
rotation_3: (48, 10) (17, 50) (26, 27) 
rotProfileMen_3: 0 0 -1 0 0 0 0 1 0 0 0 0 -1 0 0 0 1 0 0 0 0 0 0 0 0 0 0 0 0 0 0 0 0 0 0 0 0 0 0 0 0 0 0 0 0 0 0 0 0 0 
rotProfileWomen_3: 0 0 0 0 1 0 0 1 0 0 1 0 0 0 0 0 0 0 0 0 0 0 -1 0 0 0 -2 0 0 0 0 0 0 0 0 0 0 0 0 0 0 0 0 0 0 0 0 0 0 0 
rotProfileCombined_3: 0 0 -1 0 1 0 0 2 0 0 1 0 -1 0 0 0 1 0 0 0 0 0 -1 0 0 0 -2 0 0 0 0 0 0 0 0 0 0 0 0 0 0 0 0 0 0 0 0 0 0 0 
 --- 
rotation_4: (24, 15) (19, 8) 
rotProfileMen_4: 0 -2 0 0 1 0 0 0 0 0 1 0 0 0 0 0 0 0 0 0 0 0 0 0 0 0 0 0 0 0 0 0 0 0 0 0 0 0 0 0 0 0 0 0 0 0 0 0 0 0 
rotProfileWomen_4: 0 1 0 0 1 0 0 0 0 -1 -1 0 0 0 0 0 0 0 0 0 0 0 0 0 0 0 0 0 0 0 0 0 0 0 0 0 0 0 0 0 0 0 0 0 0 0 0 0 0 0 
rotProfileCombined_4: 0 -1 0 0 2 0 0 0 0 -1 0 0 0 0 0 0 0 0 0 0 0 0 0 0 0 0 0 0 0 0 0 0 0 0 0 0 0 0 0 0 0 0 0 0 0 0 0 0 0 0 
 --- 
rotation_5: (38, 38) (27, 5) (32, 26) (33, 25) 
rotProfileMen_5: -1 0 -1 0 1 -1 2 0 -1 0 0 0 0 0 0 0 1 0 0 0 0 0 0 0 0 0 0 0 0 0 0 0 0 0 0 0 0 0 0 0 0 0 0 0 0 0 0 0 0 0 
rotProfileWomen_5: 1 1 0 -2 0 0 0 0 0 0 0 1 0 0 0 -1 0 0 0 0 0 0 0 0 0 0 0 0 0 0 0 0 0 0 0 0 0 0 0 0 0 0 0 0 0 0 0 0 0 0 
rotProfileCombined_5: 0 1 -1 -2 1 -1 2 0 -1 0 0 1 0 0 0 -1 1 0 0 0 0 0 0 0 0 0 0 0 0 0 0 0 0 0 0 0 0 0 0 0 0 0 0 0 0 0 0 0 0 0 
 --- 
rotation_6: (2, 49) (30, 22) (19, 15) (8, 41) (17, 27) (47, 18) (6, 34) (33, 38) (46, 9) (20, 3) 
rotProfileMen_6: -1 -3 1 0 0 -1 0 -2 0 1 -1 1 2 0 0 0 1 0 0 0 1 0 0 0 0 0 1 0 0 0 0 0 0 0 0 0 0 0 0 0 0 0 0 0 0 0 0 0 0 0 
rotProfileWomen_6: 3 2 0 0 0 0 -1 -1 0 0 0 -1 0 0 0 0 0 -1 0 1 -1 0 0 0 0 0 -1 0 0 0 0 0 0 0 0 0 0 0 0 0 0 0 0 0 0 0 0 0 0 0 
rotProfileCombined_6: 2 -1 1 0 0 -1 -1 -3 0 1 -1 0 2 0 0 0 1 -1 0 1 0 0 0 0 0 0 0 0 0 0 0 0 0 0 0 0 0 0 0 0 0 0 0 0 0 0 0 0 0 0 
 --- 
rotation_7: (13, 31) (10, 46) (5, 33) 
rotProfileMen_7: -1 1 -1 -1 0 0 0 0 0 0 0 0 0 0 0 0 0 0 1 0 0 0 0 0 0 0 0 0 0 1 0 0 0 0 0 0 0 0 0 0 0 0 0 0 0 0 0 0 0 0 
rotProfileWomen_7: 1 1 0 0 0 0 0 -1 0 0 1 0 0 0 0 -1 0 0 0 0 0 0 0 0 0 0 0 0 0 -1 0 0 0 0 0 0 0 0 0 0 0 0 0 0 0 0 0 0 0 0 
rotProfileCombined_7: 0 2 -1 -1 0 0 0 -1 0 0 1 0 0 0 0 -1 0 0 1 0 0 0 0 0 0 0 0 0 0 0 0 0 0 0 0 0 0 0 0 0 0 0 0 0 0 0 0 0 0 0 
 --- 
rotation_8: (2, 22) (39, 14) (41, 1) 
rotProfileMen_8: -2 1 0 0 0 0 0 0 0 -1 0 0 0 0 0 0 0 0 1 0 0 0 0 0 0 0 0 0 1 0 0 0 0 0 0 0 0 0 0 0 0 0 0 0 0 0 0 0 0 0 
rotProfileWomen_8: 0 1 0 1 0 -1 0 0 0 0 0 0 0 0 0 0 0 0 0 -1 0 0 0 0 0 0 0 0 0 0 0 0 0 0 0 0 0 0 0 0 0 0 0 0 0 0 0 0 0 0 
rotProfileCombined_8: -2 2 0 1 0 -1 0 0 0 -1 0 0 0 0 0 0 0 0 1 -1 0 0 0 0 0 0 0 0 1 0 0 0 0 0 0 0 0 0 0 0 0 0 0 0 0 0 0 0 0 0 
 --- 
rotation_9: (3, 11) (31, 17) (14, 2) (9, 21) (4, 32) (25, 40) (50, 28) 
rotProfileMen_9: 0 -1 -2 0 0 1 -3 0 0 1 1 1 0 0 0 0 0 0 0 0 0 0 1 0 0 -1 0 0 0 0 0 1 0 0 0 0 1 0 0 0 0 0 0 0 0 0 0 0 0 0 
rotProfileWomen_9: 2 0 0 1 0 1 0 -1 0 -2 0 0 0 0 0 0 0 0 0 0 0 0 0 0 0 0 0 0 0 0 0 -1 0 0 0 0 0 0 0 0 0 0 0 0 0 0 0 0 0 0 
rotProfileCombined_9: 2 -1 -2 1 0 2 -3 -1 0 -1 1 1 0 0 0 0 0 0 0 0 0 0 1 0 0 -1 0 0 0 0 0 0 0 0 0 0 1 0 0 0 0 0 0 0 0 0 0 0 0 0 
 --- 


// Stable matchings
// found using rotations not digraph

optimal_stable_matchings: 
rank-maximal_index: 12
generous_index: 4
sex_equal_index: 9
egalitarian_index: 8
generalisedMedian_index: 8

stable_matching_list:
4 49 44 32 33 34 43 41 26 46 39 11 20 23 45 21 50 35 8 3 29 37 6 15 40 27 5 2 10 22 17 19 25 47 16 7 13 38 14 42 1 48 12 30 36 9 18 31 24 28 
4 49 44 32 33 34 43 41 21 46 39 11 20 23 45 19 50 35 8 3 29 37 6 15 40 27 5 2 10 22 17 26 25 47 16 7 13 38 14 42 1 48 12 30 36 9 18 31 24 28 
4 49 44 32 33 34 43 41 21 46 39 11 20 23 45 19 50 35 15 3 29 37 6 8 40 27 5 2 10 22 17 26 25 47 16 7 13 38 14 42 1 48 12 30 36 9 18 31 24 28 
4 49 11 32 33 34 43 41 21 46 39 23 20 2 45 19 50 35 8 3 44 37 6 15 40 27 5 24 10 22 17 26 25 47 16 7 13 38 14 42 1 48 12 30 36 9 18 31 29 28 
4 49 11 32 33 34 43 41 21 46 39 23 20 2 45 19 50 35 15 3 44 37 6 8 40 27 5 24 10 22 17 26 25 47 16 7 13 38 14 42 1 48 12 30 36 9 18 31 29 28 
4 49 11 32 33 34 20 41 21 46 39 23 31 2 45 19 50 35 8 3 44 37 6 15 40 27 5 24 43 22 17 26 25 47 16 7 13 38 14 42 1 48 12 30 36 9 18 10 29 28 
4 49 11 32 33 34 20 41 21 46 39 23 31 2 45 19 50 35 15 3 44 37 6 8 40 27 5 24 43 22 17 26 25 47 16 7 13 38 14 42 1 48 12 30 36 9 18 10 29 28 
4 49 11 32 33 34 20 41 21 46 39 23 31 2 45 19 27 35 8 3 44 37 6 15 40 10 5 24 43 22 17 26 25 47 16 7 13 38 14 42 1 48 12 30 36 9 18 50 29 28 
4 49 11 32 33 34 20 41 21 46 39 23 31 2 45 19 27 35 15 3 44 37 6 8 40 10 5 24 43 22 17 26 25 47 16 7 13 38 14 42 1 48 12 30 36 9 18 50 29 28 
4 49 11 32 33 34 20 41 21 46 39 23 31 2 45 19 27 35 15 3 44 37 6 8 40 10 26 24 43 22 17 25 38 47 16 7 13 5 14 42 1 48 12 30 36 9 18 50 29 28 
4 22 11 32 33 38 20 27 21 46 39 23 31 2 45 19 18 35 41 49 44 37 6 8 40 10 26 24 43 15 17 25 9 47 16 7 13 5 14 42 1 48 12 30 36 3 34 50 29 28 
4 22 11 32 31 38 20 27 21 33 39 23 46 2 45 19 18 35 41 49 44 37 6 8 40 10 26 24 43 15 17 25 9 47 16 7 13 5 14 42 1 48 12 30 36 3 34 50 29 28 
4 22 17 40 31 38 20 27 32 33 39 23 46 21 45 19 18 35 41 49 44 37 6 8 28 10 26 24 43 15 2 25 9 47 16 7 13 5 14 42 1 48 12 30 36 3 34 50 29 11 
4 14 11 32 31 38 20 27 21 33 39 23 46 2 45 19 18 35 41 49 44 37 6 8 40 10 26 24 43 15 17 25 9 47 16 7 13 5 1 42 22 48 12 30 36 3 34 50 29 28 
4 14 17 40 31 38 20 27 32 33 39 23 46 21 45 19 18 35 41 49 44 37 6 8 28 10 26 24 43 15 2 25 9 47 16 7 13 5 1 42 22 48 12 30 36 3 34 50 29 11 
4 22 17 40 33 38 20 27 32 46 39 23 31 21 45 19 18 35 41 49 44 37 6 8 28 10 26 24 43 15 2 25 9 47 16 7 13 5 14 42 1 48 12 30 36 3 34 50 29 11 
4 49 11 32 33 34 20 41 21 46 39 23 31 2 45 19 27 35 8 3 44 37 6 15 40 10 26 24 43 22 17 25 38 47 16 7 13 5 14 42 1 48 12 30 36 9 18 50 29 28 
4 49 44 32 33 34 20 41 21 46 39 11 31 23 45 19 50 35 8 3 29 37 6 15 40 27 5 2 43 22 17 26 25 47 16 7 13 38 14 42 1 48 12 30 36 9 18 10 24 28 
4 49 44 32 33 34 20 41 21 46 39 11 31 23 45 19 50 35 15 3 29 37 6 8 40 27 5 2 43 22 17 26 25 47 16 7 13 38 14 42 1 48 12 30 36 9 18 10 24 28 
4 49 44 32 33 34 20 41 21 46 39 11 31 23 45 19 27 35 8 3 29 37 6 15 40 10 5 2 43 22 17 26 25 47 16 7 13 38 14 42 1 48 12 30 36 9 18 50 24 28 
4 49 44 32 33 34 20 41 21 46 39 11 31 23 45 19 27 35 15 3 29 37 6 8 40 10 5 2 43 22 17 26 25 47 16 7 13 38 14 42 1 48 12 30 36 9 18 50 24 28 
4 49 44 32 33 34 20 41 21 46 39 11 31 23 45 19 27 35 15 3 29 37 6 8 40 10 26 2 43 22 17 25 38 47 16 7 13 5 14 42 1 48 12 30 36 9 18 50 24 28 
4 49 44 32 33 34 20 41 21 46 39 11 31 23 45 19 27 35 8 3 29 37 6 15 40 10 26 2 43 22 17 25 38 47 16 7 13 5 14 42 1 48 12 30 36 9 18 50 24 28 
4 49 44 32 33 34 43 41 26 46 39 11 20 23 45 21 50 35 15 3 29 37 6 8 40 27 5 2 10 22 17 19 25 47 16 7 13 38 14 42 1 48 12 30 36 9 18 31 24 28 


matching_0: 4 49 44 32 33 34 43 41 26 46 39 11 20 23 45 21 50 35 8 3 29 37 6 15 40 27 5 2 10 22 17 19 25 47 16 7 13 38 14 42 1 48 12 30 36 9 18 31 24 28 
profileMen_0: 7 13 6 7 3 4 3 2 1 0 0 0 2 0 0 0 0 0 0 0 0 0 1 0 1 0 0 0 0 0 0 0 0 0 0 0 0 0 0 0 0 0 0 0 0 0 0 0 0 0 
profileWomen_0: 2 4 7 5 4 2 2 3 1 1 2 1 1 1 0 1 0 2 2 0 1 0 1 0 0 1 2 1 0 2 0 0 0 0 0 1 0 0 0 0 0 0 0 0 0 0 0 0 0 0 
profileCombined_0: 9 17 13 12 7 6 5 5 2 1 2 1 3 1 0 1 0 2 2 0 1 0 2 0 1 1 2 1 0 2 0 0 0 0 0 1 0 0 0 0 0 0 0 0 0 0 0 0 0 0 
costMen_0: 238
costWomen_0: 539
costCombined_0: 777
sexEquality_0: 301

 --- 
matching_1: 4 49 44 32 33 34 43 41 21 46 39 11 20 23 45 19 50 35 8 3 29 37 6 15 40 27 5 2 10 22 17 26 25 47 16 7 13 38 14 42 1 48 12 30 36 9 18 31 24 28 
profileMen_1: 7 11 6 7 3 4 3 2 2 0 0 0 2 0 0 1 0 0 0 0 0 0 1 0 1 0 0 0 0 0 0 0 0 0 0 0 0 0 0 0 0 0 0 0 0 0 0 0 0 0 
profileWomen_1: 3 4 7 6 3 2 2 3 1 1 2 1 1 1 0 1 0 1 2 0 1 0 1 0 0 1 2 1 0 2 0 1 0 0 0 0 0 0 0 0 0 0 0 0 0 0 0 0 0 0 
profileCombined_1: 10 15 13 13 6 6 5 5 3 1 2 1 3 1 0 2 0 1 2 0 1 0 2 0 1 1 2 1 0 2 0 1 0 0 0 0 0 0 0 0 0 0 0 0 0 0 0 0 0 0 
costMen_1: 259
costWomen_1: 517
costCombined_1: 776
sexEquality_1: 258

 --- 
matching_2: 4 49 44 32 33 34 43 41 21 46 39 11 20 23 45 19 50 35 15 3 29 37 6 8 40 27 5 2 10 22 17 26 25 47 16 7 13 38 14 42 1 48 12 30 36 9 18 31 24 28 
profileMen_2: 7 9 6 7 4 4 3 2 2 0 1 0 2 0 0 1 0 0 0 0 0 0 1 0 1 0 0 0 0 0 0 0 0 0 0 0 0 0 0 0 0 0 0 0 0 0 0 0 0 0 
profileWomen_2: 3 5 7 6 4 2 2 3 1 0 1 1 1 1 0 1 0 1 2 0 1 0 1 0 0 1 2 1 0 2 0 1 0 0 0 0 0 0 0 0 0 0 0 0 0 0 0 0 0 0 
profileCombined_2: 10 14 13 13 8 6 5 5 3 0 2 1 3 1 0 2 0 1 2 0 1 0 2 0 1 1 2 1 0 2 0 1 0 0 0 0 0 0 0 0 0 0 0 0 0 0 0 0 0 0 
costMen_2: 271
costWomen_2: 503
costCombined_2: 774
sexEquality_2: 232

 --- 
matching_3: 4 49 11 32 33 34 43 41 21 46 39 23 20 2 45 19 50 35 8 3 44 37 6 15 40 27 5 24 10 22 17 26 25 47 16 7 13 38 14 42 1 48 12 30 36 9 18 31 29 28 
profileMen_3: 7 10 5 6 3 4 5 2 2 0 0 0 2 0 0 2 0 0 0 0 0 0 0 0 1 1 0 0 0 0 0 0 0 0 0 0 0 0 0 0 0 0 0 0 0 0 0 0 0 0 
profileWomen_3: 3 5 7 6 4 1 2 3 2 3 1 1 1 0 0 1 0 1 1 0 1 0 1 0 0 0 2 1 0 2 0 1 0 0 0 0 0 0 0 0 0 0 0 0 0 0 0 0 0 0 
profileCombined_3: 10 15 12 12 7 5 7 5 4 3 1 1 3 0 0 3 0 1 1 0 1 0 1 0 1 1 2 1 0 2 0 1 0 0 0 0 0 0 0 0 0 0 0 0 0 0 0 0 0 0 
costMen_3: 283
costWomen_3: 477
costCombined_3: 760
sexEquality_3: 194

 --- 
matching_4: 4 49 11 32 33 34 43 41 21 46 39 23 20 2 45 19 50 35 15 3 44 37 6 8 40 27 5 24 10 22 17 26 25 47 16 7 13 38 14 42 1 48 12 30 36 9 18 31 29 28 
profileMen_4: 7 8 5 6 4 4 5 2 2 0 1 0 2 0 0 2 0 0 0 0 0 0 0 0 1 1 0 0 0 0 0 0 0 0 0 0 0 0 0 0 0 0 0 0 0 0 0 0 0 0 
profileWomen_4: 3 6 7 6 5 1 2 3 2 2 0 1 1 0 0 1 0 1 1 0 1 0 1 0 0 0 2 1 0 2 0 1 0 0 0 0 0 0 0 0 0 0 0 0 0 0 0 0 0 0 
profileCombined_4: 10 14 12 12 9 5 7 5 4 2 1 1 3 0 0 3 0 1 1 0 1 0 1 0 1 1 2 1 0 2 0 1 0 0 0 0 0 0 0 0 0 0 0 0 0 0 0 0 0 0 
costMen_4: 295
costWomen_4: 463
costCombined_4: 758
sexEquality_4: 168

 --- 
matching_5: 4 49 11 32 33 34 20 41 21 46 39 23 31 2 45 19 50 35 8 3 44 37 6 15 40 27 5 24 43 22 17 26 25 47 16 7 13 38 14 42 1 48 12 30 36 9 18 10 29 28 
profileMen_5: 6 9 7 6 2 4 5 2 2 0 0 0 2 0 0 2 0 0 0 0 1 0 0 0 0 1 0 0 0 0 0 0 0 0 1 0 0 0 0 0 0 0 0 0 0 0 0 0 0 0 
profileWomen_5: 3 6 8 5 4 1 2 3 2 3 1 1 1 0 0 2 0 1 0 0 1 0 1 0 0 0 3 0 0 1 0 1 0 0 0 0 0 0 0 0 0 0 0 0 0 0 0 0 0 0 
profileCombined_5: 9 15 15 11 6 5 7 5 4 3 1 1 3 0 0 4 0 1 0 0 2 0 1 0 0 1 3 0 0 1 0 1 0 0 1 0 0 0 0 0 0 0 0 0 0 0 0 0 0 0 
costMen_5: 312
costWomen_5: 444
costCombined_5: 756
sexEquality_5: 132

 --- 
matching_6: 4 49 11 32 33 34 20 41 21 46 39 23 31 2 45 19 50 35 15 3 44 37 6 8 40 27 5 24 43 22 17 26 25 47 16 7 13 38 14 42 1 48 12 30 36 9 18 10 29 28 
profileMen_6: 6 7 7 6 3 4 5 2 2 0 1 0 2 0 0 2 0 0 0 0 1 0 0 0 0 1 0 0 0 0 0 0 0 0 1 0 0 0 0 0 0 0 0 0 0 0 0 0 0 0 
profileWomen_6: 3 7 8 5 5 1 2 3 2 2 0 1 1 0 0 2 0 1 0 0 1 0 1 0 0 0 3 0 0 1 0 1 0 0 0 0 0 0 0 0 0 0 0 0 0 0 0 0 0 0 
profileCombined_6: 9 14 15 11 8 5 7 5 4 2 1 1 3 0 0 4 0 1 0 0 2 0 1 0 0 1 3 0 0 1 0 1 0 0 1 0 0 0 0 0 0 0 0 0 0 0 0 0 0 0 
costMen_6: 324
costWomen_6: 430
costCombined_6: 754
sexEquality_6: 106

 --- 
matching_7: 4 49 11 32 33 34 20 41 21 46 39 23 31 2 45 19 27 35 8 3 44 37 6 15 40 10 5 24 43 22 17 26 25 47 16 7 13 38 14 42 1 48 12 30 36 9 18 50 29 28 
profileMen_7: 6 9 6 6 2 4 5 3 2 0 0 0 1 0 0 2 1 0 0 0 1 0 0 0 0 1 0 0 0 0 0 0 0 0 1 0 0 0 0 0 0 0 0 0 0 0 0 0 0 0 
profileWomen_7: 3 6 8 5 5 1 2 4 2 3 2 1 1 0 0 2 0 1 0 0 1 0 0 0 0 0 1 0 0 1 0 1 0 0 0 0 0 0 0 0 0 0 0 0 0 0 0 0 0 0 
profileCombined_7: 9 15 14 11 7 5 7 7 4 3 2 1 2 0 0 4 1 1 0 0 2 0 0 0 0 1 1 0 0 1 0 1 0 0 1 0 0 0 0 0 0 0 0 0 0 0 0 0 0 0 
costMen_7: 321
costWomen_7: 391
costCombined_7: 712
sexEquality_7: 70

 --- 
matching_8: 4 49 11 32 33 34 20 41 21 46 39 23 31 2 45 19 27 35 15 3 44 37 6 8 40 10 5 24 43 22 17 26 25 47 16 7 13 38 14 42 1 48 12 30 36 9 18 50 29 28 
profileMen_8: 6 7 6 6 3 4 5 3 2 0 1 0 1 0 0 2 1 0 0 0 1 0 0 0 0 1 0 0 0 0 0 0 0 0 1 0 0 0 0 0 0 0 0 0 0 0 0 0 0 0 
profileWomen_8: 3 7 8 5 6 1 2 4 2 2 1 1 1 0 0 2 0 1 0 0 1 0 0 0 0 0 1 0 0 1 0 1 0 0 0 0 0 0 0 0 0 0 0 0 0 0 0 0 0 0 
profileCombined_8: 9 14 14 11 9 5 7 7 4 2 2 1 2 0 0 4 1 1 0 0 2 0 0 0 0 1 1 0 0 1 0 1 0 0 1 0 0 0 0 0 0 0 0 0 0 0 0 0 0 0 
costMen_8: 333
costWomen_8: 377
costCombined_8: 710
sexEquality_8: 44

 --- 
matching_9: 4 49 11 32 33 34 20 41 21 46 39 23 31 2 45 19 27 35 15 3 44 37 6 8 40 10 26 24 43 22 17 25 38 47 16 7 13 5 14 42 1 48 12 30 36 9 18 50 29 28 
profileMen_9: 5 7 5 6 4 3 7 3 1 0 1 0 1 0 0 2 2 0 0 0 1 0 0 0 0 1 0 0 0 0 0 0 0 0 1 0 0 0 0 0 0 0 0 0 0 0 0 0 0 0 
profileWomen_9: 4 8 8 3 6 1 2 4 2 2 1 2 1 0 0 1 0 1 0 0 1 0 0 0 0 0 1 0 0 1 0 1 0 0 0 0 0 0 0 0 0 0 0 0 0 0 0 0 0 0 
profileCombined_9: 9 15 13 9 10 4 9 7 3 2 2 2 2 0 0 3 2 1 0 0 2 0 0 0 0 1 1 0 0 1 0 1 0 0 1 0 0 0 0 0 0 0 0 0 0 0 0 0 0 0 
costMen_9: 350
costWomen_9: 368
costCombined_9: 718
sexEquality_9: 18

 --- 
matching_10: 4 22 11 32 33 38 20 27 21 46 39 23 31 2 45 19 18 35 41 49 44 37 6 8 40 10 26 24 43 15 17 25 9 47 16 7 13 5 14 42 1 48 12 30 36 3 34 50 29 28 
profileMen_10: 4 4 6 6 4 2 7 1 1 1 0 1 3 0 0 2 3 0 0 0 2 0 0 0 0 1 1 0 0 0 0 0 0 0 1 0 0 0 0 0 0 0 0 0 0 0 0 0 0 0 
profileWomen_10: 7 10 8 3 6 1 1 3 2 2 1 1 1 0 0 1 0 0 0 1 0 0 0 0 0 0 0 0 0 1 0 1 0 0 0 0 0 0 0 0 0 0 0 0 0 0 0 0 0 0 
profileCombined_10: 11 14 14 9 10 3 8 4 3 3 1 2 4 0 0 3 3 0 0 1 2 0 0 0 0 1 1 0 0 1 0 1 0 0 1 0 0 0 0 0 0 0 0 0 0 0 0 0 0 0 
costMen_10: 426
costWomen_10: 302
costCombined_10: 728
sexEquality_10: 124

 --- 
matching_11: 4 22 11 32 31 38 20 27 21 33 39 23 46 2 45 19 18 35 41 49 44 37 6 8 40 10 26 24 43 15 17 25 9 47 16 7 13 5 14 42 1 48 12 30 36 3 34 50 29 28 
profileMen_11: 3 5 5 5 4 2 7 1 1 1 0 1 3 0 0 2 3 0 1 0 2 0 0 0 0 1 1 0 0 1 0 0 0 0 1 0 0 0 0 0 0 0 0 0 0 0 0 0 0 0 
profileWomen_11: 8 11 8 3 6 1 1 2 2 2 2 1 1 0 0 0 0 0 0 1 0 0 0 0 0 0 0 0 0 0 0 1 0 0 0 0 0 0 0 0 0 0 0 0 0 0 0 0 0 0 
profileCombined_11: 11 16 13 8 10 3 8 3 3 3 2 2 4 0 0 2 3 0 1 1 2 0 0 0 0 1 1 0 0 1 0 1 0 0 1 0 0 0 0 0 0 0 0 0 0 0 0 0 0 0 
costMen_11: 469
costWomen_11: 262
costCombined_11: 731
sexEquality_11: 207

 --- 
matching_12: 4 22 17 40 31 38 20 27 32 33 39 23 46 21 45 19 18 35 41 49 44 37 6 8 28 10 26 24 43 15 2 25 9 47 16 7 13 5 14 42 1 48 12 30 36 3 34 50 29 11 
profileMen_12: 3 4 3 5 4 3 4 1 1 2 1 2 3 0 0 2 3 0 1 0 2 0 1 0 0 0 1 0 0 1 0 1 0 0 1 0 1 0 0 0 0 0 0 0 0 0 0 0 0 0 
profileWomen_12: 10 11 8 4 6 2 1 1 2 0 2 1 1 0 0 0 0 0 0 1 0 0 0 0 0 0 0 0 0 0 0 0 0 0 0 0 0 0 0 0 0 0 0 0 0 0 0 0 0 0 
profileCombined_12: 13 15 11 9 10 5 5 2 3 2 3 3 4 0 0 2 3 0 1 1 2 0 1 0 0 0 1 0 0 1 0 1 0 0 1 0 1 0 0 0 0 0 0 0 0 0 0 0 0 0 
costMen_12: 545
costWomen_12: 214
costCombined_12: 759
sexEquality_12: 331

 --- 
matching_13: 4 14 11 32 31 38 20 27 21 33 39 23 46 2 45 19 18 35 41 49 44 37 6 8 40 10 26 24 43 15 17 25 9 47 16 7 13 5 1 42 22 48 12 30 36 3 34 50 29 28 
profileMen_13: 1 6 5 5 4 2 7 1 1 0 0 1 3 0 0 2 3 0 2 0 2 0 0 0 0 1 1 0 1 1 0 0 0 0 1 0 0 0 0 0 0 0 0 0 0 0 0 0 0 0 
profileWomen_13: 8 12 8 4 6 0 1 2 2 2 2 1 1 0 0 0 0 0 0 0 0 0 0 0 0 0 0 0 0 0 0 1 0 0 0 0 0 0 0 0 0 0 0 0 0 0 0 0 0 0 
profileCombined_13: 9 18 13 9 10 2 8 3 3 2 2 2 4 0 0 2 3 0 2 0 2 0 0 0 0 1 1 0 1 1 0 1 0 0 1 0 0 0 0 0 0 0 0 0 0 0 0 0 0 0 
costMen_13: 507
costWomen_13: 242
costCombined_13: 749
sexEquality_13: 265

 --- 
matching_14: 4 14 17 40 31 38 20 27 32 33 39 23 46 21 45 19 18 35 41 49 44 37 6 8 28 10 26 24 43 15 2 25 9 47 16 7 13 5 1 42 22 48 12 30 36 3 34 50 29 11 
profileMen_14: 1 5 3 5 4 3 4 1 1 1 1 2 3 0 0 2 3 0 2 0 2 0 1 0 0 0 1 0 1 1 0 1 0 0 1 0 1 0 0 0 0 0 0 0 0 0 0 0 0 0 
profileWomen_14: 10 12 8 5 6 1 1 1 2 0 2 1 1 0 0 0 0 0 0 0 0 0 0 0 0 0 0 0 0 0 0 0 0 0 0 0 0 0 0 0 0 0 0 0 0 0 0 0 0 0 
profileCombined_14: 11 17 11 10 10 4 5 2 3 1 3 3 4 0 0 2 3 0 2 0 2 0 1 0 0 0 1 0 1 1 0 1 0 0 1 0 1 0 0 0 0 0 0 0 0 0 0 0 0 0 
costMen_14: 583
costWomen_14: 194
costCombined_14: 777
sexEquality_14: 389

 --- 
matching_15: 4 22 17 40 33 38 20 27 32 46 39 23 31 21 45 19 18 35 41 49 44 37 6 8 28 10 26 24 43 15 2 25 9 47 16 7 13 5 14 42 1 48 12 30 36 3 34 50 29 11 
profileMen_15: 4 3 4 6 4 3 4 1 1 2 1 2 3 0 0 2 3 0 0 0 2 0 1 0 0 0 1 0 0 0 0 1 0 0 1 0 1 0 0 0 0 0 0 0 0 0 0 0 0 0 
profileWomen_15: 9 10 8 4 6 2 1 2 2 0 1 1 1 0 0 1 0 0 0 1 0 0 0 0 0 0 0 0 0 1 0 0 0 0 0 0 0 0 0 0 0 0 0 0 0 0 0 0 0 0 
profileCombined_15: 13 13 12 10 10 5 5 3 3 2 2 3 4 0 0 3 3 0 0 1 2 0 1 0 0 0 1 0 0 1 0 1 0 0 1 0 1 0 0 0 0 0 0 0 0 0 0 0 0 0 
costMen_15: 502
costWomen_15: 254
costCombined_15: 756
sexEquality_15: 248

 --- 
matching_16: 4 49 11 32 33 34 20 41 21 46 39 23 31 2 45 19 27 35 8 3 44 37 6 15 40 10 26 24 43 22 17 25 38 47 16 7 13 5 14 42 1 48 12 30 36 9 18 50 29 28 
profileMen_16: 5 9 5 6 3 3 7 3 1 0 0 0 1 0 0 2 2 0 0 0 1 0 0 0 0 1 0 0 0 0 0 0 0 0 1 0 0 0 0 0 0 0 0 0 0 0 0 0 0 0 
profileWomen_16: 4 7 8 3 5 1 2 4 2 3 2 2 1 0 0 1 0 1 0 0 1 0 0 0 0 0 1 0 0 1 0 1 0 0 0 0 0 0 0 0 0 0 0 0 0 0 0 0 0 0 
profileCombined_16: 9 16 13 9 8 4 9 7 3 3 2 2 2 0 0 3 2 1 0 0 2 0 0 0 0 1 1 0 0 1 0 1 0 0 1 0 0 0 0 0 0 0 0 0 0 0 0 0 0 0 
costMen_16: 338
costWomen_16: 382
costCombined_16: 720
sexEquality_16: 44

 --- 
matching_17: 4 49 44 32 33 34 20 41 21 46 39 11 31 23 45 19 50 35 8 3 29 37 6 15 40 27 5 2 43 22 17 26 25 47 16 7 13 38 14 42 1 48 12 30 36 9 18 10 24 28 
profileMen_17: 6 10 8 7 2 4 3 2 2 0 0 0 2 0 0 1 0 0 0 0 1 0 1 0 0 0 0 0 0 0 0 0 0 0 1 0 0 0 0 0 0 0 0 0 0 0 0 0 0 0 
profileWomen_17: 3 5 8 5 3 2 2 3 1 1 2 1 1 1 0 2 0 1 1 0 1 0 1 0 0 1 3 0 0 1 0 1 0 0 0 0 0 0 0 0 0 0 0 0 0 0 0 0 0 0 
profileCombined_17: 9 15 16 12 5 6 5 5 3 1 2 1 3 1 0 3 0 1 1 0 2 0 2 0 0 1 3 0 0 1 0 1 0 0 1 0 0 0 0 0 0 0 0 0 0 0 0 0 0 0 
costMen_17: 288
costWomen_17: 484
costCombined_17: 772
sexEquality_17: 196

 --- 
matching_18: 4 49 44 32 33 34 20 41 21 46 39 11 31 23 45 19 50 35 15 3 29 37 6 8 40 27 5 2 43 22 17 26 25 47 16 7 13 38 14 42 1 48 12 30 36 9 18 10 24 28 
profileMen_18: 6 8 8 7 3 4 3 2 2 0 1 0 2 0 0 1 0 0 0 0 1 0 1 0 0 0 0 0 0 0 0 0 0 0 1 0 0 0 0 0 0 0 0 0 0 0 0 0 0 0 
profileWomen_18: 3 6 8 5 4 2 2 3 1 0 1 1 1 1 0 2 0 1 1 0 1 0 1 0 0 1 3 0 0 1 0 1 0 0 0 0 0 0 0 0 0 0 0 0 0 0 0 0 0 0 
profileCombined_18: 9 14 16 12 7 6 5 5 3 0 2 1 3 1 0 3 0 1 1 0 2 0 2 0 0 1 3 0 0 1 0 1 0 0 1 0 0 0 0 0 0 0 0 0 0 0 0 0 0 0 
costMen_18: 300
costWomen_18: 470
costCombined_18: 770
sexEquality_18: 170

 --- 
matching_19: 4 49 44 32 33 34 20 41 21 46 39 11 31 23 45 19 27 35 8 3 29 37 6 15 40 10 5 2 43 22 17 26 25 47 16 7 13 38 14 42 1 48 12 30 36 9 18 50 24 28 
profileMen_19: 6 10 7 7 2 4 3 3 2 0 0 0 1 0 0 1 1 0 0 0 1 0 1 0 0 0 0 0 0 0 0 0 0 0 1 0 0 0 0 0 0 0 0 0 0 0 0 0 0 0 
profileWomen_19: 3 5 8 5 4 2 2 4 1 1 3 1 1 1 0 2 0 1 1 0 1 0 0 0 0 1 1 0 0 1 0 1 0 0 0 0 0 0 0 0 0 0 0 0 0 0 0 0 0 0 
profileCombined_19: 9 15 15 12 6 6 5 7 3 1 3 1 2 1 0 3 1 1 1 0 2 0 1 0 0 1 1 0 0 1 0 1 0 0 1 0 0 0 0 0 0 0 0 0 0 0 0 0 0 0 
costMen_19: 297
costWomen_19: 431
costCombined_19: 728
sexEquality_19: 134

 --- 
matching_20: 4 49 44 32 33 34 20 41 21 46 39 11 31 23 45 19 27 35 15 3 29 37 6 8 40 10 5 2 43 22 17 26 25 47 16 7 13 38 14 42 1 48 12 30 36 9 18 50 24 28 
profileMen_20: 6 8 7 7 3 4 3 3 2 0 1 0 1 0 0 1 1 0 0 0 1 0 1 0 0 0 0 0 0 0 0 0 0 0 1 0 0 0 0 0 0 0 0 0 0 0 0 0 0 0 
profileWomen_20: 3 6 8 5 5 2 2 4 1 0 2 1 1 1 0 2 0 1 1 0 1 0 0 0 0 1 1 0 0 1 0 1 0 0 0 0 0 0 0 0 0 0 0 0 0 0 0 0 0 0 
profileCombined_20: 9 14 15 12 8 6 5 7 3 0 3 1 2 1 0 3 1 1 1 0 2 0 1 0 0 1 1 0 0 1 0 1 0 0 1 0 0 0 0 0 0 0 0 0 0 0 0 0 0 0 
costMen_20: 309
costWomen_20: 417
costCombined_20: 726
sexEquality_20: 108

 --- 
matching_21: 4 49 44 32 33 34 20 41 21 46 39 11 31 23 45 19 27 35 15 3 29 37 6 8 40 10 26 2 43 22 17 25 38 47 16 7 13 5 14 42 1 48 12 30 36 9 18 50 24 28 
profileMen_21: 5 8 6 7 4 3 5 3 1 0 1 0 1 0 0 1 2 0 0 0 1 0 1 0 0 0 0 0 0 0 0 0 0 0 1 0 0 0 0 0 0 0 0 0 0 0 0 0 0 0 
profileWomen_21: 4 7 8 3 5 2 2 4 1 0 2 2 1 1 0 1 0 1 1 0 1 0 0 0 0 1 1 0 0 1 0 1 0 0 0 0 0 0 0 0 0 0 0 0 0 0 0 0 0 0 
profileCombined_21: 9 15 14 10 9 5 7 7 2 0 3 2 2 1 0 2 2 1 1 0 2 0 1 0 0 1 1 0 0 1 0 1 0 0 1 0 0 0 0 0 0 0 0 0 0 0 0 0 0 0 
costMen_21: 326
costWomen_21: 408
costCombined_21: 734
sexEquality_21: 82

 --- 
matching_22: 4 49 44 32 33 34 20 41 21 46 39 11 31 23 45 19 27 35 8 3 29 37 6 15 40 10 26 2 43 22 17 25 38 47 16 7 13 5 14 42 1 48 12 30 36 9 18 50 24 28 
profileMen_22: 5 10 6 7 3 3 5 3 1 0 0 0 1 0 0 1 2 0 0 0 1 0 1 0 0 0 0 0 0 0 0 0 0 0 1 0 0 0 0 0 0 0 0 0 0 0 0 0 0 0 
profileWomen_22: 4 6 8 3 4 2 2 4 1 1 3 2 1 1 0 1 0 1 1 0 1 0 0 0 0 1 1 0 0 1 0 1 0 0 0 0 0 0 0 0 0 0 0 0 0 0 0 0 0 0 
profileCombined_22: 9 16 14 10 7 5 7 7 2 1 3 2 2 1 0 2 2 1 1 0 2 0 1 0 0 1 1 0 0 1 0 1 0 0 1 0 0 0 0 0 0 0 0 0 0 0 0 0 0 0 
costMen_22: 314
costWomen_22: 422
costCombined_22: 736
sexEquality_22: 108

 --- 
matching_23: 4 49 44 32 33 34 43 41 26 46 39 11 20 23 45 21 50 35 15 3 29 37 6 8 40 27 5 2 10 22 17 19 25 47 16 7 13 38 14 42 1 48 12 30 36 9 18 31 24 28 
profileMen_23: 7 11 6 7 4 4 3 2 1 0 1 0 2 0 0 0 0 0 0 0 0 0 1 0 1 0 0 0 0 0 0 0 0 0 0 0 0 0 0 0 0 0 0 0 0 0 0 0 0 0 
profileWomen_23: 2 5 7 5 5 2 2 3 1 0 1 1 1 1 0 1 0 2 2 0 1 0 1 0 0 1 2 1 0 2 0 0 0 0 0 1 0 0 0 0 0 0 0 0 0 0 0 0 0 0 
profileCombined_23: 9 16 13 12 9 6 5 5 2 0 2 1 3 1 0 1 0 2 2 0 1 0 2 0 1 1 2 1 0 2 0 0 0 0 0 1 0 0 0 0 0 0 0 0 0 0 0 0 0 0 
costMen_23: 250
costWomen_23: 525
costCombined_23: 775
sexEquality_23: 275

 --- 
Digraph 
(0,0) (0,1) (0,1) (0,0) (0,0) (1,0) (0,1) (0,0) (0,1) (1,0) 
(0,0) (0,0) (0,0) (0,0) (0,0) (0,0) (0,1) (0,1) (0,1) (1,1) 
(0,0) (0,0) (0,0) (1,1) (0,0) (0,0) (0,1) (1,0) (0,1) (0,1) 
(0,0) (0,0) (0,0) (0,0) (0,0) (0,1) (1,1) (0,1) (0,1) (0,1) 
(0,0) (0,0) (0,0) (0,0) (0,0) (0,0) (1,0) (0,0) (0,0) (0,1) 
(0,0) (0,0) (0,0) (0,0) (0,0) (0,0) (1,0) (0,0) (0,0) (0,1) 
(0,0) (0,0) (0,0) (0,0) (0,0) (0,0) (0,0) (0,1) (1,0) (0,1) 
(0,0) (0,0) (0,0) (0,0) (0,0) (0,0) (0,0) (0,0) (0,1) (0,0) 
(0,0) (0,0) (0,0) (0,0) (0,0) (0,0) (0,0) (0,0) (0,0) (0,0) 
(0,0) (0,0) (0,0) (0,0) (0,0) (0,0) (0,0) (0,0) (0,0) (0,0) 

Simple digraph 
1 2 5 6 8 9 
6 7 8 9 
3 6 7 8 9 
5 6 7 8 9 
6 9 
6 9 
7 8 9 
8 






Duration_ModCreation_milliseconds: 227
Duration_GetSolution_milliseconds: 40
Duration_CollectRes_milliseconds: 0

Duration_Total_milliseconds: 534

exitCode 0
code/Main_GetStableMatchings completed
