80
1: 40 74 65 6 18 53 52 60 21 32 23 9 34 14 17 4 70 8 24 13 55 38 57 10 51 80 29 67 5 1 68 37 54 63 71 27 15 77 26 44 41 25 39 33 2 66 19 3 50 58 16 59 78 49 42 7 72 45 73 56 69 62 46 79 61 28 76 12 43 31 36 20 47 11 30 75 35 22 48 64
2: 36 35 26 75 17 3 58 15 6 23 37 54 8 62 13 60 77 70 41 74 14 42 27 19 31 10 61 40 32 12 34 55 24 7 2 59 33 68 20 30 79 71 28 80 53 72 21 57 48 25 1 63 46 76 64 16 5 45 51 56 52 44 9 78 11 38 4 67 66 65 47 22 18 69 73 39 49 50 43 29
3: 53 16 7 12 79 6 47 33 26 41 4 50 45 69 31 11 35 62 27 17 78 13 44 72 8 70 68 1 24 80 29 23 39 54 34 75 52 10 74 42 3 71 77 73 56 36 40 22 19 48 38 21 55 58 60 14 67 63 51 18 25 20 76 49 9 30 15 61 64 57 37 5 59 28 66 32 46 43 2 65
4: 62 49 33 20 32 13 68 38 59 28 10 8 78 52 76 25 72 71 45 73 11 14 50 60 69 4 3 44 48 34 42 18 29 37 17 39 24 57 35 64 9 6 19 67 56 23 22 27 7 46 5 16 77 2 55 66 31 53 54 61 26 1 70 40 79 75 21 58 12 47 43 30 65 41 51 36 80 63 15 74
5: 19 56 5 38 79 52 78 70 72 34 43 63 41 51 37 27 76 68 26 62 4 3 45 59 23 24 42 31 1 75 6 11 57 58 12 60 46 13 54 77 33 48 67 17 73 66 35 40 74 50 29 65 61 28 80 15 53 39 71 18 10 32 64 47 20 14 36 30 55 69 9 25 8 7 16 2 44 21 22 49
6: 76 66 34 45 75 59 62 23 73 37 36 57 9 71 63 27 3 50 12 60 44 49 55 32 5 53 69 6 1 13 25 78 21 16 74 10 7 15 8 80 48 79 19 42 35 22 46 52 14 58 17 41 67 56 54 28 2 30 40 4 18 70 29 24 51 11 38 64 61 31 68 43 39 65 33 20 26 47 77 72
7: 5 15 67 3 77 78 68 29 30 41 80 2 47 61 8 9 14 39 63 56 50 35 42 17 16 49 22 28 18 62 40 43 44 33 55 54 72 69 48 70 38 73 37 59 76 24 79 10 45 20 36 74 58 52 71 60 19 11 31 64 66 13 65 21 7 6 34 12 32 25 51 53 57 1 4 23 75 26 27 46
8: 16 32 30 51 7 43 34 4 73 19 59 10 12 79 78 53 55 8 49 40 64 63 44 35 62 67 6 22 27 24 68 52 54 37 75 29 21 61 48 1 23 36 71 11 3 58 46 70 42 57 20 15 45 18 14 74 77 80 41 76 17 72 13 50 28 5 60 65 69 38 31 9 66 47 26 39 33 2 25 56
9: 31 20 80 32 60 35 16 43 63 25 54 67 55 30 66 62 5 40 22 42 72 24 50 45 27 73 77 28 15 23 8 6 14 49 56 34 78 74 68 7 39 76 13 70 44 65 33 9 18 52 4 69 53 71 36 61 51 37 38 1 2 11 58 41 3 26 17 21 48 57 19 10 29 75 12 79 46 59 47 64
10: 80 22 32 62 47 49 18 36 15 16 17 74 75 69 38 20 54 37 2 60 14 25 24 79 33 57 31 76 63 45 8 70 23 30 53 44 56 1 68 73 28 67 72 71 58 11 40 12 6 51 21 41 43 39 64 26 46 5 7 19 59 61 42 55 52 65 3 78 4 66 27 13 48 35 9 10 50 29 77 34
11: 50 52 78 62 6 51 75 67 12 7 33 2 35 20 59 80 41 77 38 73 30 68 44 57 46 5 31 32 48 26 70 61 9 36 23 14 72 42 24 21 76 16 60 28 27 25 40 22 56 43 71 4 54 15 69 10 47 1 65 49 58 11 29 8 55 66 74 53 63 79 18 45 17 64 13 37 34 3 39 19
12: 44 35 43 51 38 25 33 50 49 77 14 64 3 6 21 20 78 36 34 37 73 57 13 80 40 7 70 18 12 56 17 45 68 53 74 23 8 24 48 16 63 69 26 27 46 62 61 30 4 2 10 5 52 67 29 71 72 66 28 15 42 60 41 59 55 58 19 11 9 1 31 65 54 22 75 47 76 79 39 32
13: 35 68 67 5 44 42 34 64 25 75 71 78 52 62 41 6 72 2 23 74 51 15 80 24 58 73 12 70 55 69 53 76 54 22 37 30 14 61 28 59 43 65 31 17 10 33 26 32 9 79 46 36 18 60 77 29 45 48 19 47 11 3 50 66 1 21 63 38 49 16 57 27 20 8 4 40 56 7 39 13
14: 40 17 66 29 19 22 15 78 43 39 3 12 36 20 27 31 21 72 48 32 51 23 50 80 68 75 34 7 77 8 10 61 59 24 30 2 16 58 54 11 55 56 25 71 52 14 28 64 33 47 1 4 35 76 44 73 41 74 62 65 9 42 6 57 46 69 67 37 26 63 60 45 5 38 18 13 70 49 53 79
15: 31 14 79 54 34 42 30 1 60 7 63 18 27 48 35 69 23 45 72 36 67 2 46 52 73 66 41 21 3 59 61 47 28 50 40 37 15 16 75 29 65 71 68 24 11 9 56 33 12 17 51 25 13 77 76 43 10 55 4 74 62 70 58 44 38 6 49 78 64 57 19 22 39 8 53 26 5 80 20 32
16: 2 57 64 17 63 24 5 23 35 55 11 36 80 18 54 50 65 71 76 13 48 26 62 47 52 59 28 72 8 34 75 74 10 37 1 16 9 46 78 66 7 30 21 77 3 20 49 53 42 19 43 73 79 31 68 51 32 69 45 44 56 4 67 27 40 14 41 22 33 29 70 15 61 12 6 39 38 58 25 60
17: 65 57 5 36 54 78 50 28 18 46 60 68 15 1 70 26 55 29 31 77 71 66 39 62 56 43 14 16 42 12 53 64 27 75 63 22 49 67 34 61 10 19 37 41 6 44 69 17 80 40 38 3 72 24 79 4 30 33 51 58 73 8 9 35 11 45 48 32 76 47 21 74 52 25 7 59 20 13 2 23
18: 6 52 66 80 21 24 2 34 13 57 12 51 75 1 55 4 43 69 58 32 71 8 45 41 5 10 16 74 11 40 63 30 68 29 28 67 38 47 73 20 22 50 18 60 61 39 17 54 23 64 46 25 78 44 14 15 7 56 49 59 3 72 42 65 27 70 62 53 36 26 48 9 37 31 76 19 79 35 33 77
19: 30 33 67 65 41 75 9 52 48 69 12 1 15 34 78 45 40 38 24 53 71 55 39 21 68 36 46 28 26 6 59 35 42 23 18 76 5 60 43 2 32 74 19 70 29 73 51 44 10 61 80 37 13 50 79 77 64 8 16 22 56 57 49 62 14 11 72 3 63 25 66 31 54 4 27 47 7 58 20 17
20: 7 73 37 23 20 8 13 27 22 54 33 71 80 67 47 79 34 5 6 19 14 21 72 18 55 50 32 44 15 26 31 10 63 49 40 65 69 38 56 39 46 9 1 42 77 51 28 52 17 36 43 4 78 58 45 70 35 16 12 11 53 3 2 57 48 74 66 59 25 76 64 29 62 60 30 75 41 61 24 68
21: 28 48 3 52 13 56 61 2 63 10 26 45 68 36 29 5 57 30 67 55 60 59 23 62 73 53 20 44 16 37 42 75 50 38 6 71 7 74 1 64 78 9 31 49 69 72 8 18 32 46 39 70 47 76 65 80 11 54 66 58 27 15 51 19 79 4 43 33 14 24 77 12 34 17 21 25 40 22 41 35
22: 40 66 11 46 18 26 60 75 50 43 48 10 15 20 30 24 58 32 59 68 23 53 33 34 13 45 29 4 69 5 37 79 39 67 47 27 80 70 36 3 51 17 8 61 72 49 16 28 12 19 1 2 14 6 52 57 38 42 74 76 62 78 21 71 55 77 9 7 54 22 63 41 44 56 31 73 25 65 64 35
23: 20 21 59 37 22 73 15 4 46 39 52 71 13 68 55 51 57 8 61 66 11 78 79 30 67 24 74 58 10 31 44 80 38 47 28 23 62 70 42 19 27 29 36 17 12 65 72 32 64 48 35 25 54 43 45 2 9 33 60 50 56 16 7 14 77 63 41 1 75 26 69 53 34 40 5 76 3 6 18 49
24: 18 7 74 30 45 14 56 59 11 8 71 2 39 12 62 68 73 76 44 13 51 49 9 53 34 25 65 70 36 77 55 27 64 28 52 46 38 19 22 17 67 50 47 21 35 57 33 29 75 61 69 24 66 80 16 4 48 10 72 63 23 37 31 20 26 1 6 42 3 58 54 41 78 5 32 79 60 40 43 15
25: 31 75 4 62 12 65 51 80 7 37 61 24 6 45 52 39 19 72 18 73 10 44 69 14 40 60 59 30 32 64 11 41 23 77 21 74 35 43 15 17 46 53 50 28 33 63 68 36 58 27 48 5 1 55 34 3 76 78 66 70 67 25 9 22 42 16 57 54 79 8 26 2 49 13 47 71 29 38 20 56
26: 23 63 33 49 39 28 50 66 80 1 74 25 35 72 45 31 36 22 71 37 38 34 55 26 68 18 41 32 12 61 76 67 79 70 27 47 9 53 7 30 57 40 21 14 6 69 52 75 48 46 58 42 78 43 3 64 8 65 62 17 59 60 73 54 20 2 4 51 10 44 29 24 16 11 13 5 19 56 15 77
27: 43 21 52 9 47 32 73 54 27 25 36 57 12 69 74 11 78 63 5 71 48 31 2 67 8 44 3 14 18 16 28 76 75 80 55 65 7 33 58 37 6 29 22 59 34 77 41 42 4 79 13 46 49 62 53 66 24 35 19 26 51 56 40 60 45 1 70 64 61 50 10 68 39 20 30 23 17 72 15 38
28: 11 47 71 52 9 6 56 72 22 30 21 8 58 43 46 57 40 37 64 28 14 44 24 38 39 31 51 49 55 53 50 63 25 48 75 7 36 62 78 41 18 54 3 1 80 66 19 33 32 60 68 2 16 29 70 20 35 17 15 13 10 45 69 77 59 5 79 34 23 4 61 26 74 67 42 27 65 12 76 73
29: 40 34 5 26 20 52 3 76 31 38 58 64 49 79 30 8 9 33 14 43 50 54 61 67 6 27 56 35 2 44 75 66 11 1 60 71 25 59 19 46 74 7 42 28 41 78 63 51 73 77 22 53 4 37 45 16 47 62 10 15 57 70 17 48 55 65 29 32 69 72 12 23 24 18 36 13 21 39 68 80
30: 16 23 80 77 71 2 12 57 8 58 74 37 17 70 44 27 49 48 54 30 56 35 5 43 72 65 15 46 52 36 68 66 62 39 28 79 41 31 42 24 4 67 33 19 40 20 7 60 29 78 64 53 18 21 6 76 13 22 69 26 10 11 59 38 63 34 45 55 51 9 75 1 3 73 32 61 50 25 14 47
31: 71 7 31 45 34 66 75 51 23 3 33 50 54 29 48 25 32 69 46 17 21 20 59 36 72 76 61 64 28 65 26 38 12 6 70 15 11 67 77 56 44 52 57 13 5 47 27 80 42 43 24 63 14 16 60 19 79 37 10 4 49 41 9 55 35 22 58 8 74 40 68 30 39 1 53 62 73 78 18 2
32: 27 6 58 25 16 35 12 56 49 73 14 32 1 11 77 72 31 23 5 34 44 61 48 68 64 80 30 67 57 63 75 40 70 4 79 24 45 9 55 39 19 20 53 17 18 47 8 2 21 66 15 54 36 60 69 28 42 10 7 71 37 13 38 52 3 33 41 43 26 78 50 51 65 59 76 62 22 74 46 29
33: 44 70 50 22 11 42 23 37 76 21 20 69 27 53 41 62 32 10 6 73 57 38 45 43 75 51 77 2 8 65 59 74 71 7 17 63 5 19 49 55 46 13 40 31 48 16 12 24 14 3 60 72 80 35 30 15 9 78 34 39 68 26 33 18 58 36 29 4 28 54 66 1 47 52 67 61 79 64 25 56
34: 67 29 49 9 62 80 3 11 33 18 47 61 69 6 7 53 17 36 23 60 70 56 52 43 25 72 37 50 73 46 15 55 77 75 78 30 19 22 65 74 58 59 71 66 13 26 20 24 42 1 79 54 48 31 32 38 16 57 5 12 28 41 39 64 10 8 14 68 21 4 35 40 44 63 34 76 2 51 45 27
35: 15 6 17 41 11 8 56 29 69 24 1 26 52 5 38 60 76 19 53 49 3 47 64 34 63 30 25 66 4 10 9 46 39 13 37 51 35 58 65 61 80 14 62 78 21 71 55 57 18 59 72 33 2 42 45 70 40 20 77 32 22 44 7 12 73 27 48 79 28 68 67 16 36 23 74 43 31 75 50 54
36: 4 10 67 15 70 50 11 21 37 53 5 73 66 77 76 80 62 30 78 57 63 27 41 38 6 3 7 46 60 19 14 16 43 20 68 32 1 33 39 40 69 48 72 52 28 22 26 65 35 54 71 64 58 36 31 8 2 56 75 55 51 59 18 24 79 44 29 74 49 23 45 61 47 17 13 25 34 42 12 9
37: 49 70 34 47 45 66 20 67 15 74 21 78 23 6 22 24 17 53 35 25 10 79 58 38 27 57 56 52 62 7 9 51 18 37 19 46 50 80 14 41 54 13 40 29 48 71 73 3 64 63 76 12 60 28 44 5 43 61 59 4 75 68 31 42 2 36 8 39 1 65 55 32 72 69 33 26 16 77 30 11
38: 7 43 59 61 78 71 2 64 34 24 13 46 70 16 30 4 10 1 20 36 63 35 41 19 75 27 23 52 15 5 66 26 8 53 60 79 50 67 74 37 57 17 80 49 51 45 69 21 18 58 29 76 38 11 31 44 56 9 12 62 25 65 77 14 40 73 33 42 47 55 3 68 22 54 39 6 72 48 28 32
39: 31 67 53 5 9 57 18 60 44 25 72 41 2 38 46 12 61 51 28 37 33 39 14 70 26 64 56 8 7 42 79 21 65 6 30 54 52 13 47 23 80 74 73 10 55 45 63 32 78 17 22 48 29 40 35 3 15 66 58 76 77 49 62 75 16 43 4 19 59 20 1 34 36 11 50 68 24 71 69 27
40: 65 17 26 38 71 11 45 15 8 52 58 31 3 12 62 56 9 46 29 47 73 61 25 37 20 76 24 68 5 23 77 63 4 36 41 42 28 2 10 74 70 33 14 67 79 18 40 54 48 30 59 19 78 50 80 13 34 22 44 60 39 7 51 64 21 43 35 49 72 75 32 16 69 6 1 53 27 55 66 57
41: 64 40 68 57 75 60 73 32 10 55 34 53 22 79 44 19 52 74 17 21 7 20 63 11 67 1 5 6 77 42 36 23 26 27 29 71 24 72 48 78 54 69 43 39 38 76 25 50 4 80 61 35 65 37 49 13 14 45 30 12 16 51 2 59 31 3 70 9 47 8 58 62 18 33 28 41 15 56 46 66
42: 11 4 19 37 1 56 74 45 69 25 23 55 20 46 35 7 39 57 40 3 13 18 6 8 17 2 24 76 15 73 78 14 61 47 36 38 5 33 29 50 54 64 22 68 42 72 75 65 16 41 79 77 62 67 80 21 31 34 66 44 63 48 32 52 27 71 70 43 26 60 59 58 49 12 51 10 30 9 53 28
43: 46 56 18 73 39 55 37 11 27 49 69 40 19 41 4 58 67 3 72 80 22 78 26 29 15 8 12 31 43 71 70 63 42 47 24 28 60 13 57 76 14 74 34 7 9 25 1 21 48 16 66 32 51 44 35 77 33 38 52 54 59 65 79 20 30 23 17 50 36 68 53 64 6 10 75 2 5 62 45 61
44: 37 67 16 23 32 39 10 4 36 17 26 69 61 72 34 5 41 47 11 31 27 6 14 46 13 49 55 29 77 7 1 28 44 8 60 22 21 57 53 59 9 78 45 68 73 64 71 20 3 56 2 74 58 75 52 66 18 33 15 63 79 40 30 76 25 43 80 70 35 62 38 42 65 54 48 51 19 50 24 12
45: 60 38 57 47 24 11 67 63 5 75 59 68 12 78 3 73 26 21 40 43 35 71 76 64 56 25 27 39 18 58 17 50 69 13 42 31 4 37 70 45 36 29 20 48 10 1 14 55 66 61 72 23 32 77 16 46 74 34 80 19 53 33 51 28 9 62 2 30 8 44 65 22 41 52 49 6 79 7 54 15
46: 15 63 46 53 48 2 71 58 12 69 9 41 7 43 47 17 5 79 76 61 42 14 57 78 73 26 65 11 56 13 16 28 23 67 32 45 44 51 60 77 49 74 22 30 33 80 10 50 1 55 18 37 39 70 36 66 62 24 35 21 40 19 68 64 75 59 3 20 27 25 29 8 31 6 72 34 4 38 54 52
47: 59 70 65 43 56 16 74 72 12 13 49 21 51 15 20 42 79 3 22 71 73 29 36 80 27 61 30 45 55 38 57 37 6 52 39 35 68 76 67 28 60 17 11 18 62 26 54 24 2 14 53 32 25 7 50 40 10 19 34 48 8 9 77 78 33 23 4 47 46 31 5 63 69 44 66 1 75 41 64 58
48: 37 5 13 67 45 12 36 55 26 39 79 51 43 33 71 24 74 75 32 62 41 46 78 25 10 65 3 63 77 21 64 44 47 29 4 22 14 70 35 15 19 27 53 54 76 73 49 11 38 1 40 16 7 66 20 50 72 28 34 23 60 48 9 57 69 6 61 59 80 17 52 56 2 31 30 42 8 58 68 18
49: 4 65 2 69 22 78 6 63 31 41 23 16 30 79 44 40 21 19 50 49 39 10 48 37 64 28 51 32 76 68 15 66 35 43 72 12 20 77 36 62 7 74 26 24 5 33 38 45 61 8 60 59 71 53 73 58 55 47 80 25 70 75 34 52 13 3 54 18 67 11 56 1 29 17 9 46 57 14 42 27
50: 49 21 48 44 34 32 8 11 76 14 30 19 68 43 5 75 10 35 16 4 38 45 72 59 36 42 70 80 22 20 46 33 56 1 54 2 7 71 40 15 53 51 25 63 41 50 69 47 64 23 6 73 13 29 24 28 65 74 12 37 57 77 27 39 67 52 31 26 61 79 66 58 3 9 55 62 17 18 60 78
51: 24 77 12 80 14 21 10 71 34 36 28 15 66 17 40 59 29 65 7 27 52 9 44 70 18 47 60 49 63 76 64 58 25 45 43 69 55 11 23 35 72 6 68 2 73 46 50 75 32 42 74 57 39 20 8 67 78 48 38 62 54 31 19 41 56 33 1 37 51 26 53 16 5 79 4 30 13 22 61 3
52: 16 36 76 54 49 68 28 47 66 24 67 39 65 59 62 34 23 77 9 43 32 72 31 50 48 44 20 4 29 10 42 55 25 22 13 35 40 56 15 5 11 1 17 14 61 75 30 27 73 74 79 12 63 78 2 7 71 41 80 52 19 26 64 57 33 51 46 3 21 37 45 8 38 18 53 58 70 6 69 60
53: 72 60 52 64 56 2 10 57 18 39 61 54 20 26 77 42 15 35 43 70 27 59 45 78 73 25 1 4 16 30 79 49 58 75 24 38 22 6 40 11 53 8 55 9 21 68 29 69 23 48 7 34 44 41 50 13 46 80 51 19 5 14 67 63 31 17 65 12 33 62 3 36 74 47 28 37 71 66 76 32
54: 79 59 49 11 47 17 54 80 73 1 16 65 43 62 57 56 66 30 13 42 64 26 39 61 74 12 69 45 35 4 21 31 44 70 10 77 68 72 3 25 14 76 50 8 7 9 36 40 46 34 37 5 19 63 32 41 78 71 24 51 20 23 52 2 48 28 60 33 15 6 29 18 38 53 75 67 27 22 58 55
55: 26 37 48 12 2 73 8 50 54 55 79 49 53 70 32 62 60 67 77 17 30 15 39 5 76 33 38 71 59 4 56 6 14 3 22 64 75 7 51 18 68 24 20 52 61 10 63 66 65 72 36 74 57 11 34 47 23 40 29 69 43 41 35 44 16 28 46 58 9 25 31 27 78 19 21 42 1 80 45 13
56: 19 33 63 65 67 4 48 20 15 37 66 73 35 60 42 36 69 31 22 39 10 2 76 26 44 12 6 7 27 30 54 62 79 9 32 74 52 24 53 77 75 64 78 58 5 29 16 40 68 45 23 14 28 71 55 72 56 3 25 61 11 38 41 17 43 46 49 21 1 13 51 80 57 59 50 8 70 18 34 47
57: 64 32 45 70 58 39 22 80 71 52 37 31 78 3 42 55 5 27 21 23 60 15 13 56 68 19 9 4 77 61 2 47 20 12 14 1 73 18 24 44 30 34 33 48 46 50 16 43 62 57 17 25 76 63 65 29 11 49 74 51 72 7 54 79 69 59 36 67 26 66 53 75 10 8 35 6 38 28 41 40
58: 19 63 36 66 51 80 47 10 48 9 24 60 14 40 72 42 3 49 1 77 55 71 78 31 27 70 54 29 37 23 53 18 11 30 39 64 2 73 50 67 25 62 38 34 8 28 4 22 52 76 12 13 33 32 75 26 6 61 16 68 21 65 74 58 7 59 5 20 43 69 17 44 46 15 35 41 57 56 79 45
59: 41 30 35 67 49 66 50 74 2 38 14 48 28 37 52 79 57 1 40 4 54 3 29 65 77 73 43 34 33 18 58 8 6 60 24 15 21 59 47 56 71 12 23 25 22 64 36 72 31 75 42 20 69 61 32 7 45 26 63 68 55 17 44 10 9 19 51 27 39 11 5 70 46 62 78 76 13 80 16 53
60: 44 19 63 16 41 2 64 50 15 4 20 26 18 48 34 66 68 5 60 71 73 40 38 29 28 49 80 65 47 11 23 10 78 79 45 25 22 53 67 37 27 8 69 51 42 3 77 14 12 70 55 76 30 43 52 32 59 72 61 1 75 7 33 35 6 58 31 24 54 39 57 36 62 74 17 46 21 9 56 13
61: 33 19 46 79 68 53 80 34 49 36 6 52 12 31 50 21 58 9 8 4 47 67 75 55 3 37 2 51 63 13 40 57 76 59 71 70 15 60 28 72 66 14 35 20 43 22 65 61 64 78 18 27 73 69 54 29 25 1 39 44 45 30 24 62 77 42 26 7 23 5 17 48 32 11 16 41 10 74 56 38
62: 30 22 40 57 14 53 36 8 1 49 37 45 20 79 9 77 67 56 70 50 63 24 17 19 23 25 21 54 39 12 52 68 5 27 26 34 78 69 75 29 66 47 32 59 58 48 64 31 76 60 43 3 33 62 44 61 15 2 38 51 73 80 42 16 4 7 55 65 11 6 28 41 18 13 46 10 35 72 74 71
63: 42 36 44 16 55 51 74 29 37 62 70 19 18 72 8 2 26 33 7 41 67 66 39 73 65 53 5 22 59 1 47 43 6 30 68 49 10 21 78 76 4 75 12 23 25 60 17 61 46 71 58 69 27 50 54 14 31 15 63 56 20 38 77 40 9 45 32 28 11 13 64 35 52 79 24 80 57 3 48 34
64: 72 43 7 29 68 80 4 18 15 60 8 40 59 66 19 39 14 69 64 57 78 6 47 28 52 53 73 10 70 74 20 58 38 36 44 32 67 77 22 56 24 17 62 30 21 63 33 50 48 2 45 1 23 41 26 79 54 75 12 51 42 76 25 27 37 55 16 71 3 11 35 46 65 5 49 31 61 9 34 13
65: 54 67 44 71 69 23 46 4 57 65 40 19 59 22 53 1 21 52 78 38 30 48 37 50 47 63 28 80 17 55 49 62 68 75 72 29 18 51 79 10 74 66 35 45 77 27 2 56 39 8 12 9 32 20 60 5 41 14 24 6 73 34 64 3 25 76 26 15 42 11 43 36 13 70 61 58 31 7 33 16
66: 55 53 29 32 44 69 33 76 20 4 37 77 66 18 42 58 25 52 16 48 68 10 22 60 54 34 62 14 28 73 78 79 71 24 9 46 35 12 51 59 64 8 50 21 57 67 27 36 47 31 6 38 49 61 15 17 65 72 2 43 41 74 40 5 13 11 39 45 1 19 80 3 56 63 70 7 23 30 75 26
67: 44 73 65 19 63 50 17 48 61 10 75 79 59 22 9 34 21 31 78 54 24 15 60 23 12 72 69 55 42 36 7 29 62 4 47 41 71 30 6 14 49 32 70 27 16 2 25 28 57 11 58 26 35 56 67 37 66 76 13 45 64 74 18 77 68 33 1 40 20 38 39 5 3 80 53 51 8 52 46 43
68: 1 68 64 77 25 40 52 46 49 72 55 76 45 16 5 75 67 60 57 14 9 58 38 56 48 37 62 7 59 79 70 34 11 13 51 80 26 24 65 44 32 23 42 2 66 27 19 28 39 31 33 73 61 47 6 20 63 21 22 15 50 10 53 43 41 69 8 4 54 12 29 30 35 18 36 71 3 78 74 17
69: 43 59 3 11 19 57 31 17 28 14 6 69 72 23 66 2 50 75 25 40 39 77 18 4 58 45 35 33 68 54 24 20 13 1 29 79 67 30 27 10 51 37 44 53 70 71 63 47 7 74 56 22 32 42 52 49 26 41 60 76 9 73 5 16 46 38 36 12 78 80 65 62 48 61 8 55 64 15 34 21
70: 1 39 60 40 53 18 35 54 70 79 34 74 36 14 63 11 76 33 28 55 67 66 19 8 50 2 43 80 52 65 32 27 58 68 17 69 42 49 51 38 20 61 12 46 24 29 59 75 26 13 48 9 44 7 21 37 25 78 16 64 23 72 45 71 4 31 57 62 77 22 5 47 30 56 6 41 3 15 73 10
71: 29 22 44 55 12 60 76 21 63 54 73 13 66 6 11 18 71 56 30 37 31 65 62 32 5 78 53 51 79 9 64 74 75 43 48 72 35 26 61 41 14 59 16 39 33 3 52 68 27 19 25 58 20 42 10 36 50 28 17 49 23 8 45 77 67 80 70 2 24 4 15 46 1 40 7 47 38 57 34 69
72: 48 79 53 23 22 62 76 41 54 75 25 7 20 43 6 16 46 80 14 59 2 9 51 32 24 50 11 17 66 70 44 45 57 1 78 8 52 29 67 65 34 5 33 15 36 27 31 73 69 30 72 40 18 42 21 13 47 63 56 71 3 55 49 26 58 28 10 64 77 61 74 19 39 38 35 12 60 4 37 68
73: 74 14 34 75 27 22 63 17 29 20 11 66 80 67 37 71 21 70 16 7 77 46 76 25 39 43 23 28 61 50 36 33 49 3 51 45 26 60 35 62 15 54 72 12 32 79 57 8 10 64 78 24 31 42 44 13 65 58 41 56 1 2 4 52 30 68 48 9 55 18 69 6 38 53 19 40 47 73 59 5
74: 11 22 66 33 51 79 35 17 50 58 38 68 61 75 37 20 1 74 76 44 21 39 60 26 42 2 80 4 63 3 48 73 23 29 54 31 71 19 69 6 12 43 65 5 62 13 24 47 59 28 41 64 15 46 67 32 53 27 14 36 52 10 18 9 8 55 77 40 49 34 25 56 57 72 78 70 30 7 16 45
75: 12 18 65 23 52 10 9 41 31 48 74 2 26 67 79 47 37 27 30 32 38 6 21 40 25 60 69 7 15 11 46 22 53 72 57 76 66 77 3 29 71 68 62 51 16 42 64 4 33 80 70 20 1 58 73 44 13 14 59 28 50 35 49 78 39 17 63 54 45 75 8 5 61 56 55 43 24 19 36 34
76: 69 71 41 64 66 46 58 32 73 33 40 4 30 60 52 1 43 62 44 7 22 6 56 12 28 63 68 74 31 26 16 13 39 24 72 67 42 59 55 75 10 77 2 76 34 45 38 35 23 20 17 65 80 49 61 14 5 78 19 54 9 21 15 27 50 37 53 70 48 3 29 47 36 11 8 79 51 25 18 57
77: 2 60 68 21 8 36 72 38 54 20 4 63 19 53 62 17 44 51 46 76 11 43 34 26 56 77 64 58 7 69 32 42 37 22 47 6 27 28 3 55 48 15 73 25 78 18 67 33 29 13 16 66 79 80 30 59 5 10 1 50 49 70 14 23 9 74 75 35 31 45 40 12 41 61 52 39 65 24 57 71
78: 6 7 58 16 55 42 75 14 32 48 57 9 60 17 79 68 29 1 51 34 61 33 45 77 12 22 20 38 62 47 31 69 43 3 78 39 74 15 49 70 11 23 19 52 67 80 50 63 41 18 40 76 53 56 5 64 26 25 66 71 13 27 24 65 8 28 72 36 44 37 46 4 35 30 10 21 73 59 54 2
79: 49 25 2 30 23 56 72 43 70 57 55 63 37 76 20 38 14 77 71 24 18 47 54 22 6 19 73 12 35 28 1 46 33 78 21 80 62 69 36 45 41 31 34 64 8 68 32 51 61 17 60 29 40 52 11 59 4 75 10 27 3 44 39 50 13 67 42 26 9 79 65 15 53 66 7 5 58 48 16 74
80: 77 48 45 32 76 39 58 36 7 75 56 30 42 55 54 14 63 25 9 44 49 38 71 62 6 33 13 12 57 53 78 31 52 60 17 29 2 27 37 40 35 5 15 64 41 18 21 69 46 23 24 4 73 70 11 80 22 51 1 66 34 50 28 3 16 72 61 59 68 20 65 10 79 74 19 26 8 43 67 47
1: 62 61 49 51 77 5 50 46 6 23 2 26 25 74 63 4 42 48 54 70 45 59 43 66 28 53 30 13 76 15 18 14 73 16 17 3 21 72 69 80 38 31 67 65 33 44 39 36 11 20 71 22 37 40 10 58 1 47 9 29 64 7 57 34 60 55 24 19 78 32 79 56 52 27 41 35 8 75 12 68
2: 7 22 11 37 58 75 45 5 72 23 44 15 9 13 1 29 17 52 63 14 42 39 73 76 65 64 31 18 32 55 41 27 80 8 35 36 10 48 28 56 68 40 49 54 60 59 16 78 2 71 20 47 30 12 46 67 21 69 43 57 6 26 51 74 19 62 50 33 61 4 3 38 77 79 24 25 34 53 66 70
3: 42 69 33 20 65 62 8 80 73 36 44 58 24 55 30 74 56 45 13 75 76 11 28 2 5 29 32 7 25 46 64 35 16 38 21 37 26 31 4 71 60 57 77 6 15 59 27 72 63 52 12 9 39 53 61 50 10 18 68 3 23 17 78 19 48 79 47 14 70 51 1 66 43 67 49 40 41 34 22 54
4: 51 50 71 73 45 28 23 15 12 68 54 75 31 74 38 25 62 8 52 24 80 60 20 9 70 77 18 6 4 27 76 56 53 11 1 66 37 72 39 16 44 2 42 32 10 64 21 14 33 47 78 34 22 58 3 48 26 63 29 7 30 65 13 67 17 5 19 57 43 79 61 46 41 40 55 69 59 49 35 36
5: 55 78 40 47 71 61 74 38 80 28 4 66 75 33 36 50 67 64 69 35 34 48 22 60 57 15 19 59 72 37 21 24 7 39 16 26 54 45 23 8 32 27 2 77 14 20 79 5 9 76 56 29 52 63 30 13 18 58 73 25 11 41 6 1 65 10 31 42 68 43 17 51 62 49 70 53 3 44 46 12
6: 61 28 66 7 16 20 41 21 6 48 63 35 24 67 44 11 38 77 27 5 65 13 76 80 75 49 50 72 53 40 55 29 36 58 60 34 15 59 43 47 69 9 51 62 57 1 52 19 73 8 30 79 22 39 26 56 45 17 31 18 54 42 2 4 70 3 32 74 71 12 23 78 64 46 14 37 33 10 68 25
7: 3 57 74 54 41 79 37 64 26 59 78 55 16 60 5 62 23 31 53 51 29 14 38 52 76 47 50 73 44 13 49 17 39 61 48 18 63 58 45 69 28 34 20 25 32 75 80 21 9 19 66 68 6 43 67 36 65 1 30 77 56 72 22 2 10 27 7 11 40 33 70 8 35 15 4 24 12 42 71 46
8: 34 23 80 64 79 31 36 71 51 7 4 38 28 75 62 74 69 25 9 58 72 78 40 33 14 13 45 48 8 37 77 19 52 26 10 49 53 54 20 39 57 46 17 11 35 29 30 27 43 5 1 22 6 2 68 55 3 66 60 15 32 61 59 41 73 16 70 56 47 44 42 50 18 21 63 65 12 76 24 67
9: 10 50 32 14 72 11 12 40 8 73 53 13 42 28 47 44 66 60 31 19 20 36 62 71 74 55 1 56 76 65 59 67 64 5 30 15 52 75 25 69 61 34 77 63 78 39 7 3 49 21 58 51 33 79 9 18 22 37 17 6 23 29 2 38 48 68 45 46 4 16 80 70 54 27 41 26 43 24 57 35
10: 51 17 59 11 3 53 63 39 26 34 38 27 55 33 56 43 45 1 57 61 24 71 47 68 13 67 30 10 44 69 52 73 14 41 31 4 6 58 74 5 60 80 9 66 37 46 48 54 32 70 23 21 2 72 42 12 65 16 64 28 78 29 49 18 79 36 15 8 22 77 20 76 50 40 25 35 7 75 19 62
11: 78 6 58 68 24 72 77 15 5 49 56 36 57 22 53 48 64 80 67 76 74 18 54 12 55 11 59 63 19 13 25 14 2 79 35 40 1 51 43 62 69 66 73 7 60 38 9 34 61 46 71 70 39 20 52 30 45 29 8 10 16 3 32 31 21 28 17 47 27 33 65 4 26 75 41 42 44 50 37 23
12: 3 46 35 59 21 70 17 37 73 62 79 33 1 43 54 77 58 23 36 11 56 47 51 24 7 27 25 52 45 74 72 44 78 22 67 63 66 64 69 30 28 32 8 41 57 71 12 65 40 14 53 2 6 38 15 39 80 68 5 34 50 10 20 29 75 60 4 61 76 42 13 26 49 19 48 9 18 31 16 55
13: 23 7 59 39 68 24 55 44 58 26 29 45 30 64 40 54 28 37 27 16 75 52 10 49 63 31 67 80 25 78 60 66 1 5 71 53 19 13 15 2 70 79 22 4 6 32 21 33 38 62 3 34 12 74 46 57 47 73 50 65 18 11 41 9 51 20 35 17 56 76 42 69 8 43 14 72 36 61 48 77
14: 66 41 10 15 39 54 6 67 44 42 53 21 8 73 47 35 9 3 32 22 48 75 64 70 2 33 18 71 49 52 55 34 69 40 5 12 7 28 60 11 30 31 51 68 80 4 79 19 77 1 45 17 26 16 50 36 23 43 20 65 78 61 58 24 13 14 37 74 56 72 59 27 57 38 76 29 46 25 62 63
15: 17 42 31 36 13 34 18 71 73 7 43 75 40 24 53 4 20 74 61 55 41 69 67 39 44 26 9 70 46 76 60 59 27 58 79 5 57 64 38 47 25 50 22 51 48 1 35 62 32 6 56 54 63 52 10 78 15 45 8 14 33 16 77 29 23 3 2 66 21 37 72 30 12 68 65 11 28 80 49 19
16: 3 2 43 60 40 31 46 13 6 37 72 23 39 59 64 70 20 54 78 63 34 8 71 33 73 35 18 41 45 57 74 22 26 61 50 38 51 62 1 69 24 21 67 17 14 77 19 75 56 15 28 44 5 11 55 58 66 29 49 16 36 79 12 48 42 32 30 68 9 7 53 76 25 65 47 80 4 10 27 52
17: 69 31 48 1 26 41 51 44 28 30 79 34 45 71 16 68 76 32 19 67 13 62 77 42 74 80 5 49 57 24 2 64 53 60 59 58 56 18 25 61 43 22 21 39 29 46 54 14 27 72 20 63 75 55 11 8 70 35 40 50 66 10 4 33 36 23 73 78 3 6 12 52 17 65 7 15 38 9 47 37
18: 2 70 30 25 66 56 5 68 31 80 60 43 16 52 62 64 74 12 15 36 38 8 53 33 13 27 50 49 73 34 69 1 9 51 54 78 6 41 67 77 28 4 14 72 22 47 29 7 40 55 3 76 39 18 26 59 35 42 24 63 75 58 48 71 23 21 17 19 37 57 65 44 32 10 45 79 11 46 61 20
19: 16 31 25 5 69 13 2 45 57 63 14 17 77 79 44 67 71 41 32 29 60 70 24 28 66 21 74 48 39 35 20 26 56 72 3 15 64 8 18 7 34 6 1 53 58 10 78 47 75 33 52 55 65 76 80 43 73 40 37 36 27 59 51 30 46 4 11 22 61 23 42 68 50 62 9 12 54 19 38 49
20: 51 37 10 12 71 39 15 60 38 13 23 73 41 52 59 72 7 2 61 70 19 55 79 65 21 14 45 54 17 50 77 1 76 69 56 31 66 58 67 42 33 22 74 27 63 9 46 5 26 6 29 49 11 36 75 8 28 34 24 68 25 57 48 47 20 16 30 44 43 35 3 78 53 64 18 40 32 4 62 80
21: 3 13 55 76 78 47 46 1 68 75 73 64 8 10 17 18 14 77 54 16 39 35 65 57 24 2 48 32 31 63 72 34 26 15 42 53 5 27 11 51 38 28 56 41 61 49 36 79 40 44 7 69 80 66 71 33 60 62 25 67 45 22 50 30 20 74 59 43 6 21 23 19 58 37 12 4 70 29 9 52
22: 62 32 70 27 54 74 60 13 24 36 30 49 23 46 59 33 37 53 57 1 31 15 55 67 14 44 21 22 66 72 20 39 11 79 50 52 63 56 9 51 38 43 80 3 61 69 17 34 4 2 19 18 10 41 68 35 7 71 8 76 48 28 58 45 42 75 16 65 6 25 78 29 12 5 26 64 40 47 73 77
23: 31 65 9 6 18 50 77 64 54 34 51 3 47 21 30 45 14 27 26 78 37 67 15 58 60 22 48 76 72 73 74 46 66 23 11 29 35 25 43 39 69 62 44 8 20 56 71 38 70 7 12 55 2 41 63 40 36 42 57 17 68 52 61 1 5 49 13 33 79 75 16 10 4 24 59 53 32 19 80 28
24: 22 74 48 78 26 3 50 10 52 33 2 7 19 69 79 42 1 31 44 68 54 36 21 4 16 40 13 51 76 17 37 34 66 29 70 53 25 57 28 55 41 6 5 80 75 73 27 12 15 65 63 24 67 47 46 9 23 38 49 20 35 71 56 60 62 77 30 14 58 32 18 45 64 11 61 8 72 59 43 39
25: 41 14 68 3 61 43 31 80 36 1 45 46 42 30 56 35 78 64 10 38 65 62 53 72 54 58 24 17 67 26 59 39 57 11 15 49 47 76 70 51 16 63 20 44 9 27 37 33 50 23 19 74 2 21 22 29 25 60 18 28 52 73 13 55 8 34 32 5 77 12 6 48 40 7 71 69 4 66 75 79
26: 65 72 46 48 76 14 9 12 23 60 10 57 51 19 77 41 43 13 80 17 35 29 24 45 74 73 22 2 1 33 71 47 64 28 8 5 26 68 63 32 25 44 70 27 40 49 34 42 20 50 75 37 39 6 79 16 56 3 67 69 18 53 62 59 7 78 11 38 21 54 36 61 55 15 30 52 58 31 66 4
27: 28 2 62 55 43 36 79 80 75 11 13 69 4 32 37 24 18 49 8 12 52 78 21 26 48 65 68 40 41 20 29 50 63 10 74 76 56 5 71 53 17 16 14 34 9 73 67 3 57 45 64 72 35 19 66 25 44 47 38 51 15 27 23 1 7 31 60 6 46 33 70 22 58 30 42 54 39 61 59 77
28: 56 16 50 45 43 60 25 72 34 38 51 54 27 42 31 44 4 70 5 7 53 64 26 39 37 24 1 2 77 11 80 76 52 20 29 10 63 14 58 62 6 74 15 36 78 12 30 40 65 67 57 8 22 73 33 47 69 79 3 41 32 35 46 13 19 17 18 59 71 9 21 48 49 28 75 61 66 68 23 55
29: 74 71 34 24 65 44 28 76 53 54 58 7 68 60 17 1 49 75 27 79 45 39 46 16 41 4 15 51 77 50 59 55 64 20 19 36 12 73 13 37 33 57 22 11 35 31 48 43 72 66 62 69 67 78 26 23 25 5 2 10 14 63 18 38 52 8 47 61 56 42 32 6 30 21 3 40 29 80 70 9
30: 25 7 21 52 31 41 74 8 13 48 61 66 12 38 23 77 26 59 9 57 16 28 73 2 67 32 42 68 47 69 62 22 34 27 45 78 70 80 19 76 51 11 63 3 29 15 43 72 46 20 40 58 49 71 56 75 1 17 60 65 10 30 35 50 4 5 55 36 24 53 54 33 44 37 6 39 64 14 79 18
31: 72 20 73 25 47 61 11 80 32 67 40 37 51 53 50 65 17 29 3 52 30 71 63 74 43 68 64 33 12 49 7 15 76 22 26 55 69 48 34 78 13 70 4 2 58 66 10 8 42 59 75 39 21 14 79 5 54 9 46 31 60 45 36 56 6 23 24 41 44 35 27 28 77 18 19 1 16 38 57 62
32: 2 63 19 55 64 6 13 77 72 48 80 18 79 7 62 8 27 45 54 40 44 42 14 50 66 59 26 11 5 41 70 21 39 16 22 76 9 31 60 47 33 17 10 20 38 28 29 32 12 46 52 53 43 23 69 25 37 68 1 74 61 78 71 75 73 34 24 30 36 65 51 4 3 35 57 58 15 49 56 67
33: 10 39 80 62 17 78 58 64 66 45 22 68 44 1 19 35 23 52 11 26 16 70 33 31 25 51 15 74 20 65 40 18 2 47 7 57 61 43 14 63 76 4 6 38 9 55 29 13 27 59 24 30 5 21 46 60 32 8 69 28 34 77 42 73 37 54 3 56 53 41 36 48 12 72 49 50 71 75 79 67
34: 50 54 3 47 2 42 25 26 58 28 45 55 52 10 16 72 75 41 44 57 32 13 14 17 59 62 34 8 66 29 65 22 46 39 7 9 71 60 76 43 70 11 15 53 21 6 36 51 63 67 40 37 30 48 80 56 49 79 12 20 73 19 5 74 4 78 35 68 1 33 27 77 31 38 61 64 23 18 69 24
35: 59 23 53 12 46 34 31 63 26 40 35 37 73 68 58 42 30 76 19 79 45 36 67 51 70 78 74 48 80 15 24 17 2 50 16 64 57 52 27 4 77 69 75 66 32 1 60 6 71 47 25 14 41 21 10 33 8 39 22 13 3 43 38 62 61 5 55 9 56 72 54 44 11 28 49 7 65 20 18 29
36: 57 51 78 2 30 12 41 14 79 59 37 1 65 29 6 74 3 24 21 33 55 23 16 25 20 27 44 35 62 61 66 76 39 5 8 11 26 19 60 49 77 64 40 70 48 7 42 34 63 43 9 18 22 69 71 56 47 4 46 45 52 68 36 13 10 31 32 80 28 53 67 54 75 17 58 38 73 50 15 72
37: 5 51 37 31 6 74 16 45 10 62 4 46 3 44 50 58 32 48 42 12 27 35 33 43 21 41 8 66 34 71 63 23 49 79 29 11 64 7 38 75 26 61 70 65 57 77 15 18 40 55 53 69 68 13 2 60 28 72 24 9 14 36 30 47 1 17 54 67 20 52 78 73 56 25 39 59 19 76 22 80
38: 59 10 27 33 26 71 34 54 69 48 4 36 7 44 41 6 73 37 60 80 40 19 29 21 42 16 18 57 32 68 24 38 13 49 61 72 76 14 20 75 65 70 30 63 79 51 50 46 64 25 67 78 22 53 74 39 12 55 15 56 28 9 77 23 8 66 1 17 35 11 62 45 47 5 52 43 2 3 31 58
39: 30 79 48 23 35 73 18 22 46 45 26 63 59 74 11 65 42 16 37 19 58 56 13 4 71 66 7 10 72 68 3 24 53 80 17 5 76 36 27 54 67 15 78 55 1 8 14 51 57 40 9 69 38 32 50 62 44 47 21 39 64 29 70 75 20 43 31 28 6 77 41 60 25 49 34 52 61 33 12 2
40: 61 31 49 43 11 75 16 21 44 8 53 35 4 29 76 58 32 79 59 23 30 67 13 28 63 40 25 66 41 80 36 6 55 15 18 68 73 37 17 33 14 45 39 12 10 34 78 24 48 7 9 77 62 57 38 46 70 2 54 56 65 27 74 3 52 64 42 60 69 20 1 50 22 47 71 26 5 72 19 51
41: 34 9 70 22 48 15 33 41 55 8 18 80 26 1 42 73 60 76 39 14 65 28 64 75 43 12 10 79 3 19 45 5 58 11 31 57 21 30 2 51 20 46 61 72 66 27 25 69 50 38 63 32 13 68 44 23 4 52 77 59 78 16 36 17 67 7 56 24 62 53 6 35 54 29 47 49 40 71 37 74
42: 67 31 48 16 57 29 61 47 45 59 26 77 36 5 80 20 40 38 33 22 13 32 44 51 63 28 73 6 68 52 10 56 69 72 41 1 79 75 9 3 50 43 30 39 35 8 14 7 54 21 15 19 37 27 24 17 55 62 53 49 46 58 42 11 64 70 76 78 2 65 71 18 12 74 66 60 34 25 4 23
43: 51 26 40 56 3 34 73 52 49 66 24 29 20 9 64 77 47 11 12 27 44 67 37 74 30 7 53 59 14 32 54 10 75 43 69 39 60 55 61 58 76 79 71 33 28 17 63 19 21 42 4 13 45 80 68 6 78 50 36 5 48 65 2 72 41 8 70 1 46 22 57 62 18 16 31 25 23 38 35 15
44: 2 12 36 37 21 18 14 57 11 4 8 70 55 75 33 46 16 25 50 32 59 77 54 60 53 66 61 15 34 48 40 69 7 5 35 44 63 58 68 3 28 29 64 26 38 56 76 73 19 13 80 78 65 17 20 39 72 62 43 49 1 9 23 31 6 52 22 74 79 71 24 67 47 45 51 42 27 41 10 30
45: 6 56 26 21 58 23 38 3 11 36 27 68 62 59 74 60 57 52 66 9 69 7 47 33 20 53 46 65 22 41 34 72 49 37 76 44 31 71 32 39 64 30 13 42 54 1 80 10 73 78 28 12 55 19 51 14 70 48 61 77 4 18 45 79 8 63 15 67 29 2 24 16 43 17 40 75 50 35 5 25
46: 67 70 80 24 49 10 27 74 72 41 34 20 6 25 46 28 36 48 54 60 1 37 59 16 2 68 8 3 38 50 40 23 62 7 65 51 75 18 9 39 32 4 61 77 30 45 42 11 22 17 79 64 12 78 63 53 35 44 29 31 57 71 66 15 69 26 76 43 33 47 56 73 14 19 13 55 52 21 5 58
47: 28 15 26 32 74 60 49 43 3 38 29 9 66 44 78 33 62 70 21 11 20 47 1 40 75 73 13 22 42 35 23 51 37 6 16 64 71 18 27 46 24 72 5 52 58 31 55 56 79 41 48 65 19 76 54 63 59 34 4 77 25 53 2 17 30 39 80 14 8 7 69 36 57 68 45 10 50 61 67 12
48: 18 37 49 2 21 25 44 36 80 71 79 29 64 77 8 39 1 22 5 41 74 57 15 78 56 16 34 75 38 30 31 32 61 69 65 10 54 67 27 48 45 76 13 19 72 14 40 46 33 28 7 17 66 52 60 11 73 3 24 35 20 55 68 70 63 62 59 12 42 4 51 58 9 53 50 6 43 26 47 23
49: 1 10 79 66 9 52 53 39 75 70 11 28 63 58 17 25 3 46 15 76 38 8 40 71 13 64 51 30 2 23 4 22 69 34 41 21 65 29 67 7 61 24 42 36 18 19 26 35 62 31 59 32 27 45 14 49 16 43 60 77 37 74 50 68 6 78 48 72 20 5 54 80 55 44 56 33 47 57 73 12
50: 66 43 80 10 11 41 2 62 53 40 27 76 70 69 5 17 73 35 68 9 51 64 12 38 46 33 59 28 4 78 63 31 77 55 72 6 58 3 26 75 74 21 79 56 8 1 67 49 65 25 23 60 30 36 34 42 32 48 61 57 7 45 22 15 44 71 14 19 18 16 39 37 54 13 24 20 52 50 29 47
51: 14 4 38 13 25 79 32 53 30 22 73 34 61 29 65 58 52 55 59 2 77 17 20 23 40 19 47 72 75 24 35 76 43 45 9 67 27 71 64 6 51 78 3 26 74 69 44 48 16 1 21 31 60 46 62 56 28 10 57 33 36 80 54 18 49 37 12 8 39 5 41 66 15 7 50 63 11 68 70 42
52: 32 1 75 60 46 72 70 79 8 16 2 56 15 27 67 14 69 9 28 20 23 42 65 40 29 64 34 58 11 13 62 51 78 50 59 73 36 18 52 3 55 39 33 45 41 80 74 26 30 53 61 6 54 4 66 17 68 43 44 37 48 7 47 38 21 12 31 24 25 35 22 76 71 77 49 57 10 5 63 19
53: 75 40 72 1 70 45 17 11 71 27 35 76 14 55 63 46 54 10 12 49 61 7 8 36 52 25 58 74 80 16 33 3 66 2 73 68 53 50 23 67 24 39 37 20 56 34 30 41 26 65 32 21 79 29 44 59 43 9 69 51 77 18 47 60 31 28 62 6 4 42 78 48 19 38 64 57 15 22 13 5
54: 52 27 71 63 29 51 66 25 44 47 13 10 5 58 23 78 18 46 62 3 76 80 17 68 33 19 48 20 35 69 22 30 7 64 12 14 57 70 37 28 11 50 31 16 36 39 4 61 21 77 38 40 65 43 26 75 42 34 15 32 72 53 54 24 79 45 6 1 41 8 56 74 73 9 67 55 59 2 60 49
55: 49 3 10 59 80 54 31 53 18 68 74 16 61 60 64 17 75 41 40 42 28 47 34 11 9 15 1 5 4 76 30 70 24 38 19 36 44 8 27 51 37 35 73 39 32 46 14 23 78 25 12 26 63 20 71 7 69 33 45 67 72 56 65 21 50 55 57 48 52 22 2 62 6 29 79 43 77 66 13 58
56: 47 31 5 48 73 10 35 11 66 19 79 45 24 55 4 29 80 42 17 64 78 60 76 49 32 39 33 43 8 25 38 50 62 15 52 3 56 54 23 34 61 28 21 41 71 12 57 44 13 63 46 67 59 72 27 51 65 20 18 74 16 68 6 26 58 2 77 53 37 69 9 30 7 40 22 70 14 1 75 36
57: 17 65 53 67 55 5 47 31 61 37 4 34 74 38 50 11 16 62 30 73 1 57 69 71 45 66 23 27 26 28 29 54 40 22 25 3 20 12 68 41 18 10 60 39 7 6 70 78 19 77 52 64 72 49 80 63 76 36 33 14 35 2 42 21 75 46 15 59 43 58 24 32 8 9 56 48 51 13 79 44
58: 8 60 40 7 50 4 80 58 67 13 33 15 52 70 41 57 6 47 63 23 25 21 46 12 38 66 14 11 75 42 53 22 9 18 62 54 56 72 76 34 68 30 31 69 28 49 65 10 32 1 71 20 37 78 27 61 3 16 43 36 39 73 79 19 35 64 51 59 77 48 29 26 44 2 24 5 17 74 45 55
59: 71 53 48 67 76 6 69 24 7 66 73 9 63 20 37 65 45 32 10 36 70 5 77 1 59 14 44 34 39 30 58 35 46 54 33 50 43 16 72 56 22 31 75 51 29 18 2 42 60 3 28 52 38 11 64 23 41 8 55 19 17 61 78 47 79 57 40 4 27 74 26 15 13 12 21 80 68 49 62 25
60: 48 33 58 24 4 66 34 37 19 70 54 12 67 64 16 6 44 3 29 25 30 5 23 27 77 31 17 47 51 73 8 15 78 7 39 14 18 45 80 53 22 43 20 1 55 61 59 13 11 38 60 40 49 35 41 52 36 71 76 65 72 46 63 56 57 21 9 75 69 62 74 26 10 28 32 2 42 50 79 68
61: 46 4 75 2 28 74 10 41 34 7 52 65 67 59 50 30 29 80 26 73 14 63 69 8 21 61 23 76 77 58 79 64 33 25 6 1 13 44 68 62 27 71 3 18 22 48 72 31 38 36 42 5 70 11 47 17 53 20 39 60 49 56 37 51 12 9 66 43 15 16 40 45 55 32 54 24 19 57 35 78
62: 80 29 1 19 20 52 31 28 46 49 74 14 30 35 33 25 68 59 8 12 48 72 2 21 61 11 40 65 37 3 32 22 47 55 53 16 51 17 10 24 38 5 77 54 75 69 63 64 4 43 76 23 39 73 36 45 26 13 6 71 7 18 79 67 62 66 70 60 27 9 41 50 15 78 44 58 34 57 42 56
63: 49 71 18 56 64 33 59 39 73 12 23 17 45 29 30 15 11 10 41 44 47 21 75 34 61 53 31 74 70 58 7 27 26 8 78 24 52 2 38 69 80 37 76 5 63 57 1 72 54 46 77 16 40 32 51 14 20 28 60 35 19 55 67 22 36 50 4 43 9 62 25 65 6 3 79 68 66 13 48 42
64: 39 71 2 10 7 36 50 11 31 66 48 55 58 75 67 65 17 13 68 57 21 47 44 40 43 35 53 4 34 14 64 73 15 38 22 19 18 51 54 78 37 29 46 9 5 59 1 41 76 63 23 52 3 12 49 45 32 25 69 27 8 33 74 77 28 60 24 61 6 16 42 20 62 72 26 30 70 56 79 80
65: 10 50 8 14 40 25 54 4 7 71 27 2 79 36 11 33 41 13 69 61 59 49 76 55 24 70 75 20 64 45 23 30 58 35 3 26 44 56 73 39 51 77 9 80 12 53 15 31 17 72 18 28 48 42 62 29 5 22 32 43 46 6 19 57 1 67 60 63 47 21 68 65 78 52 74 37 16 34 38 66
66: 75 65 53 54 57 22 46 45 43 39 48 41 73 47 74 36 9 13 63 64 40 25 29 26 35 8 69 4 58 19 70 28 72 61 18 27 80 6 55 79 37 14 42 11 21 50 3 67 78 76 56 77 1 44 30 59 52 17 49 23 5 60 32 7 34 24 51 31 16 66 33 20 68 62 38 10 71 12 2 15
67: 10 12 54 23 73 35 18 30 70 34 59 28 67 42 52 26 80 27 3 40 33 63 9 31 49 46 41 47 17 44 7 79 48 22 45 5 50 77 51 38 68 56 24 32 74 13 14 6 19 62 25 76 58 65 39 20 75 60 8 15 36 61 55 2 11 69 71 78 53 66 43 4 21 72 64 37 29 16 1 57
68: 78 56 34 29 39 65 1 66 64 12 62 67 13 18 75 74 22 15 31 61 60 55 80 27 44 24 54 52 14 33 11 21 72 49 43 4 35 59 70 8 41 73 46 45 68 5 71 79 50 7 32 36 53 30 10 28 19 9 37 63 16 76 48 25 38 23 6 26 3 20 51 57 77 58 40 42 2 69 47 17
69: 31 1 59 38 58 28 33 11 18 80 47 52 19 3 61 29 27 71 6 57 78 75 65 17 30 46 76 42 74 8 13 5 32 62 40 50 2 10 64 7 72 37 66 51 70 25 54 79 44 63 20 4 69 41 45 14 36 12 35 56 16 49 67 23 43 26 48 34 24 9 55 53 73 21 39 68 77 15 22 60
70: 67 19 79 42 7 22 55 63 47 20 69 80 5 40 53 46 39 51 48 27 2 76 71 57 37 16 29 26 56 12 59 24 43 17 38 28 21 25 13 75 68 8 11 66 15 3 61 65 74 64 36 49 77 4 1 30 10 70 58 9 32 31 33 54 34 62 78 60 72 44 6 18 23 45 73 50 52 14 41 35
71: 27 13 67 79 72 56 44 21 58 53 31 69 74 6 26 2 29 4 50 71 16 1 57 48 78 7 43 15 52 28 19 73 62 65 35 47 68 22 33 24 46 59 37 61 32 36 30 20 9 76 8 34 77 70 80 3 17 51 25 14 45 54 11 75 18 60 23 5 49 39 42 63 41 10 38 12 55 64 40 66
72: 3 39 72 25 57 52 27 35 14 53 47 31 46 42 66 40 58 20 56 8 33 71 1 49 13 80 62 28 41 59 17 23 18 74 63 7 37 21 70 24 34 43 65 15 12 75 67 61 6 11 2 69 4 44 54 79 48 77 10 16 5 9 26 50 36 19 29 68 45 38 55 30 64 78 51 32 22 76 73 60
73: 54 10 43 50 71 80 62 41 75 77 79 58 15 27 45 76 32 17 51 21 74 66 64 68 5 30 46 7 48 44 67 37 60 6 24 26 72 42 59 16 65 55 22 13 9 38 69 31 70 61 14 1 33 23 3 57 73 47 11 78 18 20 8 19 28 35 49 29 52 56 34 12 63 36 2 4 53 25 39 40
74: 77 51 16 29 58 70 33 61 60 1 26 17 56 65 48 2 76 15 4 64 37 72 57 47 42 74 40 22 25 80 75 52 18 30 7 12 35 44 39 78 6 13 31 63 79 55 62 10 50 59 69 71 49 38 9 54 41 20 23 14 43 34 21 36 24 73 11 66 45 19 5 46 8 68 53 28 27 32 3 67
75: 78 24 13 76 37 29 40 62 38 50 69 31 58 25 27 28 41 70 52 1 63 57 19 22 5 55 74 59 20 17 56 43 12 8 34 51 33 61 9 66 48 80 2 42 10 32 44 23 73 79 68 65 54 49 6 64 75 39 30 36 72 11 21 7 67 26 47 35 16 77 4 71 60 53 18 46 15 3 14 45
76: 15 23 77 63 2 3 65 50 67 14 68 16 26 8 58 80 44 31 56 24 32 17 39 10 42 9 74 62 11 41 28 71 61 48 1 5 45 70 27 78 53 64 33 60 66 40 13 57 46 22 20 43 52 73 79 12 4 25 29 37 7 30 54 35 76 47 69 6 36 21 18 34 51 38 75 49 19 55 72 59
77: 11 19 48 43 26 31 5 55 73 75 18 60 40 44 27 68 30 50 80 1 28 79 66 77 24 67 65 20 35 76 38 51 39 78 59 6 16 74 41 22 33 23 29 14 62 46 64 47 3 63 72 37 17 71 52 9 53 7 57 45 56 2 36 15 61 54 70 8 4 32 34 21 10 13 49 25 69 58 42 12
78: 58 52 19 50 26 21 8 53 18 39 68 15 61 17 64 3 57 65 16 11 5 59 31 56 33 40 20 35 42 79 63 6 34 41 44 25 55 77 75 45 9 32 60 29 66 43 70 2 12 7 48 72 54 51 27 37 38 36 76 71 13 69 30 22 74 14 28 47 49 46 24 78 73 4 1 23 80 67 10 62
79: 5 79 16 46 48 28 70 54 26 6 76 40 71 27 30 19 33 53 66 7 60 41 69 12 67 51 2 17 23 63 68 75 49 4 52 36 20 10 78 65 11 80 37 15 58 18 13 32 61 47 31 25 9 74 44 72 55 38 73 64 3 29 77 57 14 59 8 56 35 1 50 62 22 43 45 34 42 21 39 24
80: 65 42 69 10 6 40 18 71 51 34 80 77 39 16 74 17 15 59 29 20 55 57 46 7 76 13 11 41 25 58 4 9 44 27 37 24 66 78 32 5 73 72 19 22 23 33 2 48 70 8 21 38 47 14 62 53 61 35 79 3 64 36 63 43 50 54 26 52 56 12 30 45 28 1 67 75 60 31 49 68

instance parameter information
numMenOrWomen: 80
minLenPref: 80
maxLenPref: 80
skew: 0

