80
1: 63 66 34 23 71 42 58 49 74 45 27 70 48 77 65 2 33 68 29 28 50 39 43 55 61 54 35 32 60 46 67 12 16 5 62 76 21 18 8 7 1 36 56 69 13 15 73 59 25 79 40 64 22 14 20 3 38 26 10 75 17 6 41 53 31 72 24 51 80 57 30 37 4 78 47 19 11 52 9 44
2: 31 58 68 18 34 76 59 17 43 45 52 4 50 64 3 69 75 21 28 33 32 40 12 79 8 19 78 13 57 16 38 46 39 10 1 55 71 62 27 35 74 42 61 54 48 5 6 11 26 60 2 77 72 53 14 7 36 41 44 49 20 70 23 22 29 25 37 30 47 67 24 9 65 63 66 51 80 15 56 73
3: 44 2 47 60 10 31 37 7 9 62 20 27 14 21 66 54 4 64 16 40 50 17 22 78 70 42 12 28 79 58 46 57 1 48 41 74 25 67 63 68 56 6 53 80 36 32 52 26 8 39 15 43 24 55 13 34 30 69 73 38 75 3 61 72 65 35 51 76 23 77 29 71 5 45 18 49 19 59 33 11
4: 32 54 28 73 66 21 57 78 27 7 8 31 52 41 25 69 24 48 19 50 61 15 34 40 79 29 43 14 56 12 20 23 13 49 39 68 26 70 71 5 60 18 53 67 30 2 72 6 37 75 64 55 65 51 1 16 59 33 9 74 46 58 38 3 45 17 22 42 35 36 80 76 77 11 44 63 47 10 62 4
5: 6 18 50 9 2 10 38 32 78 39 77 70 29 22 13 19 61 58 46 27 56 74 63 1 11 34 65 57 71 8 55 79 49 76 14 54 51 4 12 53 41 24 66 25 15 64 30 26 35 17 69 37 44 73 7 23 68 80 36 72 42 40 62 45 59 31 43 52 16 28 47 67 5 75 21 33 60 48 3 20
6: 53 47 70 31 46 66 63 73 71 42 26 19 18 2 77 9 48 60 4 34 55 5 16 61 76 25 22 33 62 52 6 68 13 15 38 7 27 45 56 57 39 28 67 43 78 35 17 12 36 44 64 23 1 58 74 37 21 79 75 65 51 8 29 11 3 54 40 49 32 20 24 69 10 72 30 41 50 80 59 14
7: 60 28 61 37 69 35 39 68 27 33 46 2 56 47 44 7 21 24 29 14 63 12 49 53 66 59 26 58 78 67 6 25 76 38 55 19 72 9 1 10 23 20 52 42 41 54 79 18 16 36 65 15 45 51 11 75 4 80 17 32 31 77 74 48 5 43 13 71 73 64 62 50 3 8 30 34 57 40 22 70
8: 42 24 14 36 46 11 1 39 16 40 60 9 79 27 25 63 7 20 70 49 71 19 59 72 73 37 29 28 38 31 30 64 41 43 34 67 62 8 21 2 56 18 66 22 52 58 44 13 77 3 74 32 61 51 76 35 57 33 54 48 12 50 78 53 69 65 75 26 47 10 4 23 17 55 80 5 6 15 68 45
9: 62 12 69 27 74 31 79 33 28 46 76 63 7 10 45 66 51 1 43 32 13 25 5 53 70 20 42 41 9 34 29 40 78 68 67 4 47 59 23 2 30 49 39 75 16 80 21 54 35 55 26 15 24 11 36 48 73 71 17 57 14 6 64 56 37 38 77 50 72 19 3 61 8 60 44 52 18 58 65 22
10: 35 60 27 5 65 37 26 33 10 29 12 56 55 20 57 28 14 47 22 62 59 42 77 61 2 46 18 32 38 80 64 43 44 70 78 24 69 71 45 11 9 16 7 72 30 41 6 58 73 17 52 49 4 75 54 76 19 51 63 3 15 53 74 48 67 13 66 25 1 50 34 79 39 68 36 8 31 21 23 40
11: 64 40 35 71 50 9 26 70 44 2 29 31 41 80 11 33 47 1 19 74 14 4 61 65 57 45 43 37 7 78 68 75 25 42 18 27 66 60 3 22 15 24 39 76 72 62 5 30 21 23 58 8 53 79 69 17 77 6 32 28 34 36 54 48 16 52 38 55 20 67 13 10 59 51 63 12 73 56 49 46
12: 38 26 64 11 37 34 25 41 51 44 67 22 59 50 30 40 52 69 56 63 29 74 43 3 73 18 4 71 5 23 79 2 35 55 77 14 9 62 45 27 54 15 33 60 19 20 58 47 66 48 76 39 31 49 46 68 17 32 6 10 21 1 57 70 36 72 65 12 80 61 78 53 24 8 28 16 7 42 13 75
13: 38 26 69 76 48 17 43 29 56 53 61 46 68 3 12 52 62 2 70 32 20 21 23 60 13 40 74 65 9 72 58 22 36 4 25 18 64 42 54 5 1 67 7 77 34 59 11 55 47 78 24 37 63 33 28 39 6 44 50 31 45 80 71 41 19 51 75 14 16 15 73 79 27 57 66 10 8 35 30 49
14: 37 71 41 49 28 30 17 59 39 3 70 19 56 32 62 38 13 48 68 67 55 35 22 57 25 53 44 80 69 8 15 18 66 51 4 47 27 9 2 33 34 12 58 64 78 36 10 7 46 63 43 65 72 75 73 31 5 21 50 23 60 76 74 52 14 26 24 11 42 20 54 77 79 16 1 40 29 45 6 61
15: 14 29 40 30 74 17 63 32 72 23 6 58 27 48 60 34 11 57 1 12 79 26 50 54 71 39 77 2 47 49 19 5 62 9 36 3 51 68 35 46 20 4 33 45 61 75 31 70 65 73 18 55 21 44 64 52 66 76 41 67 53 43 10 78 8 56 42 16 59 37 69 13 28 38 22 24 15 80 25 7
16: 21 54 23 9 37 59 76 39 34 45 11 14 29 15 12 78 32 6 60 74 24 30 72 57 65 43 80 5 36 68 18 53 47 13 19 26 8 48 52 38 61 50 2 62 66 17 4 70 79 49 10 51 77 41 58 3 1 7 35 20 44 75 63 28 64 71 22 55 16 40 25 27 69 42 46 73 67 33 31 56
17: 78 22 63 14 30 74 75 49 24 71 38 37 54 77 59 3 6 64 7 8 35 68 39 1 23 69 76 79 46 62 48 19 4 47 18 72 60 15 5 52 70 17 12 27 56 50 31 44 43 80 66 51 34 32 33 40 10 26 28 13 16 9 36 65 61 41 53 29 11 55 45 21 2 25 67 57 20 73 58 42
18: 72 31 29 61 12 16 38 75 51 80 23 47 30 56 76 26 18 15 64 36 27 6 43 70 13 54 41 40 33 52 78 22 10 7 68 69 66 73 77 32 79 21 42 14 74 45 49 9 71 53 25 55 2 17 35 67 8 37 59 11 65 48 1 3 5 19 4 46 57 20 39 63 24 62 28 34 50 60 44 58
19: 20 61 49 32 48 55 79 8 72 62 22 40 75 76 53 41 4 33 56 54 21 11 6 60 65 26 24 16 80 71 52 14 68 63 3 39 70 28 42 9 44 31 73 66 18 7 47 77 36 30 37 1 59 69 17 57 58 50 23 5 35 19 10 29 74 12 46 45 13 78 64 51 27 67 38 2 25 15 34 43
20: 47 32 28 59 60 34 44 5 41 74 40 63 10 15 31 73 4 67 30 22 2 13 21 16 62 35 66 36 72 27 18 6 9 46 80 19 33 78 14 76 42 55 38 39 61 57 48 79 8 45 37 69 24 25 26 71 77 68 1 65 11 29 52 17 56 49 75 7 50 43 12 3 70 54 23 58 53 51 64 20
21: 36 7 63 26 42 50 73 13 80 69 70 27 41 31 38 65 39 16 44 57 11 60 15 23 71 47 12 76 18 56 9 8 61 35 32 5 25 78 64 4 20 74 14 22 24 54 53 30 1 49 3 68 33 48 55 37 59 29 75 40 66 51 62 34 19 72 6 28 52 17 43 46 2 21 58 79 77 10 45 67
22: 24 6 31 63 45 34 21 65 61 32 37 73 54 26 29 48 56 49 79 30 78 35 1 71 33 7 72 12 57 53 15 25 58 70 75 69 47 76 36 5 68 41 51 20 17 4 50 27 62 74 44 64 28 66 22 23 13 67 52 10 2 9 38 55 8 46 77 3 19 60 16 59 43 14 40 42 18 39 80 11
23: 39 79 20 67 46 3 25 76 56 53 62 73 29 47 75 68 11 78 77 33 37 21 71 28 38 54 80 9 30 51 70 16 45 18 34 2 32 44 64 13 15 27 61 72 48 55 58 65 24 6 57 40 41 5 50 59 31 14 63 66 1 69 23 43 26 4 17 19 22 35 12 74 7 10 52 8 36 49 60 42
24: 62 64 7 33 44 38 50 63 55 71 29 14 68 77 16 66 3 58 8 76 37 13 19 9 1 51 74 59 42 49 45 73 22 47 24 35 39 31 32 17 53 20 41 34 54 11 69 30 79 52 75 4 40 28 65 36 70 12 57 80 43 25 72 56 46 27 15 23 2 61 78 48 21 10 18 5 26 67 60 6
25: 46 19 11 27 10 35 29 72 6 68 75 36 9 51 77 41 53 73 8 22 37 5 4 69 3 64 47 24 23 59 43 66 25 42 31 61 78 63 34 2 80 1 76 45 57 49 40 26 17 62 16 55 52 15 44 48 28 71 7 50 39 65 13 67 20 70 79 18 74 14 32 54 56 30 38 21 33 58 12 60
26: 55 6 19 50 71 48 11 46 21 57 15 31 51 35 9 16 34 37 4 66 1 12 33 28 20 70 49 13 40 61 80 59 36 54 29 58 77 67 74 2 62 53 26 56 75 52 8 17 24 41 27 14 60 65 23 72 39 76 5 73 42 3 78 47 63 32 38 18 69 79 44 45 22 30 68 64 7 25 10 43
27: 39 40 66 80 14 20 70 49 17 56 15 21 42 5 65 76 10 43 59 51 4 53 9 2 38 55 54 45 36 77 41 30 79 16 6 19 13 22 26 18 25 11 48 62 64 60 27 52 7 28 32 46 24 37 33 23 31 50 74 78 69 63 57 68 34 29 71 61 12 72 1 47 3 75 44 58 35 8 67 73
28: 42 65 21 30 63 57 13 56 75 47 64 66 44 70 45 24 53 31 51 62 69 78 80 61 11 46 22 5 16 73 74 4 19 37 8 15 68 40 17 28 77 50 20 41 9 48 36 10 54 72 7 18 26 23 59 27 58 3 32 76 60 34 6 14 39 25 29 35 33 2 52 1 55 79 43 38 67 71 12 49
29: 22 59 7 23 18 50 72 8 3 75 52 2 31 40 42 79 80 9 38 65 60 21 44 43 73 64 54 58 63 26 56 24 33 53 77 32 46 62 61 78 76 17 20 57 16 14 11 1 34 41 19 51 69 67 6 35 15 47 66 39 4 5 70 45 27 48 25 28 29 74 55 12 10 68 37 49 13 36 30 71
30: 13 77 34 1 75 68 43 17 36 15 79 8 12 56 14 39 63 62 53 45 30 73 51 71 52 4 26 57 40 33 23 32 2 67 70 11 9 16 22 3 76 10 37 59 25 29 65 49 61 31 50 44 20 28 69 72 47 48 24 74 54 21 6 64 80 78 19 42 5 46 18 58 41 7 35 27 60 38 55 66
31: 61 45 19 12 2 62 63 53 67 37 31 18 32 38 13 47 35 70 76 44 5 30 66 49 11 51 41 9 16 1 10 23 15 58 75 73 69 4 42 72 27 80 71 34 3 28 6 55 43 33 29 74 39 65 60 79 77 36 8 21 68 40 78 25 54 52 26 24 14 22 46 7 57 48 64 59 56 20 17 50
32: 62 32 42 47 17 27 51 7 52 76 60 25 50 9 22 65 29 20 3 63 23 30 41 43 4 5 13 48 67 70 58 10 1 79 37 69 16 80 18 72 26 73 68 38 21 8 15 45 74 28 71 19 53 11 31 36 34 77 64 6 44 61 55 46 14 49 59 57 56 78 33 12 66 39 24 54 75 40 35 2
33: 47 61 29 54 28 71 62 74 46 22 2 75 50 1 6 80 9 70 55 8 3 51 73 52 72 33 32 5 76 14 59 79 10 49 19 78 64 67 16 69 35 11 48 26 13 60 4 37 30 36 43 57 65 31 45 21 39 58 68 7 44 66 23 56 42 38 15 12 17 40 25 53 27 20 34 18 77 63 24 41
34: 9 4 55 70 5 51 24 34 43 47 10 41 62 71 6 17 60 8 33 65 46 52 78 66 13 61 42 21 31 67 20 35 18 63 40 56 16 57 32 59 1 22 25 49 2 30 75 26 50 80 44 77 39 3 69 64 48 53 74 29 36 11 68 37 23 27 54 14 58 79 73 12 15 76 45 7 19 38 72 28
35: 49 9 11 19 1 16 62 80 17 75 4 29 18 77 36 42 56 3 10 78 53 32 6 27 43 71 57 54 66 50 30 40 35 21 52 58 79 47 64 68 39 55 31 69 23 7 25 61 76 5 33 45 38 37 14 34 59 20 41 51 63 2 13 44 46 48 8 15 72 73 65 22 26 67 60 24 70 28 12 74
36: 47 80 63 70 9 54 68 59 50 69 58 51 37 22 49 32 57 71 33 62 21 5 72 65 40 52 24 15 29 6 19 7 66 36 4 46 13 14 3 27 16 28 43 42 64 55 26 11 41 45 75 1 17 67 53 12 34 35 39 78 77 31 73 20 60 48 30 10 2 61 74 44 18 38 76 23 25 56 8 79
37: 8 53 77 48 10 26 23 4 45 49 15 33 34 38 24 70 61 69 66 50 80 13 68 3 41 44 46 62 52 78 56 36 60 21 2 63 76 57 71 17 5 20 16 29 12 39 54 28 47 9 11 27 64 59 6 74 58 31 43 1 55 25 18 75 35 67 79 32 14 7 65 40 42 30 72 37 73 51 19 22
38: 37 20 23 24 7 48 32 21 54 47 8 38 58 28 19 40 27 67 11 1 72 53 52 60 29 3 68 41 56 35 39 79 34 64 6 77 26 42 2 17 4 74 49 66 75 55 63 44 62 78 22 45 36 13 18 33 70 46 12 31 9 15 69 30 25 10 73 5 50 43 16 14 80 65 59 51 61 76 71 57
39: 46 29 51 3 76 27 58 66 32 39 42 65 34 22 25 6 50 75 54 41 9 63 10 73 18 44 14 30 35 49 70 57 5 21 12 55 8 15 24 67 43 71 7 45 60 47 40 56 37 38 79 19 11 1 62 80 59 20 13 69 53 61 17 23 64 2 31 33 74 16 77 48 78 26 4 72 68 28 36 52
40: 74 30 57 80 68 41 38 55 36 59 28 32 21 73 76 25 23 47 26 60 2 71 67 19 49 12 34 5 6 78 1 72 46 56 27 53 65 48 75 16 42 31 37 66 64 52 51 44 17 9 13 20 3 69 22 10 63 61 39 14 58 4 8 70 79 77 29 50 33 43 40 15 7 45 11 18 62 24 54 35
41: 48 52 56 29 44 28 64 80 24 77 58 62 73 37 67 31 41 14 22 68 50 13 36 32 75 57 47 63 3 16 71 21 27 69 60 11 34 7 55 66 10 2 9 23 35 72 49 43 76 12 17 18 8 30 79 1 65 54 51 38 46 59 26 53 42 78 19 45 61 20 33 4 39 70 40 6 74 5 15 25
42: 20 52 62 1 40 36 7 29 76 43 34 14 69 75 23 68 25 61 48 38 10 6 72 80 78 71 47 70 35 50 79 56 31 59 51 44 39 13 74 8 64 9 12 60 42 5 67 17 2 30 53 22 26 19 15 63 58 54 45 49 28 66 24 73 33 37 77 32 27 46 4 65 41 3 55 21 57 16 18 11
43: 11 55 37 50 67 48 21 56 64 49 36 35 77 45 26 8 25 6 79 73 22 42 24 76 58 13 7 19 70 71 9 61 41 57 47 66 18 5 1 12 80 4 32 54 10 16 30 29 33 43 23 34 74 27 68 52 65 44 63 51 2 20 72 60 40 46 15 28 69 59 14 75 17 62 78 38 39 53 31 3
44: 38 77 54 24 41 64 67 47 26 25 55 14 59 39 57 13 27 35 4 32 61 58 33 52 42 11 40 9 65 62 74 46 50 78 34 23 29 36 45 1 5 19 30 20 76 3 49 63 72 71 7 8 22 15 17 43 12 69 51 31 56 79 21 68 44 80 53 73 28 70 60 66 37 48 18 6 75 2 10 16
45: 71 57 32 23 43 14 10 59 62 79 26 67 46 30 27 49 37 41 40 50 53 18 5 39 68 19 20 44 80 4 2 63 31 12 8 36 75 17 16 55 58 21 9 78 69 45 29 52 76 77 11 25 70 7 48 60 61 33 51 24 34 22 72 54 13 35 3 38 47 15 1 56 6 65 74 28 73 42 64 66
46: 41 26 71 50 11 17 49 77 39 72 28 63 43 53 79 68 34 32 22 25 13 78 9 23 48 1 47 46 33 62 45 67 35 74 64 73 54 51 6 55 10 42 59 61 31 24 30 80 75 18 52 7 60 57 38 27 2 20 40 56 29 19 65 37 4 66 14 70 76 3 58 12 69 8 16 21 44 36 5 15
47: 58 45 47 55 20 66 30 10 74 80 63 78 59 57 60 67 27 70 76 23 56 43 42 21 25 51 12 73 6 35 39 36 32 68 40 48 69 46 52 38 64 28 22 7 50 17 16 75 41 26 72 65 5 19 31 14 71 24 37 61 3 15 77 54 44 33 79 18 62 1 34 9 11 4 53 29 8 13 49 2
48: 28 4 56 39 49 37 15 3 14 35 46 44 47 16 64 25 45 66 73 34 59 75 58 27 23 79 63 6 38 76 78 74 18 17 26 72 65 69 8 42 43 11 12 20 13 52 1 40 2 41 57 80 67 71 10 32 5 55 30 33 61 60 29 62 68 70 21 53 22 50 7 31 51 9 54 36 24 48 77 19
49: 55 49 48 28 73 16 31 20 45 18 4 25 15 14 12 2 33 77 66 53 30 75 71 5 24 3 74 40 7 23 1 80 62 46 60 26 39 32 56 41 11 42 70 57 72 44 63 50 51 54 27 34 52 79 19 35 9 10 38 69 6 43 68 61 22 58 36 64 37 13 21 65 67 17 8 78 76 29 47 59
50: 76 75 53 70 64 29 41 23 49 46 34 77 79 31 17 6 9 56 78 25 30 48 35 12 50 68 62 80 20 54 11 2 22 5 8 73 60 43 16 27 10 28 45 19 14 65 58 39 42 57 33 36 47 51 13 72 69 38 4 61 21 59 52 37 26 40 44 18 7 3 74 55 63 66 67 32 1 71 15 24
51: 72 39 48 74 75 65 22 79 32 41 5 57 3 49 27 70 12 24 78 13 26 80 46 36 16 28 68 60 15 8 7 69 20 61 38 31 51 53 17 71 66 47 18 10 43 62 33 6 63 2 29 21 52 37 64 55 76 50 35 40 34 4 11 25 58 56 44 23 77 73 1 67 19 54 42 9 30 59 14 45
52: 49 58 46 14 21 38 47 13 18 12 61 57 10 36 50 79 31 77 37 69 80 62 23 28 29 56 71 9 26 2 20 59 19 6 51 45 48 35 39 40 27 73 64 3 72 70 75 25 24 54 30 65 33 74 15 32 68 22 43 16 63 4 66 67 76 34 8 11 7 41 53 1 42 5 44 78 60 52 17 55
53: 54 59 3 29 9 50 1 19 44 17 48 68 49 43 80 36 12 67 57 6 46 39 71 70 28 15 77 60 66 53 23 31 37 74 47 14 64 30 40 45 69 11 52 20 76 42 33 56 38 4 21 75 26 72 25 73 27 7 5 65 55 58 61 41 16 35 78 18 34 2 79 63 8 10 22 13 24 62 51 32
54: 24 28 25 69 73 75 71 47 45 7 30 79 6 39 42 16 26 8 14 2 59 60 33 62 76 77 22 53 74 27 18 48 80 63 68 66 38 29 56 15 3 21 58 52 37 10 41 40 17 78 12 54 50 4 20 64 65 11 1 51 44 31 61 35 19 55 5 67 70 9 13 34 57 43 32 46 49 72 36 23
55: 28 23 42 55 1 56 4 75 31 16 48 11 68 27 40 19 30 44 36 58 79 41 13 61 67 70 73 25 51 26 60 7 29 2 65 52 24 5 39 45 74 6 76 64 53 62 21 17 37 32 77 49 8 80 22 38 14 69 34 33 9 78 43 59 10 57 20 35 66 18 47 50 46 15 12 72 71 54 63 3
56: 56 5 50 12 68 33 77 46 4 18 10 42 15 79 29 57 30 9 66 44 80 38 37 61 26 65 13 47 34 3 28 64 43 55 60 39 59 17 41 52 76 45 48 75 71 63 2 70 14 1 23 49 6 73 22 8 78 36 53 54 20 32 72 16 21 24 11 62 69 74 19 40 58 67 25 27 7 31 35 51
57: 30 19 12 49 28 78 74 23 63 11 10 29 42 16 21 37 72 22 71 64 1 77 55 57 76 59 2 60 80 44 27 38 4 54 13 34 43 62 40 67 66 24 61 39 75 46 79 20 14 35 73 50 32 7 41 18 70 48 36 6 52 56 15 45 26 25 33 5 17 47 9 31 68 58 3 51 8 53 69 65
58: 60 43 6 16 39 40 57 45 29 4 34 78 54 79 76 27 59 48 71 14 41 80 66 30 19 69 53 72 74 44 8 12 77 62 61 67 73 58 25 18 11 20 68 35 28 26 63 70 51 36 47 33 75 3 56 1 22 55 37 13 38 24 42 31 64 21 10 9 50 46 2 52 5 32 15 23 49 17 7 65
59: 43 80 71 13 76 32 21 26 15 55 46 77 7 49 39 60 11 20 40 57 19 33 50 10 24 37 1 41 73 5 45 18 48 29 17 30 31 9 66 2 69 68 8 44 12 4 36 47 63 28 16 78 62 14 61 75 35 34 65 58 52 67 51 3 70 54 25 6 56 38 27 74 79 53 23 72 64 42 22 59
60: 79 28 32 71 44 42 80 14 26 74 4 45 46 17 36 30 31 25 55 2 77 8 3 73 49 57 9 43 23 67 27 35 53 5 50 34 19 7 69 15 65 52 13 76 39 40 56 38 29 61 62 75 64 54 20 68 22 16 21 47 58 37 41 59 33 24 72 48 1 18 78 51 6 11 60 63 66 12 70 10
61: 24 30 1 35 39 58 65 73 60 67 61 3 53 40 66 56 59 41 17 34 69 15 79 37 23 68 11 57 70 6 44 19 55 2 75 78 54 26 76 36 64 32 20 12 16 72 10 50 28 8 25 43 42 45 31 46 7 74 71 9 18 5 63 14 27 52 13 4 33 49 47 29 22 80 62 77 21 51 48 38
62: 7 10 12 77 26 11 57 49 48 15 1 61 68 79 59 47 25 36 76 74 41 21 52 73 64 43 8 9 69 65 78 60 63 80 44 72 19 5 32 51 13 62 33 40 18 53 30 28 54 14 16 23 55 6 56 24 67 29 20 2 70 37 45 4 35 58 38 66 31 46 22 71 75 34 27 17 42 3 50 39
63: 25 7 17 69 33 6 4 27 56 49 58 57 12 39 34 73 65 1 54 63 50 20 61 30 32 31 46 16 40 35 15 68 9 52 14 3 67 51 26 28 76 44 21 22 2 23 70 55 60 72 37 10 11 77 19 79 41 75 8 48 53 74 43 62 18 38 71 80 45 13 64 36 29 59 66 5 47 24 42 78
64: 71 63 34 33 26 6 50 48 20 58 65 61 67 70 66 76 7 10 39 37 31 5 62 23 72 74 17 42 29 3 47 25 14 38 79 55 19 16 44 49 11 57 24 53 64 32 54 22 43 78 59 56 28 69 4 46 41 68 30 52 9 40 8 51 13 35 60 1 2 21 80 36 15 45 73 75 77 27 12 18
65: 56 38 61 71 47 58 2 27 8 69 30 40 22 10 62 39 32 77 44 3 24 68 29 66 12 72 76 48 74 65 34 50 49 78 52 21 67 14 42 63 4 51 79 15 20 55 37 17 7 54 25 60 36 13 33 5 41 1 35 19 28 46 11 26 18 59 16 53 75 64 70 9 73 31 23 80 6 57 45 43
66: 64 59 48 71 66 75 33 41 9 68 40 26 70 56 55 20 47 61 67 60 32 45 3 10 14 18 80 58 38 13 79 34 19 43 49 42 7 78 24 54 6 1 57 76 53 72 23 16 63 2 35 36 21 25 65 11 31 74 4 44 30 51 50 46 8 17 62 27 77 5 73 69 29 37 28 15 12 39 22 52
67: 26 23 22 47 24 31 78 64 41 70 17 45 73 44 68 59 27 30 76 69 7 46 40 48 12 53 2 18 72 4 54 11 6 49 34 50 33 65 3 67 9 42 58 20 38 61 80 37 16 79 19 60 51 36 8 55 10 57 39 29 74 21 52 63 28 35 5 13 77 62 14 25 15 71 75 43 56 32 66 1
68: 47 42 59 57 49 76 44 74 32 78 13 4 23 6 3 16 37 40 54 50 26 66 19 17 70 64 75 31 67 48 5 30 53 22 80 58 73 2 62 79 1 55 9 18 34 61 29 10 65 35 39 60 77 41 38 27 25 8 68 12 45 56 21 28 20 69 14 63 71 72 33 46 52 7 15 51 36 43 24 11
69: 59 49 61 69 64 55 68 42 19 65 45 8 43 3 2 25 23 24 60 57 22 58 46 71 16 75 18 33 12 63 77 26 51 74 56 48 1 21 36 31 32 30 27 80 73 78 14 44 54 72 37 40 79 62 76 38 5 41 39 11 4 10 28 35 70 52 47 50 34 53 15 67 13 29 6 20 17 7 66 9
70: 7 51 21 55 9 48 5 19 27 10 65 20 40 4 71 37 30 41 36 63 3 50 2 46 59 52 76 35 56 64 17 44 11 74 73 62 77 1 31 49 60 47 38 42 66 57 12 22 72 68 16 25 69 28 79 32 29 34 13 58 53 61 75 45 18 26 80 67 23 14 39 24 78 70 33 54 8 15 6 43
71: 5 42 49 62 22 17 58 44 29 50 13 11 18 72 28 2 56 1 66 27 20 41 31 79 24 14 80 63 45 69 78 61 39 10 9 40 30 48 33 57 52 23 12 46 36 70 51 35 60 32 4 8 67 71 3 38 77 7 65 73 16 75 64 54 21 19 34 47 26 43 15 59 6 25 76 68 53 37 55 74
72: 59 53 8 47 58 71 14 32 64 76 7 27 62 19 23 18 1 72 9 51 16 63 37 28 22 35 66 61 73 36 70 54 6 30 11 69 15 38 60 68 20 12 4 74 3 41 79 43 2 52 25 55 5 44 21 40 49 56 24 33 48 65 50 10 78 57 42 34 45 39 13 46 17 75 29 77 31 26 80 67
73: 56 55 30 23 11 74 44 45 7 46 2 70 53 65 33 24 38 8 12 51 52 21 62 37 60 5 32 28 15 41 73 78 68 19 47 71 80 25 66 48 59 76 10 69 22 75 42 20 54 26 40 14 58 50 16 61 9 1 6 17 79 57 36 72 49 39 64 35 29 34 77 67 3 27 4 18 13 31 43 63
74: 71 3 42 80 61 21 30 62 76 9 70 15 39 65 28 59 77 5 58 78 18 2 50 35 44 23 67 64 45 27 25 32 38 73 72 41 29 34 7 8 60 19 20 63 12 14 40 56 47 6 52 13 24 55 69 10 11 37 49 36 22 68 66 46 51 26 4 53 57 74 43 48 79 16 17 31 33 54 75 1
75: 28 75 3 68 41 60 57 69 18 65 17 33 58 78 66 34 47 76 37 40 4 43 45 80 53 22 25 23 11 44 50 52 56 54 63 39 27 12 49 21 64 31 77 9 10 32 51 36 35 20 72 62 73 7 48 74 14 8 5 38 13 24 55 15 1 26 6 67 29 16 2 42 19 46 79 61 71 30 59 70
76: 71 54 51 36 44 30 29 38 34 77 73 12 80 31 46 49 27 57 40 5 76 39 6 59 33 14 56 70 45 41 66 55 79 17 68 28 21 25 65 19 35 48 13 64 22 24 42 18 9 2 75 32 72 16 53 58 23 26 8 10 67 37 1 61 78 52 63 11 3 74 60 43 15 50 7 62 69 20 47 4
77: 50 52 2 49 27 44 16 76 15 70 23 78 9 55 37 71 32 53 69 3 29 74 56 17 58 5 54 19 21 20 80 63 7 61 34 33 51 79 10 31 41 60 75 38 57 39 35 12 6 65 46 28 13 47 40 72 67 43 4 8 59 14 42 11 18 62 22 26 45 64 25 73 48 1 77 30 36 66 24 68
78: 52 70 57 28 43 36 40 22 54 31 34 60 68 3 27 79 69 48 6 71 2 19 76 38 30 59 17 8 7 1 18 11 29 39 47 80 77 55 45 15 9 14 4 74 24 63 49 46 65 10 21 72 12 13 26 58 23 56 16 42 73 61 5 62 53 41 51 44 25 78 67 75 35 33 64 32 66 20 50 37
79: 67 24 41 78 32 3 64 17 69 27 33 72 7 45 18 20 68 10 71 30 77 58 42 79 11 47 75 53 46 22 49 80 21 28 12 74 60 73 38 59 13 65 2 66 43 70 6 23 29 14 26 25 9 36 44 76 4 16 51 8 31 35 5 55 37 19 54 48 15 34 63 1 40 39 52 61 56 62 50 57
80: 64 8 37 31 9 19 34 77 33 3 56 10 6 38 78 42 22 11 52 66 7 63 29 48 5 68 26 44 76 61 17 55 69 21 60 14 27 25 2 32 58 12 45 67 35 13 79 49 73 43 71 74 57 36 4 50 16 65 47 23 18 39 62 28 46 15 80 75 41 54 24 20 40 59 30 70 1 72 53 51
1: 14 50 32 36 22 15 8 49 71 18 21 28 1 13 7 52 47 58 51 54 33 67 30 2 48 43 72 6 39 75 20 3 5 26 53 55 60 37 16 19 27 45 23 57 79 17 64 65 80 78 63 35 38 24 62 9 76 77 73 56 10 31 70 69 59 40 46 11 12 29 25 34 66 61 41 42 68 4 74 44
2: 17 54 57 46 31 18 68 4 9 24 77 79 74 58 25 6 52 76 15 80 55 39 73 30 60 38 29 65 5 53 33 50 44 64 36 45 75 11 78 34 49 43 26 70 13 20 47 63 61 7 56 35 21 12 10 27 32 1 41 48 23 72 66 22 8 16 62 2 40 69 37 19 28 51 42 14 71 67 59 3
3: 37 8 77 78 12 22 42 24 45 34 21 29 39 38 46 66 51 41 6 53 31 44 33 71 19 50 36 72 58 14 70 80 79 60 76 9 57 65 64 27 49 2 47 69 48 15 13 55 61 7 56 43 1 67 59 73 62 20 35 5 28 54 32 18 63 11 68 10 4 75 40 16 25 52 26 3 30 74 23 17
4: 19 33 9 7 75 20 1 50 37 29 53 74 26 16 39 58 54 11 72 30 22 67 41 48 13 61 34 73 14 18 31 60 36 46 40 71 25 79 28 62 57 44 23 17 45 70 65 66 10 43 12 38 8 5 64 27 3 24 2 55 69 76 4 59 80 77 78 6 15 21 42 56 68 49 35 47 63 32 52 51
5: 43 19 79 21 36 63 18 54 39 8 58 10 55 41 7 29 66 70 28 34 31 27 45 67 20 4 30 65 51 6 59 80 35 23 56 16 68 22 44 37 12 75 62 48 33 9 73 38 5 15 32 74 64 11 71 47 42 78 25 14 69 61 26 76 2 77 72 49 3 46 53 52 13 1 50 40 17 57 60 24
6: 36 76 32 30 40 2 28 23 61 62 42 3 8 25 48 65 79 78 21 13 74 69 18 5 51 37 70 63 53 50 72 20 12 39 47 80 34 67 17 59 31 27 22 54 77 49 24 55 10 75 57 33 1 4 35 11 7 44 19 66 9 26 60 73 64 15 68 38 16 45 14 41 56 71 6 58 52 29 43 46
7: 54 35 24 76 1 12 18 74 16 59 17 69 48 3 53 7 25 2 14 20 51 63 79 32 61 10 42 4 21 36 67 41 13 78 33 9 57 70 49 23 38 29 72 27 77 64 39 15 5 28 47 30 80 40 73 66 52 55 62 19 44 71 34 22 50 75 43 68 45 11 60 26 46 37 65 31 6 56 8 58
8: 37 15 77 7 64 9 68 39 61 26 4 48 51 79 72 45 6 2 65 12 8 53 14 43 70 21 74 50 11 52 31 16 29 36 76 56 73 13 35 80 20 33 17 19 23 55 49 40 67 46 59 62 22 30 60 10 24 58 78 47 69 18 5 44 54 41 57 42 1 38 71 28 63 25 34 66 75 3 32 27
9: 75 37 19 51 74 63 39 14 78 44 23 5 38 58 80 69 15 62 64 56 7 42 52 21 41 11 72 1 48 4 70 32 77 46 45 22 29 33 3 71 66 35 26 40 43 24 12 55 47 65 13 25 27 54 9 79 8 59 49 57 67 73 6 61 31 36 68 17 53 60 30 28 16 76 10 18 20 34 2 50
10: 75 50 65 60 70 8 51 38 46 56 11 33 31 53 73 39 25 34 10 20 66 43 74 9 76 23 54 63 4 64 32 48 14 19 77 35 52 79 2 58 49 71 44 61 59 3 80 41 45 17 27 69 26 72 15 37 28 47 12 42 6 21 1 62 22 18 36 13 68 67 16 78 40 55 5 57 30 7 24 29
11: 47 3 74 30 41 64 59 25 10 23 5 14 56 75 17 53 44 50 34 78 18 6 49 60 79 24 12 68 54 26 62 65 36 40 22 48 20 11 67 38 52 19 35 2 57 32 61 72 37 39 9 27 80 1 16 8 43 28 51 73 33 13 70 46 55 42 21 66 4 45 58 71 31 76 15 69 29 77 63 7
12: 65 59 14 37 49 2 13 62 15 46 18 33 74 29 39 54 34 8 42 45 25 44 78 24 17 75 71 50 67 48 69 32 1 57 64 35 31 12 77 4 38 10 20 80 3 52 53 28 60 41 30 22 63 43 61 5 23 36 70 9 56 7 21 16 72 76 47 66 40 79 68 27 11 73 55 19 26 58 51 6
13: 26 59 8 13 21 39 27 23 69 41 43 51 36 60 56 71 35 30 14 72 18 47 46 76 15 53 5 6 55 78 73 67 11 77 66 29 50 65 37 44 3 38 40 31 28 4 9 52 33 80 16 58 34 25 20 63 74 62 22 79 2 45 42 57 32 19 64 10 24 7 12 61 1 17 49 48 70 68 75 54
14: 47 36 32 52 61 71 11 7 33 43 67 49 35 72 19 8 45 2 16 60 58 50 75 79 73 28 42 53 17 26 59 78 34 9 51 40 21 15 39 44 4 6 38 1 46 24 41 77 57 25 55 22 70 64 68 65 5 23 80 31 69 63 74 76 48 56 12 66 13 14 3 37 30 18 27 62 20 29 54 10
15: 58 13 12 28 8 54 77 11 5 80 1 10 74 63 66 57 27 15 78 70 43 46 53 30 23 20 16 17 33 69 41 26 44 50 24 75 25 65 55 45 67 38 7 60 68 9 21 14 35 59 49 31 32 39 48 64 51 62 52 6 37 72 61 47 34 73 42 2 3 71 56 19 18 4 29 36 76 22 40 79
16: 54 65 76 74 11 37 56 18 52 67 17 29 77 72 46 19 1 9 30 39 28 69 62 35 14 26 16 15 50 3 64 57 44 43 10 79 48 4 75 80 55 25 6 24 36 45 78 13 31 34 20 22 70 38 2 61 42 21 23 49 47 68 60 51 66 63 5 59 33 40 58 41 53 32 71 27 8 12 7 73
17: 59 53 10 6 16 24 9 41 62 26 22 79 46 72 2 74 60 25 63 4 42 18 29 12 68 3 57 75 36 61 64 44 66 49 80 32 55 20 35 58 67 30 17 39 73 45 21 56 7 11 69 43 50 28 38 8 23 13 14 76 65 47 78 70 19 1 34 40 54 77 5 51 15 48 37 71 52 31 33 27
18: 58 30 34 63 54 79 50 16 14 80 4 49 42 1 15 20 27 19 61 32 55 45 10 41 33 46 77 38 3 23 9 71 66 2 76 65 13 74 59 57 72 24 22 62 64 36 7 53 17 44 25 56 48 52 43 8 18 47 37 68 73 78 60 40 6 31 26 11 28 69 70 39 29 5 51 67 12 21 35 75
19: 39 58 2 48 24 52 47 53 13 17 54 76 18 20 67 80 61 14 10 36 25 37 72 68 57 6 78 51 27 56 50 69 62 23 45 4 16 79 55 77 65 30 33 3 73 38 1 29 71 5 60 59 46 19 49 75 64 21 9 22 74 42 32 26 41 12 34 28 40 7 35 31 8 11 44 15 43 63 66 70
20: 55 19 15 72 44 63 78 46 9 65 64 2 39 41 4 14 27 49 26 66 58 42 38 45 22 52 36 43 33 31 32 61 70 73 13 75 34 51 60 54 67 77 20 6 80 59 17 18 62 30 5 12 76 48 11 21 10 29 53 16 1 8 57 3 35 40 68 24 28 71 69 74 37 23 50 7 79 56 25 47
21: 37 6 52 4 44 47 54 65 76 34 15 71 7 63 78 49 38 58 32 10 74 21 68 39 73 61 62 36 26 11 1 80 41 30 69 5 2 51 33 70 16 72 3 43 64 59 55 79 19 56 25 13 35 23 27 9 42 17 46 8 28 22 77 48 60 18 14 20 50 67 66 53 75 12 57 29 40 31 45 24
22: 5 33 48 64 78 53 4 70 65 50 45 41 61 8 47 74 6 57 75 63 49 44 27 76 21 24 79 29 62 39 16 58 43 40 23 2 42 14 20 7 52 56 34 38 32 1 80 22 30 68 46 71 55 10 67 60 25 72 73 69 66 11 37 26 54 35 19 12 18 9 28 31 17 13 51 59 15 36 77 3
23: 46 24 28 77 43 48 2 65 47 1 10 19 71 30 6 12 59 74 49 36 31 40 79 50 41 45 13 29 21 20 57 61 56 11 23 72 60 4 5 22 73 32 7 66 78 53 55 62 68 3 76 33 26 64 69 9 52 44 16 34 14 42 8 39 67 54 35 38 15 63 80 58 75 37 25 17 51 18 27 70
24: 62 1 39 8 73 63 42 7 19 12 52 61 24 17 9 40 47 3 77 64 56 71 28 31 78 16 55 57 66 76 23 4 30 36 38 15 25 45 2 72 43 6 33 68 65 41 60 51 69 5 21 35 26 32 27 49 14 80 22 58 46 67 59 11 50 48 29 54 44 79 18 10 70 75 20 74 13 34 37 53
25: 67 27 34 16 9 35 17 31 11 12 80 53 23 5 4 42 71 20 65 39 68 18 47 26 25 37 43 54 50 69 57 51 15 32 22 62 40 3 52 13 48 21 10 29 74 19 72 28 24 55 6 44 8 60 41 66 45 49 2 76 59 7 70 61 33 46 38 36 14 1 79 75 73 63 64 58 30 56 77 78
26: 45 10 75 59 39 1 71 11 63 29 47 60 77 13 58 72 17 79 57 2 55 78 56 19 37 65 7 33 49 76 4 25 23 51 14 28 74 15 80 46 27 9 44 43 12 48 24 31 32 64 35 5 30 3 68 26 66 21 73 52 18 36 67 16 53 40 20 22 34 41 50 42 62 38 6 70 61 69 8 54
27: 71 34 52 15 11 76 22 8 30 10 16 29 60 1 63 27 6 42 61 48 28 62 17 50 37 77 67 66 13 2 59 18 74 41 7 68 45 12 47 35 53 32 25 40 64 38 39 51 46 26 44 49 70 69 19 3 73 57 21 80 58 55 33 36 5 54 79 43 72 24 75 65 31 78 56 4 9 23 20 14
28: 69 34 5 26 24 25 1 27 15 73 20 39 65 16 77 76 21 32 64 72 59 75 79 13 12 2 18 50 9 43 52 60 68 11 42 45 47 29 10 17 57 6 8 71 55 22 53 51 41 36 58 30 46 7 80 66 38 23 67 74 78 3 28 49 19 54 61 62 33 56 63 44 35 48 40 70 37 4 31 14
29: 19 10 39 71 59 61 56 51 50 65 74 3 45 12 78 4 52 44 49 73 77 22 35 24 37 5 34 40 6 26 53 69 43 21 79 60 42 18 68 25 66 55 17 54 31 64 32 2 36 63 48 47 29 14 27 70 41 38 8 7 57 20 67 46 9 62 15 33 16 75 80 58 1 13 28 30 23 11 72 76
30: 64 15 50 4 76 16 63 44 49 77 35 17 41 45 47 10 54 72 3 69 30 46 71 56 48 11 74 75 33 8 2 28 9 36 80 58 31 13 73 5 24 40 62 70 20 43 59 37 51 18 21 29 68 27 26 32 1 79 66 78 53 38 65 14 61 39 42 6 52 67 7 55 19 12 25 60 57 22 23 34
31: 3 42 64 75 20 29 38 49 40 80 30 28 33 15 65 26 22 35 36 24 74 48 60 10 52 8 70 73 5 50 32 58 54 21 76 4 7 37 31 27 16 71 34 47 66 17 57 6 59 44 45 25 46 1 55 61 11 69 56 41 79 39 63 23 68 9 51 19 78 62 72 43 67 13 14 18 77 53 12 2
32: 32 29 38 55 6 80 4 5 44 75 1 45 78 12 40 57 73 62 14 36 13 51 46 28 70 21 47 64 74 17 52 49 16 22 25 31 42 37 20 35 66 19 58 7 56 43 65 18 68 26 15 34 76 24 61 67 79 53 69 54 2 11 30 41 77 27 9 8 23 59 63 33 48 50 39 3 72 60 71 10
33: 6 37 9 39 20 77 7 14 65 46 41 52 11 54 36 42 31 30 61 73 44 10 67 26 4 70 76 40 16 68 12 66 51 69 71 13 78 62 1 80 60 2 3 47 18 25 5 21 24 23 33 45 53 38 29 35 32 74 15 63 22 64 57 8 72 75 49 34 58 27 56 43 50 17 19 79 59 48 28 55
34: 44 80 66 77 41 76 51 17 19 23 11 65 22 12 38 71 59 52 15 40 62 14 6 48 27 30 57 36 46 7 37 60 68 29 45 3 9 75 67 58 73 10 13 32 34 42 47 18 78 4 31 25 64 49 79 33 2 24 72 69 1 50 53 20 28 74 61 70 5 16 8 54 55 43 26 56 63 21 39 35
35: 31 68 56 65 39 53 80 23 58 19 20 28 4 72 9 61 55 74 46 21 6 16 11 73 67 29 32 76 12 41 36 26 17 43 50 34 66 13 8 24 57 69 7 3 44 60 27 15 54 77 1 2 71 49 22 79 40 78 30 62 10 51 37 70 5 75 45 33 47 42 48 14 38 35 52 59 25 64 18 63
36: 57 68 38 54 21 59 32 53 66 31 24 61 25 34 22 77 71 28 64 30 9 80 13 44 4 35 27 18 37 62 46 1 5 78 40 26 29 55 23 8 43 47 49 42 16 72 6 2 36 75 41 15 79 11 19 69 45 58 33 74 65 14 70 67 51 52 73 7 63 3 56 76 10 48 50 39 17 12 20 60
37: 55 32 79 16 2 51 77 10 58 76 67 78 4 1 69 72 50 18 46 39 62 22 59 26 60 57 65 28 70 12 35 11 54 21 13 44 63 45 56 42 64 27 19 38 43 61 7 3 80 53 40 41 66 31 25 68 24 17 6 71 5 33 75 20 48 73 74 8 9 14 49 23 37 15 52 47 30 34 36 29
38: 46 63 34 74 10 44 18 14 50 19 75 20 57 4 72 3 69 53 39 60 36 2 62 13 52 1 27 61 77 65 43 33 40 38 49 11 79 73 35 64 31 80 21 15 6 16 66 29 47 45 68 67 42 48 22 9 41 25 7 17 70 54 28 26 76 5 59 51 55 23 32 8 58 24 56 30 78 71 12 37
39: 55 7 61 71 9 48 77 20 68 25 69 79 12 39 13 23 45 56 60 75 37 17 26 33 30 59 46 63 10 34 5 64 1 54 52 44 67 53 29 38 27 65 62 72 18 47 76 24 28 40 36 4 58 19 43 74 49 6 11 51 41 73 22 2 57 32 14 3 66 8 21 50 15 78 31 42 70 35 80 16
40: 65 55 20 32 35 44 73 4 2 62 9 60 27 1 70 72 52 42 46 78 40 25 31 47 58 48 75 16 14 54 39 13 66 11 79 64 51 50 68 74 3 49 10 24 30 6 19 43 18 71 61 5 69 67 12 38 56 45 26 36 21 22 59 76 28 41 34 29 7 17 57 15 53 63 23 77 37 33 80 8
41: 16 19 18 68 4 60 15 6 21 3 80 74 17 13 63 38 54 72 59 34 46 40 31 33 2 23 70 1 50 10 41 44 48 29 73 62 71 57 42 11 43 65 24 26 76 75 49 45 53 58 35 12 32 39 67 79 64 30 36 78 66 61 8 20 28 47 27 25 22 7 55 9 56 69 5 52 37 14 77 51
42: 68 47 7 40 57 65 75 44 63 56 15 17 51 64 22 26 5 30 1 37 29 50 38 62 49 61 31 13 41 46 2 78 67 18 10 43 34 80 21 19 11 36 76 59 53 28 39 16 12 24 33 60 35 45 69 32 66 42 79 23 70 4 72 74 52 77 54 9 48 3 58 27 55 6 8 20 14 25 71 73
43: 22 48 54 30 80 40 41 45 37 63 19 8 29 6 35 13 55 5 64 33 11 47 51 69 44 18 31 50 62 15 2 24 10 23 72 70 67 32 3 57 79 73 66 74 42 36 1 46 75 49 14 60 34 56 58 12 77 71 38 78 52 68 39 4 27 7 53 16 17 26 65 76 59 61 25 20 9 21 43 28
44: 2 27 72 16 35 37 13 66 41 65 42 51 46 9 10 23 71 75 63 45 7 25 15 20 62 5 59 69 21 77 58 53 38 19 30 49 17 61 79 36 48 70 32 18 76 3 44 22 57 31 14 39 8 24 11 6 56 34 67 29 12 4 74 55 50 47 43 52 1 28 73 68 60 78 54 80 40 64 26 33
45: 60 35 27 30 77 37 19 49 56 68 66 7 61 67 31 53 20 29 71 55 26 48 70 64 54 13 16 44 50 80 28 2 72 52 36 62 9 57 10 8 46 11 40 5 42 33 21 4 6 22 76 38 69 41 65 23 45 18 32 63 78 59 14 12 3 39 75 79 73 25 15 51 1 17 24 58 43 47 34 74
46: 31 5 55 32 57 61 34 43 37 39 70 68 14 52 76 73 72 60 27 46 47 62 59 45 17 30 9 54 6 22 19 21 3 65 80 13 75 20 38 44 42 67 64 35 26 24 1 7 53 74 56 16 10 40 48 33 41 51 71 69 63 66 12 4 58 25 15 49 23 11 29 18 36 78 79 8 77 28 50 2
47: 25 19 50 33 29 22 23 70 38 35 75 45 18 21 77 80 40 55 11 53 66 31 43 73 41 39 28 16 47 48 12 61 76 60 27 30 59 44 3 17 8 34 10 72 15 2 71 64 26 20 36 5 32 63 9 14 7 42 78 4 65 56 49 68 67 74 57 6 52 24 1 54 79 58 62 13 69 51 37 46
48: 26 56 8 45 68 11 19 28 59 29 25 27 49 4 76 16 31 12 10 42 21 70 13 6 34 14 61 43 64 60 62 22 67 79 9 30 46 7 3 37 39 20 63 72 33 44 66 77 51 24 50 40 15 52 41 17 57 65 74 32 58 69 23 2 54 80 53 73 75 78 36 55 38 47 71 5 1 18 48 35
49: 17 49 4 41 6 21 22 47 65 68 18 24 58 76 54 25 79 45 73 51 2 66 5 37 59 27 75 70 43 34 30 67 7 77 40 62 20 69 52 23 38 14 80 44 32 12 33 10 19 3 9 11 57 64 53 42 56 63 78 36 55 16 39 1 60 61 29 72 50 28 35 74 8 48 26 71 46 13 15 31
50: 66 59 12 2 56 48 35 50 33 18 6 72 20 39 53 80 16 45 23 15 24 42 8 76 32 40 51 61 38 31 3 37 27 34 14 79 17 54 63 26 28 68 62 57 5 19 9 70 49 65 67 22 44 52 78 58 21 77 75 60 74 25 7 36 4 29 71 10 47 73 30 11 46 64 43 41 13 1 55 69
51: 78 59 47 7 46 15 43 66 6 2 8 48 27 17 39 20 58 64 9 71 72 18 10 80 51 11 1 33 24 40 54 28 57 16 37 22 45 31 60 5 49 12 42 55 35 52 38 13 53 3 75 36 76 30 69 23 61 79 73 19 21 34 4 32 14 74 29 65 44 68 70 67 77 56 62 63 25 26 50 41
52: 42 61 2 15 30 75 31 49 23 63 5 22 62 45 71 6 36 58 57 35 60 10 79 25 78 12 17 70 77 19 27 46 55 41 37 74 24 38 68 16 14 64 7 59 56 76 48 21 66 72 32 18 43 11 33 47 53 8 69 65 54 80 26 4 40 20 67 3 13 44 9 29 51 50 52 28 34 1 73 39
53: 65 5 33 29 12 61 57 56 53 58 55 39 8 54 35 37 44 71 6 75 17 62 77 70 51 26 38 32 31 34 28 72 43 22 64 59 50 66 42 11 47 10 25 1 30 4 27 21 48 52 74 79 18 68 40 78 67 23 49 20 2 24 46 60 16 3 36 14 7 76 15 80 9 19 63 73 69 45 13 41
54: 52 2 50 19 14 13 66 54 76 29 68 73 53 40 3 5 33 70 60 71 48 69 80 30 58 42 8 34 15 18 45 51 55 26 61 65 9 47 1 74 38 79 56 16 10 63 25 12 75 28 36 44 4 6 17 27 37 31 35 22 20 11 62 43 7 24 21 39 32 49 78 46 59 77 67 64 57 72 23 41
55: 66 27 29 47 50 59 46 10 53 36 45 62 42 39 41 69 21 52 40 64 6 67 71 43 77 55 48 19 33 80 56 57 73 5 78 38 7 79 60 58 68 18 28 76 1 8 9 13 3 61 2 32 14 49 37 54 30 70 31 26 15 17 65 72 63 25 75 16 4 22 44 20 11 23 12 74 35 34 51 24
56: 37 23 6 72 70 62 32 75 67 57 10 80 49 64 71 13 50 4 54 48 12 40 36 35 19 22 11 27 42 1 61 51 38 28 78 45 17 58 33 8 29 5 43 74 26 14 9 69 46 41 2 65 31 21 20 68 25 44 18 79 34 52 16 47 66 53 59 60 76 63 30 7 77 15 24 3 73 39 55 56
57: 9 51 58 54 3 2 35 20 26 57 22 68 69 59 63 17 21 73 77 41 27 44 30 16 14 60 12 31 24 56 78 10 52 43 32 55 66 34 11 47 75 18 42 65 70 50 23 38 49 76 62 19 5 48 40 37 53 29 28 79 15 71 45 8 25 64 7 6 36 4 33 72 1 61 67 39 74 13 80 46
58: 41 47 1 72 67 49 57 46 69 32 37 78 27 59 20 34 63 15 62 79 73 10 55 43 9 52 76 77 53 19 44 38 26 35 80 58 75 18 22 51 66 54 11 48 33 24 5 8 74 65 50 21 64 25 30 29 6 60 28 23 36 42 39 61 40 68 16 56 3 12 14 70 7 4 2 71 31 45 13 17
59: 53 57 27 10 22 60 44 13 26 61 58 18 77 80 29 73 63 79 42 28 32 51 37 31 14 50 7 17 41 40 23 66 56 75 21 62 69 2 15 11 30 67 64 52 78 12 74 49 20 3 54 68 4 38 16 5 25 33 59 48 76 24 35 46 8 6 71 70 65 43 34 39 1 47 45 72 36 55 19 9
60: 36 74 7 31 67 66 76 28 55 35 80 75 16 60 3 68 59 8 41 63 27 11 52 19 57 65 43 40 14 1 9 46 61 4 53 42 17 30 5 21 54 15 77 51 34 33 23 78 22 32 69 71 49 24 44 56 29 6 18 73 2 50 47 62 64 39 13 25 48 26 38 72 20 79 58 12 37 45 10 70
61: 34 28 1 26 36 4 76 12 17 73 21 58 79 49 47 72 45 71 29 35 40 60 9 74 32 5 16 50 77 57 14 75 18 66 41 2 68 44 20 33 8 42 51 6 63 23 30 62 31 37 56 55 64 38 3 10 19 46 25 53 69 48 22 67 52 7 59 11 43 15 13 80 78 24 70 61 54 27 65 39
62: 47 55 30 64 76 33 3 21 61 80 24 20 69 28 2 74 13 68 54 53 19 73 42 29 6 63 62 50 59 58 26 75 71 43 16 52 9 48 12 44 10 1 34 70 18 49 8 4 36 39 46 37 45 78 79 72 14 15 25 66 11 17 38 56 31 5 65 51 40 41 23 27 77 35 7 22 67 32 57 60
63: 49 18 70 26 63 72 7 10 75 65 22 78 3 38 19 24 34 62 67 71 60 43 37 27 45 66 25 51 41 23 77 52 35 76 79 40 29 59 57 61 1 44 21 8 12 6 48 30 32 31 4 74 33 39 47 64 20 54 69 55 28 14 13 5 16 53 17 9 68 56 36 15 2 42 50 11 80 46 58 73
64: 28 30 23 35 72 71 31 20 8 33 7 55 16 21 26 59 25 48 44 6 29 45 14 42 52 77 75 64 61 67 74 43 34 79 68 18 63 47 39 51 56 70 73 53 62 50 80 65 2 10 69 46 5 57 58 76 78 19 66 54 36 13 40 22 12 49 1 4 3 27 11 38 9 15 24 37 41 17 60 32
65: 23 35 4 11 5 30 57 44 76 70 49 22 14 64 56 46 54 63 80 50 78 58 37 29 21 39 15 61 69 8 79 67 66 40 28 17 31 51 36 34 9 75 42 47 53 10 25 38 3 33 55 71 43 12 68 2 27 26 72 13 16 60 24 59 20 18 73 62 45 6 7 65 52 1 74 48 41 77 19 32
66: 49 41 3 69 50 27 20 64 62 10 35 21 33 59 52 66 32 78 44 37 80 53 9 38 19 39 68 46 74 61 15 40 14 73 13 76 65 5 58 54 34 22 23 31 24 72 57 43 7 11 17 26 75 45 1 51 60 28 63 16 42 56 77 47 29 4 8 25 70 2 48 79 12 6 30 71 55 36 18 67
67: 8 74 66 2 32 37 52 59 24 79 65 72 58 26 31 20 50 40 38 36 16 13 25 60 4 57 17 61 6 35 10 33 42 41 29 45 12 69 21 18 1 62 5 51 68 53 14 76 77 43 55 49 23 22 30 11 19 80 75 15 78 9 54 7 47 27 3 28 64 73 56 34 44 46 71 48 63 67 70 39
68: 65 66 41 6 53 42 51 50 59 71 52 5 69 64 47 29 4 57 40 28 49 39 26 63 48 54 25 73 80 62 76 9 17 67 3 18 31 70 74 16 60 33 45 13 78 20 34 68 8 46 79 44 58 32 22 19 36 14 61 24 21 56 72 37 35 43 30 15 75 23 7 27 12 1 11 38 77 10 55 2
69: 77 70 63 51 52 68 72 15 22 58 30 56 47 35 10 16 41 37 19 55 46 40 74 17 79 9 5 60 61 27 57 62 43 23 54 26 21 33 3 28 38 4 59 66 6 42 69 11 36 31 14 25 44 1 75 13 78 18 12 20 65 64 45 2 80 34 29 73 71 50 49 53 24 76 8 39 48 7 32 67
70: 70 79 1 21 16 31 61 51 73 36 65 13 41 11 64 7 56 12 24 59 49 8 43 18 46 3 17 42 27 19 33 52 22 20 47 4 63 25 80 50 6 77 48 38 37 9 39 75 60 69 5 57 32 71 23 30 14 66 34 15 26 54 28 44 29 58 67 2 68 45 74 10 72 62 76 40 55 35 53 78
71: 15 26 4 75 19 39 33 30 76 77 29 58 70 63 56 38 45 27 68 54 24 52 20 57 37 62 3 6 74 80 32 46 2 21 31 69 10 41 78 18 5 11 16 67 60 40 61 51 13 59 64 55 49 44 25 36 71 65 12 42 14 79 48 73 23 72 8 34 9 7 1 50 43 66 28 53 47 35 22 17
72: 67 51 35 64 30 79 41 39 74 37 9 42 43 57 28 20 60 24 56 34 38 59 26 45 75 53 19 3 13 22 68 29 50 11 12 10 70 65 72 78 5 63 69 46 73 1 2 27 31 61 15 52 47 14 18 23 44 71 25 8 21 54 16 36 58 48 6 77 49 55 17 40 80 4 7 62 32 33 66 76
73: 65 34 28 30 49 45 73 56 26 42 32 60 72 80 27 64 44 14 10 5 55 48 4 69 52 74 17 59 41 50 1 29 3 54 15 61 51 79 22 25 37 38 31 57 78 47 77 75 67 6 53 71 12 40 16 23 35 36 24 11 13 19 33 9 70 58 18 76 43 7 46 8 21 2 39 63 20 62 68 66
74: 11 63 80 70 15 7 68 18 66 48 37 35 64 76 14 32 29 2 22 47 13 75 59 30 60 54 77 73 12 24 28 33 39 34 71 44 55 46 9 21 38 4 5 78 49 45 26 23 72 10 69 43 31 19 17 8 62 41 1 67 65 20 53 25 36 27 74 58 6 57 42 56 16 79 61 40 51 52 50 3
75: 46 74 13 25 77 70 57 20 12 26 53 42 11 72 18 27 36 32 14 31 45 59 54 5 34 66 38 2 41 39 48 62 65 15 67 52 61 1 76 68 40 23 33 63 64 73 47 44 29 55 37 60 56 4 3 28 69 8 78 19 51 75 17 22 7 71 58 30 79 49 10 16 9 80 50 43 21 35 6 24
76: 4 18 42 38 78 61 67 25 80 57 49 47 41 34 59 77 24 44 62 51 19 21 73 26 9 35 53 29 13 69 1 72 70 37 46 50 8 28 74 30 2 36 48 15 14 16 22 6 27 10 45 23 79 56 32 17 58 71 5 68 60 52 55 12 75 64 31 63 33 39 76 54 66 3 40 11 43 20 7 65
77: 52 23 3 66 39 65 20 47 15 37 19 73 28 59 36 75 46 68 18 14 16 30 32 60 61 53 44 21 7 55 58 25 54 2 31 38 71 77 24 74 9 22 29 63 80 51 43 72 4 76 33 45 26 62 56 49 8 41 50 48 34 11 17 10 40 78 35 67 79 69 64 6 70 13 57 27 5 1 12 42
78: 47 16 1 66 64 20 21 71 45 74 33 62 34 2 6 26 50 23 48 19 9 25 12 77 70 30 73 42 76 65 58 78 52 79 57 56 67 14 37 59 61 72 10 49 36 5 7 32 18 15 69 28 46 63 51 44 75 54 43 80 27 40 38 41 8 13 39 22 53 35 31 55 3 60 29 17 24 11 4 68
79: 65 79 57 66 45 40 52 34 56 41 43 27 80 10 72 4 1 24 44 37 74 76 2 38 48 16 28 75 58 9 50 60 39 67 55 59 8 30 53 14 7 61 13 20 23 42 15 25 26 51 77 63 18 5 22 78 3 70 46 36 73 33 71 31 19 29 69 64 6 49 68 62 11 17 35 32 47 12 21 54
80: 46 57 26 41 72 3 48 19 75 20 36 56 49 25 29 30 10 12 37 61 17 53 7 69 13 14 70 8 80 16 32 62 4 28 73 65 77 59 64 35 63 60 9 23 27 71 42 78 45 76 52 6 50 15 55 66 44 38 11 31 68 47 33 74 5 1 40 67 18 54 51 21 22 58 2 43 34 24 39 79

instance parameter information
numMenOrWomen: 80
minLenPref: 80
maxLenPref: 80
skew: 0

