30
1: 17 23 19 4 25 11 27 7 9 12 18 15 2 8 22 3 5 21 28 16 10 26 24 6 14 30 29 1 20 13
2: 6 18 17 14 26 27 9 8 24 20 4 28 2 11 3 19 22 5 21 16 10 15 12 30 7 13 1 29 25 23
3: 6 15 9 19 3 25 22 14 12 23 18 8 10 21 24 7 20 2 4 29 17 5 26 1 28 13 11 30 27 16
4: 21 28 10 16 24 3 18 26 2 22 23 14 25 12 17 15 19 11 27 8 4 7 5 13 9 1 29 6 20 30
5: 19 13 16 21 28 6 27 14 7 9 5 11 23 22 8 30 24 10 26 1 25 3 20 2 4 15 12 29 17 18
6: 20 13 19 25 1 27 24 4 7 6 11 2 16 18 3 29 22 5 26 15 30 23 14 28 21 10 8 17 9 12
7: 22 3 28 1 5 16 9 29 8 27 17 18 21 15 24 10 26 14 25 19 30 7 4 23 12 2 11 13 6 20
8: 8 30 4 2 17 7 27 11 3 28 20 22 24 5 14 6 21 13 10 18 26 12 9 19 16 25 29 23 1 15
9: 19 8 21 4 30 20 18 10 27 26 14 17 7 5 28 1 9 22 23 16 11 24 29 6 12 2 25 15 3 13
10: 29 12 27 6 25 4 18 23 5 20 30 28 15 24 21 14 22 17 16 3 7 26 11 19 9 2 8 10 13 1
11: 3 23 4 28 5 18 6 20 30 7 1 21 15 29 2 19 16 14 13 27 10 24 8 17 25 9 12 26 11 22
12: 28 16 3 11 30 19 27 21 14 29 15 6 2 8 18 9 17 26 1 23 13 12 20 10 4 25 24 7 22 5
13: 15 3 1 6 20 10 30 28 29 4 8 13 16 26 17 23 22 5 25 7 19 2 24 12 9 14 27 11 18 21
14: 20 15 27 24 18 6 1 28 25 11 29 2 10 22 26 3 23 16 30 12 4 17 8 14 9 19 5 7 21 13
15: 1 25 17 29 27 4 15 20 22 5 26 23 28 19 14 12 16 30 13 11 7 10 2 3 8 21 24 9 18 6
16: 1 12 5 19 20 27 23 16 11 4 18 13 2 21 15 26 3 25 28 17 7 10 24 30 8 6 22 14 29 9
17: 8 29 4 1 3 23 14 19 24 18 13 26 7 12 17 2 16 9 25 6 10 22 28 5 11 30 20 15 27 21
18: 27 26 1 12 21 28 6 3 19 14 24 30 9 11 2 13 4 25 5 8 18 20 17 29 22 23 10 16 7 15
19: 30 25 9 16 28 6 4 11 5 24 10 26 23 22 8 27 7 13 15 19 20 1 14 12 29 21 2 3 17 18
20: 16 18 1 25 19 17 26 24 8 13 28 5 20 3 2 30 23 7 6 22 9 4 10 12 14 21 15 29 11 27
21: 25 12 22 5 14 2 10 17 29 18 23 6 24 28 8 4 1 26 15 27 13 3 21 11 19 16 7 20 30 9
22: 9 1 21 7 17 3 15 18 27 14 19 26 4 29 10 8 28 11 30 25 16 2 22 6 24 23 20 5 12 13
23: 5 3 6 14 26 30 25 11 13 23 12 8 4 20 17 2 24 22 7 10 21 1 29 15 28 9 18 27 16 19
24: 29 11 15 18 23 19 27 9 13 25 14 20 22 21 24 6 7 12 4 2 3 16 10 8 30 28 5 17 1 26
25: 12 16 21 10 17 2 8 19 29 1 28 3 13 25 23 26 7 20 14 11 5 4 30 6 15 18 22 9 24 27
26: 13 6 9 29 14 25 28 15 18 26 16 5 12 11 4 21 2 27 22 3 30 17 7 19 23 8 24 20 10 1
27: 9 11 12 20 22 19 8 28 24 3 26 6 2 25 17 4 23 29 13 1 14 27 21 15 10 18 7 16 30 5
28: 11 12 17 5 6 9 28 20 22 1 27 4 23 25 15 14 16 2 24 3 18 30 7 8 10 13 26 21 29 19
29: 19 16 12 9 18 2 21 25 22 6 3 27 5 7 29 26 8 28 15 20 13 11 23 4 24 14 10 1 30 17
30: 16 26 28 23 7 6 22 9 15 12 30 13 2 18 8 19 14 11 17 10 4 21 29 25 24 5 3 27 20 1
1: 8 20 11 22 6 28 2 12 27 29 10 17 26 19 23 18 4 30 1 3 9 24 14 5 15 25 7 21 13 16
2: 9 20 23 16 29 1 10 27 13 3 5 28 22 17 30 25 6 14 18 24 12 11 19 2 15 4 8 7 21 26
3: 22 17 5 16 1 19 6 11 30 18 4 26 21 2 7 23 27 20 28 9 14 8 29 25 13 10 12 15 24 3
4: 29 20 27 28 30 18 17 19 1 4 16 25 8 22 3 14 26 7 21 23 2 9 15 11 6 24 5 12 13 10
5: 22 16 3 21 25 30 7 1 20 28 13 14 12 8 9 27 11 24 4 17 15 23 10 26 6 5 2 29 19 18
6: 11 28 13 26 16 5 8 29 4 20 22 12 2 1 24 17 7 25 30 23 18 9 14 27 3 6 21 10 15 19
7: 22 1 10 20 3 11 30 23 29 28 5 7 8 21 4 16 15 12 24 25 27 9 6 14 2 26 19 13 18 17
8: 2 3 10 1 4 5 23 25 6 14 27 12 16 7 29 11 24 21 28 30 8 9 20 22 18 19 15 13 17 26
9: 21 15 24 3 14 5 12 10 7 25 8 16 1 6 20 18 29 27 2 28 22 13 17 4 19 30 9 11 26 23
10: 9 16 14 26 10 2 18 28 24 15 30 20 25 12 29 4 17 22 27 1 5 21 3 6 23 7 19 8 13 11
11: 9 26 17 22 23 28 2 3 29 6 7 27 19 5 21 16 11 8 4 14 25 1 20 15 10 24 13 12 30 18
12: 28 15 9 5 29 4 13 21 27 10 25 24 3 22 7 23 19 30 2 20 1 16 14 11 8 18 6 12 26 17
13: 23 27 30 9 24 21 14 5 28 1 8 7 22 29 2 16 11 6 12 26 17 20 10 13 19 18 25 15 3 4
14: 13 27 24 30 10 19 16 25 20 28 23 12 7 11 3 6 22 15 2 18 21 9 26 1 4 29 17 8 5 14
15: 2 4 11 14 1 25 18 3 19 23 29 26 6 7 15 21 12 5 30 10 8 24 13 9 22 27 28 17 20 16
16: 15 14 1 22 7 4 25 10 19 29 16 26 28 13 3 9 27 17 2 11 30 20 23 8 24 18 21 6 12 5
17: 17 3 18 6 28 8 27 5 30 20 29 2 23 13 12 22 1 15 25 7 10 24 4 21 14 9 26 19 11 16
18: 26 10 19 5 16 1 4 30 9 29 25 15 18 17 21 27 28 23 13 20 7 6 22 2 14 8 11 12 24 3
19: 11 5 27 22 24 23 3 16 8 21 28 12 20 14 29 7 2 26 25 13 19 17 6 1 10 15 18 9 4 30
20: 9 19 27 26 3 29 6 22 2 28 16 21 23 8 13 17 24 15 25 20 4 30 5 11 1 7 14 10 12 18
21: 29 27 2 6 12 4 30 3 13 5 7 14 26 28 16 8 21 18 17 20 1 11 9 24 15 10 19 23 25 22
22: 11 3 19 1 4 27 25 5 28 29 20 8 7 9 26 30 18 12 6 21 10 15 24 22 17 14 2 16 13 23
23: 10 21 4 19 8 2 26 16 5 28 3 30 6 23 13 20 12 9 27 17 24 11 15 22 14 29 7 1 25 18
24: 23 7 26 17 10 20 28 16 5 8 25 19 6 1 4 11 27 12 15 3 18 14 30 13 29 22 21 2 24 9
25: 3 26 29 20 30 24 8 11 7 14 2 6 17 9 15 27 23 12 19 10 18 4 25 13 28 16 1 22 21 5
26: 19 9 16 20 27 30 26 13 25 15 2 24 14 8 12 29 7 23 17 11 22 4 5 10 21 6 28 3 1 18
27: 26 21 18 30 27 11 3 22 19 4 17 24 28 2 15 8 12 1 5 10 16 14 29 7 20 9 6 25 23 13
28: 25 9 8 28 16 4 15 21 2 22 6 1 20 19 11 27 26 7 13 17 23 18 3 30 29 12 10 24 5 14
29: 21 18 19 16 4 30 12 24 15 5 14 13 17 20 7 2 25 3 10 6 9 1 11 28 22 23 8 26 29 27
30: 19 4 18 25 21 2 11 7 30 23 13 9 16 17 15 22 5 1 3 20 24 28 27 12 14 6 29 10 26 8

instance parameter information
numMenOrWomen: 30
minLenPref: 30
maxLenPref: 30
skew: 0

