30
1: 1 6 15 14 25 29 26 12 11 7 3 28 2 27 18 19 5 17 13 8 10 21 9 20 24 22 4 23 16 30
2: 17 15 4 10 1 7 29 19 14 26 8 22 5 30 25 2 13 21 12 18 28 27 16 24 11 3 20 9 6 23
3: 16 9 21 8 26 7 25 4 2 24 11 20 5 1 23 6 13 30 3 19 14 15 10 27 29 12 22 17 28 18
4: 28 6 17 29 2 18 4 10 5 1 16 24 21 19 7 26 25 14 11 13 9 8 3 20 22 15 30 27 23 12
5: 11 29 16 10 13 9 20 15 5 7 2 6 1 12 14 4 28 8 25 22 26 3 18 19 30 21 17 24 27 23
6: 27 11 16 19 23 9 1 4 22 24 29 5 20 26 3 13 25 18 21 12 8 6 7 30 10 14 15 17 28 2
7: 10 8 7 25 3 24 29 17 26 12 16 13 15 9 23 1 20 19 30 27 2 14 11 21 6 18 5 22 28 4
8: 22 17 12 26 8 18 28 15 30 14 21 9 27 3 7 20 29 11 10 25 13 5 1 24 6 2 16 4 19 23
9: 16 15 25 30 26 3 7 12 17 1 29 20 21 8 9 4 11 28 19 14 6 5 2 22 23 13 18 24 10 27
10: 28 6 9 23 19 7 29 21 5 16 8 20 24 14 18 30 3 22 25 15 27 12 11 2 4 17 26 1 13 10
11: 20 14 5 23 26 3 9 24 28 22 12 4 11 30 8 10 21 16 17 29 13 6 18 15 19 27 7 1 2 25
12: 9 13 27 14 2 24 1 23 12 17 26 10 3 6 7 28 11 21 18 4 5 29 22 30 19 16 25 20 8 15
13: 25 11 4 24 2 7 28 21 27 8 9 15 30 12 13 3 14 5 19 22 1 17 20 26 16 6 18 10 29 23
14: 26 6 15 18 25 20 14 16 30 5 22 10 23 8 13 17 1 29 7 24 28 2 3 11 27 21 12 9 19 4
15: 21 15 2 17 1 19 5 10 26 11 4 6 14 12 18 7 27 25 24 20 29 8 13 16 22 23 9 30 3 28
16: 13 14 20 15 4 30 28 17 3 23 5 12 16 24 22 2 29 21 1 6 19 27 11 8 9 18 25 7 10 26
17: 30 15 20 9 12 27 18 28 7 8 22 17 4 21 10 23 14 6 29 24 11 13 5 1 19 2 16 25 26 3
18: 1 23 6 8 14 26 30 4 19 12 7 5 3 11 20 24 29 10 17 13 9 15 22 18 16 2 28 25 21 27
19: 12 17 18 30 1 9 25 8 3 23 22 2 20 15 27 16 21 28 5 10 6 13 11 14 29 24 7 19 26 4
20: 19 30 3 13 25 24 15 27 4 17 28 12 5 22 11 7 20 26 29 2 21 23 1 14 6 16 10 18 8 9
21: 15 9 26 30 7 1 20 22 6 24 18 16 12 3 8 5 23 19 25 2 13 27 11 28 29 17 4 10 21 14
22: 20 30 4 23 21 8 17 10 26 24 1 25 11 6 12 2 9 7 19 27 5 18 14 29 3 13 28 22 15 16
23: 25 29 3 4 14 28 23 24 5 10 16 1 9 2 21 12 18 22 26 17 30 20 11 7 13 19 6 8 27 15
24: 22 17 1 4 24 8 25 28 2 9 12 15 26 21 7 5 27 10 16 30 3 13 18 6 11 29 20 19 23 14
25: 17 26 16 27 4 14 13 15 25 8 18 5 23 3 19 29 11 6 2 12 7 1 21 10 22 20 28 9 30 24
26: 25 29 17 11 30 2 14 9 5 24 7 1 3 8 18 6 23 10 20 15 21 13 4 28 12 27 22 16 26 19
27: 5 11 1 4 15 25 24 2 12 9 10 17 16 26 14 28 7 13 19 30 27 22 21 3 23 8 29 20 6 18
28: 15 4 25 18 27 2 8 21 14 29 10 20 28 9 1 16 12 7 26 6 5 23 22 24 3 13 30 19 11 17
29: 11 16 14 25 3 21 9 10 30 17 18 29 12 7 26 8 5 19 23 20 6 15 2 1 13 24 4 28 22 27
30: 5 24 20 8 4 6 28 1 12 25 13 7 9 14 10 22 2 17 29 15 30 3 21 19 27 18 11 16 26 23
1: 27 17 8 21 7 25 10 9 6 13 15 2 24 12 19 30 11 1 29 18 5 26 20 23 14 3 22 16 4 28
2: 6 15 2 24 26 17 27 9 12 1 23 29 18 8 30 3 19 13 11 14 16 25 21 10 5 20 4 7 28 22
3: 6 19 18 1 2 22 11 9 8 12 20 13 30 24 28 10 25 5 7 15 17 29 21 14 4 3 26 16 23 27
4: 19 20 10 23 13 25 27 6 29 24 11 17 4 5 1 21 22 26 3 28 30 15 18 16 12 9 14 7 2 8
5: 22 29 13 21 17 15 4 10 18 20 6 16 30 8 11 7 3 26 14 1 25 2 12 23 28 19 5 9 27 24
6: 2 30 15 27 3 25 29 1 26 19 28 11 8 5 17 6 20 22 7 14 10 16 18 24 9 21 13 4 23 12
7: 13 7 24 19 14 11 26 1 21 18 25 9 16 22 29 23 28 27 17 5 3 30 6 15 8 2 12 10 4 20
8: 2 30 3 16 20 13 8 24 14 10 28 5 18 26 11 21 19 17 23 1 25 4 22 6 15 7 9 27 29 12
9: 25 27 17 7 1 19 14 8 18 23 26 10 20 9 2 16 15 11 3 13 29 21 28 22 5 6 24 4 30 12
10: 6 7 24 4 16 10 2 17 18 20 23 14 3 19 21 9 28 8 15 25 11 5 1 13 22 27 30 12 29 26
11: 10 26 19 15 7 22 4 20 23 27 30 28 14 16 21 11 5 18 1 29 2 12 13 6 24 3 9 8 17 25
12: 18 12 28 21 9 17 6 20 14 30 16 15 5 23 11 27 22 13 29 19 24 10 8 2 25 3 4 7 26 1
13: 7 16 14 10 13 27 18 19 21 9 1 3 22 29 2 30 5 25 15 24 8 28 4 26 12 6 20 11 23 17
14: 21 19 2 4 22 26 25 13 12 9 27 24 3 7 15 10 14 30 16 17 23 20 1 8 6 29 28 18 5 11
15: 30 18 20 24 8 14 12 4 6 2 13 16 15 26 5 25 27 29 7 3 11 23 22 1 21 28 10 17 19 9
16: 25 3 14 30 11 19 21 10 7 28 22 8 13 24 29 16 23 15 17 2 5 12 9 18 1 4 6 27 20 26
17: 13 22 7 19 5 27 3 28 26 30 11 18 12 24 16 4 15 8 6 29 1 17 21 20 14 25 23 9 2 10
18: 13 12 10 19 11 23 5 18 20 27 21 30 9 1 8 2 16 17 26 4 7 15 6 25 22 14 29 24 28 3
19: 30 29 27 4 12 16 26 24 23 14 20 10 18 13 6 17 5 8 28 2 3 9 19 22 1 11 15 25 7 21
20: 20 10 11 24 14 7 1 28 30 9 4 3 12 29 19 15 6 23 8 16 25 26 27 18 5 13 21 17 22 2
21: 29 30 10 22 26 14 6 5 9 1 25 11 2 7 4 3 18 15 20 12 28 23 24 8 19 21 13 17 16 27
22: 19 23 1 25 20 11 29 6 14 10 22 28 16 17 18 26 21 9 3 7 5 30 12 13 2 24 4 8 27 15
23: 13 27 16 24 7 1 26 3 28 14 25 8 23 22 30 19 12 20 21 17 5 9 10 4 6 15 29 18 2 11
24: 15 4 7 11 26 21 19 20 24 22 1 10 18 23 27 16 30 5 17 28 8 14 3 6 12 9 13 29 25 2
25: 24 13 21 23 26 3 20 15 10 8 11 18 2 17 29 28 9 14 12 19 1 5 22 25 27 6 30 4 7 16
26: 20 18 16 10 2 13 4 12 24 29 26 22 5 7 11 23 15 17 3 28 14 21 30 8 27 9 19 6 25 1
27: 1 15 21 24 8 11 14 28 18 29 30 20 3 6 23 2 19 26 5 10 16 9 22 25 13 17 27 12 4 7
28: 12 28 11 30 14 7 5 2 6 16 9 20 24 26 10 8 3 13 23 18 29 15 25 19 17 1 22 4 27 21
29: 9 13 21 8 3 22 12 28 27 1 2 6 5 17 11 14 25 19 15 20 10 23 29 30 24 7 18 16 4 26
30: 21 8 4 1 30 13 6 24 18 2 23 27 25 26 19 11 17 16 28 5 12 29 10 22 14 7 20 3 9 15

instance parameter information
numMenOrWomen: 30
minLenPref: 30
maxLenPref: 30
skew: 0

