
Stable_correctness_tests: Date: 2019/1/21  Time: 18:20:11

Stable_numStableMatchings: 108
Stable_numPassedAcceptability: 108
Stable_numPassedCapacity: 108
Stable_numPassedStability: 108
exitCode 0
correctness/Main_Tester completed

solutions_found_by_ip:
36 15 10 5 53 3 29 35 56 38 12 50 7 11 34 19 16 9 49 43 42 1 2 41 17 39 26 57 59 55 44 37 23 14 32 13 6 24 33 21 31 18 47 54 46 48 30 27 58 28 4 25 22 8 60 52 40 20 45 51
36 15 10 5 53 3 29 35 56 38 12 50 7 11 34 19 16 9 49 43 42 1 2 44 17 39 26 57 59 55 41 37 23 14 32 13 6 24 33 21 31 18 47 54 46 48 30 27 58 28 4 25 22 8 60 52 40 20 45 51
36 15 10 5 53 3 29 35 56 38 12 50 7 11 34 19 16 9 49 43 42 1 2 41 8 39 26 57 59 55 44 37 23 14 20 13 6 24 33 21 31 18 47 54 46 48 30 27 58 28 4 25 22 32 60 52 17 40 45 51
36 15 10 5 53 3 29 35 56 38 12 50 7 11 34 19 16 9 49 43 42 1 2 41 17 39 26 57 59 55 44 37 23 14 32 13 30 24 33 21 31 18 47 54 46 48 6 27 58 28 4 25 22 8 60 52 40 20 45 51
36 15 10 5 53 3 29 35 56 38 12 50 7 11 34 19 16 9 49 43 42 1 2 41 8 60 26 39 59 55 44 37 23 14 20 13 6 24 33 21 31 18 47 54 46 48 30 27 58 28 4 25 22 32 57 52 17 40 45 51
37 15 10 41 47 7 31 22 58 30 34 5 1 11 54 13 16 9 48 26 6 49 29 38 12 57 17 3 43 59 44 2 23 14 20 21 52 24 33 25 51 18 39 42 46 28 19 27 4 53 36 56 8 32 55 40 50 35 45 60
37 15 10 41 22 7 31 35 58 30 34 5 1 11 54 13 16 9 48 26 6 49 29 38 12 57 17 3 43 59 44 2 23 40 20 21 52 24 33 25 51 18 47 42 46 28 19 27 4 53 36 56 8 32 55 14 50 39 45 60
36 15 10 5 53 3 29 35 56 38 12 50 7 11 34 19 16 9 49 43 42 1 2 41 8 39 26 57 59 55 44 37 23 14 20 13 30 24 33 21 31 18 47 54 46 48 6 27 58 28 4 25 22 32 60 52 17 40 45 51
36 15 10 5 53 3 29 35 56 38 12 50 7 11 34 19 16 9 49 43 42 1 2 44 8 39 26 57 59 55 41 37 23 14 20 13 6 24 33 21 31 18 47 54 46 48 30 27 58 28 4 25 22 32 60 52 17 40 45 51
37 15 10 41 47 7 31 22 58 30 34 5 1 11 54 13 16 9 48 26 6 49 29 38 12 57 17 3 43 59 44 2 23 40 20 21 52 24 33 25 51 18 39 42 46 28 19 27 4 53 36 56 8 32 55 14 50 35 45 60
36 15 10 5 53 3 29 35 56 38 12 50 7 11 34 19 16 9 49 43 42 1 2 44 17 39 26 57 59 55 41 37 23 14 32 13 30 24 33 21 31 18 47 54 46 48 6 27 58 28 4 25 22 8 60 52 40 20 45 51
ip_timeout gtimeout 10 s
exitCode 5
correctness/pulpIP.py completed
