
Stable_correctness_tests: Date: 2019/1/21  Time: 18:20:40

Stable_numStableMatchings: 22
Stable_numPassedAcceptability: 22
Stable_numPassedCapacity: 22
Stable_numPassedStability: 22
exitCode 0
correctness/Main_Tester completed

solutions_found_by_ip:
13 5 43 39 58 7 31 28 26 42 22 48 25 55 57 45 53 49 23 30 36 20 60 1 50 46 11 10 19 24 37 17 4 3 27 47 21 18 32 9 54 33 29 34 40 52 16 15 59 41 51 56 8 12 14 35 2 44 6 38
13 5 43 39 58 7 31 28 26 42 22 48 25 55 57 45 53 21 23 30 36 20 60 1 50 46 11 10 19 24 37 17 4 3 27 47 49 18 32 9 54 33 29 34 40 52 16 15 59 41 51 56 8 12 14 35 2 44 6 38
13 5 43 39 58 7 31 28 26 42 1 48 25 55 57 45 53 49 23 30 36 20 60 22 50 46 11 10 19 24 37 17 4 3 27 47 21 18 32 9 54 33 29 34 40 52 16 15 59 41 51 56 8 12 14 35 2 44 6 38
43 5 9 39 58 7 31 28 26 42 1 48 25 55 57 45 53 13 23 30 36 20 60 22 50 46 11 10 19 24 21 17 4 3 27 47 49 18 32 37 54 33 29 34 40 52 16 15 59 41 51 56 8 12 14 35 2 44 6 38
13 5 43 39 58 7 31 28 26 42 1 48 25 55 57 45 53 21 23 30 36 20 60 22 50 46 11 10 19 24 37 17 4 3 27 47 49 18 32 9 54 33 29 34 40 52 16 15 59 41 51 56 8 12 14 35 2 44 6 38
31 5 21 39 28 7 47 37 26 42 22 48 19 9 20 58 53 50 23 30 36 46 60 1 55 44 11 10 12 24 6 17 4 3 27 56 49 35 57 45 54 33 29 34 40 52 16 43 59 41 51 18 8 2 14 13 25 32 15 38
43 5 9 39 58 7 31 28 26 42 22 48 25 55 57 45 53 13 23 30 36 20 60 1 50 46 11 10 19 24 21 17 4 3 27 47 49 18 32 37 54 33 29 34 40 52 16 15 59 41 51 56 8 12 14 35 2 44 6 38
31 5 21 39 28 7 47 37 26 42 22 48 19 9 57 58 53 50 23 30 36 20 60 1 55 46 11 10 12 24 6 17 4 3 27 56 49 35 32 45 54 33 29 34 40 52 16 43 59 41 51 18 8 2 14 13 25 44 15 38
31 5 21 39 58 7 47 28 26 42 22 48 19 9 57 45 53 60 23 30 36 20 49 1 16 46 11 10 12 24 6 17 4 3 27 56 55 35 32 37 54 33 29 34 50 52 40 43 59 41 51 18 8 2 14 13 25 44 15 38
31 5 21 39 28 7 47 37 26 42 22 48 19 9 20 58 53 60 23 30 36 46 59 1 16 44 11 10 12 24 6 17 4 3 27 56 55 35 57 45 54 33 29 34 50 52 40 43 32 41 51 18 8 2 14 13 25 49 15 38
31 5 21 39 28 7 12 37 26 42 22 48 25 9 57 58 53 50 23 30 36 20 60 1 55 46 11 10 19 24 6 17 4 3 27 47 49 18 32 45 54 33 29 34 40 52 16 43 59 41 51 56 8 2 14 13 35 44 15 38
31 5 21 39 28 7 12 37 26 42 22 48 25 9 57 58 53 60 23 30 36 20 49 1 16 46 11 10 19 24 6 17 4 3 27 47 55 18 32 45 54 33 29 34 50 52 40 43 59 41 51 56 8 2 14 13 35 44 15 38
31 5 21 39 58 7 12 28 26 42 22 48 25 9 57 45 53 50 23 30 36 20 60 1 55 46 11 10 19 24 6 17 4 3 27 47 49 18 32 37 54 33 29 34 40 52 16 43 59 41 51 56 8 2 14 13 35 44 15 38
31 5 21 39 58 7 2 28 26 42 22 48 25 9 57 45 53 50 23 30 36 20 60 1 55 46 11 10 19 24 6 17 4 3 27 47 49 18 32 37 54 33 29 34 40 52 16 43 59 41 51 56 8 12 14 13 35 44 15 38
31 5 21 39 28 7 12 37 26 42 22 48 25 9 20 58 53 60 23 30 36 46 49 1 16 44 11 10 19 24 6 17 4 3 27 47 55 18 57 45 54 33 29 34 50 52 40 43 59 41 51 56 8 2 14 13 35 32 15 38
ip_timeout gtimeout 10 s
exitCode 5
correctness/pulpIP.py completed
