80
1: 74 53 52 21 17 24 13 55 38 10 68 26 41 25 2 3 49 69 62 61 28 76 12 35 48 
2: 36 35 26 3 62 13 27 10 61 32 12 24 28 48 1 76 64 16 52 44 78 18 
3: 53 16 7 12 26 69 62 78 72 24 23 54 10 3 21 55 25 76 61 37 28 43 
4: 13 38 28 10 8 60 3 37 24 35 27 5 55 61 1 40 58 51 
5: 19 56 79 78 37 76 26 62 3 42 1 11 12 13 54 77 48 73 28 18 10 55 2 
6: 45 59 23 37 3 12 32 69 6 1 78 10 35 46 28 11 38 61 26 
7: 15 3 78 30 2 61 8 28 70 38 73 24 58 64 13 6 12 32 53 26 
8: 32 30 12 78 53 55 8 40 35 62 52 21 61 48 3 58 41 76 28 65 38 9 26 2 
9: 43 55 28 23 8 78 76 38 2 41 3 26 10 
10: 80 62 49 38 54 37 2 14 25 24 33 76 53 56 73 28 67 12 21 64 26 46 61 55 65 3 13 48 35 9 10 50 
11: 50 78 62 12 2 77 38 26 9 76 28 27 40 56 69 10 55 53 64 3 
12: 44 35 38 3 78 12 68 53 26 62 30 10 67 28 9 
13: 35 68 64 75 71 78 2 51 15 24 58 76 54 30 61 28 10 26 32 9 48 3 21 38 27 8 13 
14: 78 3 12 72 51 8 10 61 2 55 25 28 35 76 62 65 9 26 38 53 
15: 14 48 35 2 52 73 41 3 28 68 11 12 13 76 55 58 38 78 
16: 17 24 35 55 76 13 48 26 62 52 28 74 10 37 78 3 53 42 19 79 40 6 38 
17: 57 54 78 28 15 26 55 62 12 53 64 10 38 3 33 73 35 76 21 25 2 
18: 21 2 55 69 32 41 10 63 68 28 38 61 39 54 23 78 15 3 26 48 77 
19: 9 48 69 78 38 24 55 28 26 35 60 32 70 13 77 56 62 3 54 
20: 54 6 26 31 38 46 42 28 43 78 12 3 76 62 
21: 28 48 3 61 10 26 30 23 62 73 38 6 71 78 24 12 40 35 
22: 66 11 26 48 24 68 13 39 70 51 61 28 12 2 38 76 62 78 41 35 
23: 4 39 13 55 8 61 30 67 10 38 12 35 54 2 1 26 76 3 
24: 56 11 12 62 76 13 25 55 28 46 38 35 75 10 26 3 60 43 
25: 31 75 62 12 51 61 19 72 18 30 35 46 53 28 48 1 3 78 54 8 26 13 38 
26: 39 28 1 25 35 38 26 41 61 76 30 42 78 43 3 17 10 24 13 77 
27: 52 73 54 12 69 78 71 48 2 3 28 76 75 55 77 13 46 53 35 26 61 10 72 38 
28: 47 9 6 8 38 55 75 62 3 2 17 13 10 69 5 79 4 61 26 27 12 76 
29: 40 26 3 38 43 54 61 2 75 74 42 28 78 51 62 10 48 69 12 13 68 
30: 23 77 12 17 48 35 62 39 28 78 18 13 10 38 55 51 3 73 61 25 
31: 71 75 23 3 48 25 69 17 76 61 64 28 15 77 56 13 42 24 19 37 10 9 55 35 8 40 68 30 62 78 18 2 
32: 27 35 12 73 48 9 55 2 28 10 38 52 3 26 78 51 76 62 
33: 42 76 69 53 41 62 10 38 8 74 5 12 24 3 60 35 78 26 58 28 54 61 
34: 3 61 17 23 60 43 46 15 55 78 26 48 38 5 12 28 41 10 8 68 35 51 
35: 6 56 26 5 38 53 3 25 39 35 62 78 55 72 2 40 12 28 
36: 10 15 11 53 5 78 27 38 3 48 28 26 35 64 8 2 55 24 25 42 12 
37: 20 78 35 10 38 62 7 37 13 48 3 12 60 28 75 2 8 55 26 
38: 61 78 30 10 75 5 26 8 51 69 38 12 62 25 42 55 3 48 28 
39: 25 72 2 38 12 28 33 26 64 13 10 55 78 48 35 3 76 68 
40: 65 26 38 8 58 3 12 62 9 76 24 5 77 42 28 2 78 13 43 35 75 53 55 
41: 75 73 10 55 17 7 6 26 48 78 38 76 25 61 35 14 30 12 2 3 58 28 41 46 
42: 1 25 55 35 3 2 24 76 15 78 38 41 80 70 26 10 9 28 
43: 18 73 27 40 3 78 26 12 28 76 25 16 77 50 10 
44: 37 10 17 26 61 13 55 77 28 9 78 73 71 3 2 40 76 38 54 48 24 12 
45: 38 12 78 3 73 26 35 76 56 25 39 17 13 42 4 37 48 10 53 28 2 8 
46: 46 53 12 79 76 61 73 26 28 10 1 55 37 39 62 35 21 3 25 38 54 52 
47: 70 56 12 21 42 3 55 35 28 62 26 54 10 9 23 5 69 
48: 5 26 39 79 24 32 62 41 78 10 3 77 64 35 54 76 73 11 38 60 48 6 61 59 17 56 2 30 42 8 
49: 2 63 40 10 48 43 62 26 38 53 55 13 3 11 1 46 
50: 34 76 5 75 35 4 38 1 64 23 73 24 28 65 12 77 26 61 58 3 9 78 
51: 24 12 10 36 28 17 43 55 23 35 73 74 20 8 78 38 62 54 1 37 26 4 3 
52: 76 54 28 24 62 43 72 10 13 35 61 30 12 78 2 3 53 58 69 
53: 72 10 26 35 59 78 25 38 40 11 55 9 13 51 12 62 3 28 71 66 76 
54: 79 73 62 66 13 26 12 10 25 7 78 24 23 48 28 38 53 67 55 
55: 26 2 53 70 32 62 77 5 38 3 64 10 41 27 78 21 13 
56: 63 48 10 2 76 26 12 52 78 68 28 71 3 25 11 38 43 18 
57: 58 78 3 42 12 48 76 11 72 7 69 36 26 66 10 35 38 28 
58: 51 10 60 3 71 78 54 53 11 64 2 73 25 8 28 76 12 13 33 75 61 74 58 69 35 
59: 30 35 38 28 3 12 25 42 69 61 26 55 10 62 78 13 
60: 16 41 26 18 38 28 10 78 3 77 55 76 52 35 58 74 9 13 
61: 68 53 6 55 3 51 40 76 61 78 69 25 1 30 62 42 26 5 48 10 74 38 
62: 22 8 1 37 25 54 12 68 27 26 75 32 76 3 33 61 38 73 28 
63: 62 70 2 26 53 1 6 10 78 76 12 61 54 38 32 28 13 35 3 
64: 7 68 8 78 28 73 10 38 32 21 33 48 2 23 26 12 76 25 55 3 11 35 5 61 13 
65: 69 23 78 38 48 28 80 62 68 51 10 66 2 12 64 3 25 76 26 61 
66: 33 76 18 68 10 60 54 14 73 78 9 35 12 64 50 6 38 43 5 13 3 56 30 
67: 73 48 61 10 59 12 42 71 70 25 28 11 58 26 35 76 13 64 68 38 5 3 46 
68: 64 77 25 55 76 38 62 11 13 26 24 2 73 61 21 10 54 12 35 18 3 78 
69: 59 3 17 28 75 35 24 27 10 26 5 38 12 78 80 62 48 61 8 
70: 60 53 18 35 79 74 76 28 55 52 58 38 12 46 26 13 78 41 3 10 
71: 29 12 76 63 54 73 13 5 78 53 64 48 35 26 61 59 3 10 28 17 8 4 15 38 69 
72: 48 53 62 25 46 2 9 32 11 78 8 52 31 72 71 3 26 28 10 61 38 12 
73: 67 21 77 39 43 28 61 3 51 26 35 15 12 10 31 41 56 2 4 9 55 38 
74: 11 35 38 68 61 37 1 76 26 3 48 73 29 12 5 62 24 28 46 53 10 8 55 78 30 7 
75: 12 52 48 2 26 27 38 21 40 69 53 66 77 3 68 62 64 73 13 35 78 8 5 61 55 
76: 41 73 28 26 59 55 75 2 38 35 61 78 54 21 53 48 3 11 
77: 8 38 62 76 11 26 32 42 28 3 48 73 78 30 1 23 74 35 12 61 
78: 55 75 48 68 33 12 38 69 3 11 76 5 26 25 13 24 8 28 36 35 10 21 54 
79: 49 56 70 38 71 24 73 12 35 28 78 8 32 51 61 17 52 10 27 3 39 13 26 79 7 48 
80: 77 48 32 76 58 42 55 54 25 38 62 33 13 12 53 2 27 35 5 41 18 69 46 73 11 50 28 3 61 10 26 8 
1: 62 61 49 51 77 5 50 46 6 23 2 26 25 74 63 4 42 
2: 7 22 11 37 58 75 45 5 72 23 44 15 9 13 1 29 17 52 63 14 42 39 73 76 65 64 31 18 32 55 41 27 80 8 35 36 10 48 28 56 68 40 49 
3: 42 69 33 20 65 62 8 80 73 36 44 58 24 55 30 74 56 45 13 75 76 11 28 2 5 29 32 7 25 46 64 35 16 38 21 37 26 31 4 71 60 57 77 6 15 59 27 72 63 52 12 9 39 53 61 50 10 18 68 3 23 17 78 19 48 79 47 14 70 51 1 66 43 67 49 40 41 34 
4: 51 50 71 73 45 28 23 
5: 55 78 40 47 71 61 74 38 80 28 4 66 75 33 36 50 67 64 69 35 34 48 
6: 61 28 66 7 16 20 41 21 6 48 63 35 
7: 3 57 74 54 41 79 37 64 
8: 34 23 80 64 79 31 36 71 51 7 4 38 28 75 62 74 69 25 9 58 72 78 40 33 14 13 45 48 8 37 77 
9: 10 50 32 14 72 11 12 40 8 73 53 13 42 28 47 44 66 60 31 19 
10: 51 17 59 11 3 53 63 39 26 34 38 27 55 33 56 43 45 1 57 61 24 71 47 68 13 67 30 10 44 69 52 73 14 41 31 4 6 58 74 5 60 80 9 66 37 46 48 54 32 70 23 21 2 72 42 12 65 16 64 28 78 29 49 18 79 36 
11: 78 6 58 68 24 72 77 15 5 49 56 36 57 22 53 48 64 80 67 76 74 
12: 3 46 35 59 21 70 17 37 73 62 79 33 1 43 54 77 58 23 36 11 56 47 51 24 7 27 25 52 45 74 72 44 78 22 67 63 66 64 69 30 28 32 8 41 57 71 12 65 40 14 53 2 6 38 15 39 80 68 5 34 50 10 20 29 75 
13: 23 7 59 39 68 24 55 44 58 26 29 45 30 64 40 54 28 37 27 16 75 52 10 49 63 31 67 80 25 78 60 66 1 5 71 53 19 13 15 2 70 79 22 4 
14: 66 41 10 15 
15: 17 42 31 36 13 34 18 71 73 7 
16: 3 2 43 60 
17: 69 31 48 1 26 41 51 44 28 30 79 34 45 71 16 
18: 2 70 30 25 66 56 5 68 31 80 60 43 
19: 16 31 25 5 
20: 51 37 
21: 3 13 55 76 78 47 46 1 68 75 73 64 8 10 17 18 
22: 62 
23: 31 65 9 6 18 50 77 64 54 34 51 3 47 21 30 
24: 22 74 48 78 26 3 50 10 52 33 2 7 19 69 79 42 1 31 44 68 54 36 21 4 16 40 13 51 
25: 41 14 68 3 61 43 31 80 36 1 45 46 42 30 56 35 78 64 10 38 65 62 53 72 54 58 24 17 67 26 59 39 
26: 65 72 46 48 76 14 9 12 23 60 10 57 51 19 77 41 43 13 80 17 35 29 24 45 74 73 22 2 1 33 71 47 64 28 8 5 26 68 63 32 25 44 70 27 40 49 34 42 20 50 75 37 39 6 79 16 56 3 67 69 18 53 62 59 7 78 11 38 21 54 36 61 55 
27: 28 2 62 55 43 36 79 80 75 11 13 69 4 32 
28: 56 16 50 45 43 60 25 72 34 38 51 54 27 42 31 44 4 70 5 7 53 64 26 39 37 24 1 2 77 11 80 76 52 20 29 10 63 14 58 62 6 74 15 36 78 12 30 40 65 67 57 8 22 73 33 47 69 79 3 41 32 35 46 13 19 17 18 59 71 9 21 
29: 74 71 
30: 25 7 21 52 31 41 74 8 13 48 61 66 12 38 23 77 26 59 
31: 72 20 73 25 
32: 2 63 19 55 64 6 13 77 72 48 80 18 79 7 62 8 
33: 10 39 80 62 17 78 58 64 66 
34: 50 
35: 59 23 53 12 46 34 31 63 26 40 35 37 73 68 58 42 30 76 19 79 45 36 67 51 70 78 74 48 80 15 24 17 2 50 16 64 57 52 27 4 77 69 75 66 32 1 60 6 71 47 25 14 41 21 10 33 8 39 22 13 
36: 57 51 78 2 
37: 5 51 37 31 6 74 16 45 10 62 4 46 3 44 
38: 59 10 27 33 26 71 34 54 69 48 4 36 7 44 41 6 73 37 60 80 40 19 29 21 42 16 18 57 32 68 24 38 13 49 61 72 76 14 20 75 65 70 30 63 79 51 50 46 64 25 67 78 22 53 74 39 12 55 15 56 28 9 77 23 8 66 1 17 35 11 62 45 
39: 30 79 48 23 35 73 18 22 46 45 26 
40: 61 31 49 43 11 75 16 21 44 8 53 35 4 29 
41: 34 9 70 22 48 15 33 41 55 8 18 80 26 1 42 73 60 76 
42: 67 31 48 16 57 29 61 47 45 59 26 77 36 5 80 20 40 38 33 
43: 51 26 40 56 3 34 73 52 49 66 24 29 20 9 
44: 2 12 
45: 6 
46: 67 70 80 24 49 10 27 74 72 41 34 20 6 25 46 
47: 28 
48: 18 37 49 2 21 25 44 36 80 71 79 29 64 77 8 39 1 22 5 41 74 57 15 78 56 16 34 75 38 30 31 32 61 69 65 10 54 67 27 48 45 76 13 19 72 
49: 1 10 79 
50: 66 43 80 10 11 
51: 14 4 38 13 25 79 32 53 30 22 73 34 61 29 65 58 
52: 32 1 75 60 46 72 70 79 8 16 2 56 15 27 
53: 75 40 72 1 70 45 17 11 71 27 35 76 14 55 63 46 54 10 12 49 61 7 8 36 52 25 58 74 80 16 33 3 
54: 52 27 71 63 29 51 66 25 44 47 13 10 5 58 23 78 18 46 62 3 76 80 17 68 33 19 48 20 
55: 49 3 10 59 80 54 31 53 18 68 74 16 61 60 64 17 75 41 40 42 28 47 34 11 9 15 1 5 4 76 30 70 24 38 19 36 44 8 27 51 37 35 73 39 32 46 14 23 78 
56: 47 31 5 48 73 10 35 11 66 19 79 45 24 
57: 17 
58: 8 60 40 7 50 4 80 58 67 13 33 15 52 70 41 57 
59: 71 53 48 67 76 6 69 
60: 48 33 58 24 4 66 34 37 19 70 
61: 46 4 75 2 28 74 10 41 34 7 52 65 67 59 50 30 29 80 26 73 14 63 69 8 21 61 23 76 77 58 79 64 33 25 6 1 13 44 68 62 27 71 3 18 22 48 72 31 38 
62: 80 29 1 19 20 52 31 28 46 49 74 14 30 35 33 25 68 59 8 12 48 72 2 21 61 11 40 65 37 3 32 22 47 55 53 16 51 17 10 24 38 5 77 54 75 69 63 
63: 49 71 18 56 
64: 39 71 2 10 7 36 50 11 31 66 48 55 58 75 67 65 17 13 68 
65: 10 50 8 14 40 
66: 75 65 53 54 57 22 
67: 10 12 54 23 73 
68: 78 56 34 29 39 65 1 66 64 12 62 67 13 18 75 74 22 15 31 61 
69: 31 1 59 38 58 28 33 11 18 80 47 52 19 3 61 29 27 71 6 57 78 75 65 
70: 67 19 79 42 7 22 55 63 47 
71: 27 13 67 79 72 56 44 21 58 53 31 
72: 3 39 72 25 57 52 27 35 14 53 
73: 54 10 43 50 71 80 62 41 75 77 79 58 15 27 45 76 32 17 51 21 74 66 64 68 5 30 46 7 48 44 67 
74: 77 51 16 29 58 70 33 61 60 1 
75: 78 24 13 76 37 29 40 62 38 50 69 31 58 25 27 28 41 
76: 15 23 77 63 2 3 65 50 67 14 68 16 26 8 58 80 44 31 56 24 32 17 39 10 42 9 74 62 11 41 28 71 61 48 1 5 45 70 27 78 53 64 33 60 66 40 13 57 46 22 20 43 52 
77: 11 19 48 43 26 31 5 55 73 75 18 60 40 44 27 68 30 50 80 
78: 58 52 19 50 26 21 8 53 18 39 68 15 61 17 64 3 57 65 16 11 5 59 31 56 33 40 20 35 42 79 63 6 34 41 44 25 55 77 75 45 9 32 60 29 66 43 70 2 12 7 48 72 54 51 27 37 38 36 76 71 13 69 30 22 74 14 
79: 5 79 16 46 48 28 70 54 
80: 65 42 69 10 



Updated preference list above: can be reinput into program.
Duration_ModCreation_milliseconds: 353
Duration_GetSolution_milliseconds: 4
Duration_CollectRes_milliseconds: 0

RawResults: 
74 36 53 13 19 45 15 32 43 80 50 44 35 78 14 17 57 21 9 54 28 66 4 56 31 39 52 47 40 23 71 27 42 3 6 10 20 61 25 65 75 1 18 37 38 46 70 5 2 34 24 76 72 79 26 63 58 51 30 16 68 22 62 7 69 33 73 64 59 60 29 48 67 11 12 41 8 55 49 77 

Duration_Total_milliseconds: 854

exitCode 0
code/Main_GS completed
