80
1: 23 70 28 61 18 7 1 26 24 51 78 
2: 18 50 12 19 78 1 74 54 6 7 44 23 67 51 
3: 31 7 62 66 41 6 80 51 77 18 11 
4: 21 41 61 68 18 65 51 33 35 76 10 
5: 6 9 22 46 65 51 53 73 68 28 
6: 53 33 68 56 78 17 21 51 41 
7: 60 39 33 7 63 1 45 51 4 74 5 
8: 24 1 27 67 3 51 48 53 10 5 6 15 
9: 69 33 10 51 25 4 39 35 17 57 61 18 
10: 27 5 26 33 10 29 56 55 18 38 69 73 17 51 63 
11: 26 33 74 65 75 25 27 34 48 16 10 51 
12: 34 25 51 50 3 15 33 61 53 7 75 
13: 56 12 74 54 1 6 44 41 19 51 75 15 
14: 19 18 51 9 33 12 10 7 65 75 73 74 54 77 1 
15: 30 74 27 1 71 77 51 18 41 69 28 
16: 37 78 18 17 70 51 77 41 7 44 25 69 33 
17: 49 7 69 19 51 34 61 41 2 25 
18: 16 75 51 76 6 41 7 77 74 1 5 19 63 
19: 20 48 41 4 54 80 9 18 47 77 69 5 35 10 29 45 51 34 
20: 28 10 35 18 80 19 33 78 77 75 7 51 
21: 36 70 41 61 5 78 1 3 51 62 6 
22: 63 34 65 1 69 51 17 27 74 3 43 
23: 25 56 77 9 51 18 34 65 6 35 10 
24: 62 7 3 19 51 17 28 23 67 
25: 11 10 6 75 47 76 48 28 7 
26: 71 48 33 28 13 61 80 75 17 73 78 63 
27: 66 51 55 45 18 25 48 28 75 44 73 
28: 64 51 61 5 73 15 77 48 23 6 35 1 
29: 3 53 61 51 5 48 74 55 68 
30: 77 1 43 62 45 73 51 33 11 65 69 74 6 18 27 
31: 2 35 70 51 10 75 33 25 46 
32: 32 51 67 10 1 37 18 73 74 6 46 14 56 75 
33: 47 62 22 1 51 10 78 4 53 18 
34: 5 51 10 46 78 61 18 25 3 27 79 73 38 28 
35: 10 53 69 7 25 61 45 51 44 65 74 
36: 80 51 33 5 6 14 55 75 1 77 60 61 
37: 8 53 77 45 33 69 3 44 46 56 21 16 12 9 74 67 51 
38: 41 36 18 9 10 51 76 
39: 46 29 51 9 10 35 5 55 24 19 53 33 77 26 
40: 68 6 51 69 61 79 33 43 
41: 44 80 58 68 69 11 34 55 66 43 17 18 79 33 5 
42: 52 76 75 68 6 51 73 33 3 55 18 
43: 79 5 1 10 23 51 46 
44: 38 33 9 65 34 51 53 73 
45: 43 79 26 18 75 55 78 48 61 51 3 73 
46: 17 77 23 33 51 55 10 80 75 18 38 2 69 
47: 58 55 74 78 23 51 68 69 19 14 61 77 62 1 11 
48: 39 23 6 74 43 1 80 10 22 7 51 19 
49: 48 73 45 18 12 66 1 56 63 51 61 65 
50: 78 68 54 10 47 18 55 66 1 
51: 72 57 70 68 7 69 51 10 34 1 9 
52: 14 21 79 77 69 19 51 27 54 33 68 67 1 
53: 59 19 17 68 53 75 25 7 55 35 10 51 
54: 75 7 16 2 33 53 18 15 10 54 1 51 19 5 43 36 
55: 73 51 5 39 53 62 37 69 20 18 46 
56: 50 10 79 45 48 73 53 16 69 35 
57: 76 2 80 75 46 79 36 56 68 51 53 65 
58: 57 19 69 53 61 18 35 51 1 9 5 15 
59: 13 26 55 77 7 11 50 48 17 68 12 75 67 51 74 
60: 74 45 73 61 41 51 10 
61: 35 39 53 70 6 19 76 45 46 18 33 62 51 
62: 12 78 55 6 56 24 17 
63: 7 69 63 9 10 41 74 18 38 5 
64: 65 10 62 74 11 22 78 56 68 30 51 73 
65: 40 10 77 68 12 34 63 51 79 33 35 16 53 73 23 6 
66: 33 68 55 67 45 10 18 79 34 78 54 74 44 51 50 77 5 
67: 45 76 72 33 19 25 56 1 
68: 42 74 48 35 77 41 45 69 33 51 36 
69: 55 68 51 28 6 7 66 
70: 51 5 10 65 63 56 74 69 75 70 33 
71: 29 18 56 1 27 78 61 39 51 26 68 53 
72: 1 51 63 35 61 73 69 44 56 75 80 
73: 70 33 51 28 73 10 61 77 
74: 61 9 78 67 38 41 7 60 6 69 10 11 51 16 75 
75: 4 80 56 63 77 9 10 51 74 26 
76: 54 51 34 27 6 33 65 19 16 10 61 74 7 62 
77: 15 23 69 3 34 33 10 75 18 45 
78: 22 3 6 76 9 51 
79: 67 17 69 18 79 70 6 51 5 37 61 
80: 9 19 34 56 76 25 35 73 43 74 18 62 41 51 
1: 14 50 32 36 22 15 8 49 71 18 21 28 1 13 7 52 47 58 51 54 33 67 30 2 48 43 72 
2: 17 54 57 46 31 
3: 37 8 77 78 12 22 42 24 45 34 21 29 
4: 19 33 9 7 75 
5: 43 19 79 21 36 63 18 54 39 8 58 10 55 41 7 29 66 70 28 34 
6: 36 76 32 30 40 2 28 23 61 62 42 3 8 25 48 65 79 78 21 13 74 69 18 5 
7: 54 35 24 76 1 12 18 74 16 59 17 69 48 3 53 7 25 2 14 20 51 63 
8: 37 
9: 75 37 19 51 74 63 39 14 78 44 23 5 38 58 80 
10: 75 50 65 60 70 8 51 38 46 56 11 33 31 53 73 39 25 34 10 20 66 43 74 9 76 23 54 63 4 64 32 48 14 19 77 35 
11: 47 3 74 30 41 64 59 25 
12: 65 59 14 37 49 2 13 62 
13: 26 59 
14: 47 36 32 52 
15: 58 13 12 28 8 54 77 
16: 54 65 76 74 11 37 56 18 
17: 59 53 10 6 16 24 9 41 62 26 22 79 46 
18: 58 30 34 63 54 79 50 16 14 80 4 49 42 1 15 20 27 19 61 32 55 45 10 41 33 46 77 38 3 23 9 71 66 2 
19: 39 58 2 48 24 52 47 53 13 17 54 76 18 20 67 80 61 14 
20: 55 19 
21: 37 6 52 4 
22: 5 33 48 64 78 
23: 46 24 28 77 43 48 2 65 47 1 
24: 62 1 39 8 
25: 67 27 34 16 9 35 17 31 11 12 80 53 23 
26: 45 10 75 59 39 1 71 11 
27: 71 34 52 15 11 76 22 8 30 10 
28: 69 34 5 26 24 25 1 27 15 73 20 
29: 19 10 39 71 
30: 64 15 
31: 3 
32: 32 
33: 6 37 9 39 20 77 7 14 65 46 41 52 11 54 36 42 31 30 61 73 44 10 67 26 4 70 76 40 16 68 12 66 
34: 44 80 66 77 41 76 51 17 19 23 11 65 22 12 
35: 31 68 56 65 39 53 80 23 58 19 20 28 4 72 9 61 
36: 57 68 38 54 21 
37: 55 32 79 16 
38: 46 63 34 74 10 44 
39: 55 7 61 71 9 48 
40: 65 
41: 16 19 18 68 4 60 15 6 21 3 80 74 17 13 63 38 
42: 68 
43: 22 48 54 30 80 40 41 45 
44: 2 27 72 16 35 37 13 66 41 
45: 60 35 27 30 77 37 19 49 56 68 66 7 61 67 
46: 31 5 55 32 57 61 34 43 37 39 
47: 25 19 50 33 
48: 26 56 8 45 68 11 19 28 59 29 25 27 49 
49: 17 
50: 66 59 12 2 56 
51: 78 59 47 7 46 15 43 66 6 2 8 48 27 17 39 20 58 64 9 71 72 18 10 80 51 11 1 33 24 40 54 28 57 16 37 22 45 31 60 5 49 12 42 55 35 52 38 13 53 3 75 36 76 30 69 23 61 79 73 19 21 34 4 32 14 74 29 65 44 68 70 
52: 42 
53: 65 5 33 29 12 61 57 56 53 58 55 39 8 54 35 37 44 71 6 
54: 52 2 50 19 14 13 66 54 76 
55: 66 27 29 47 50 59 46 10 53 36 45 62 42 39 41 69 
56: 37 23 6 72 70 62 32 75 67 57 10 80 49 64 71 13 
57: 9 51 58 
58: 41 47 
59: 53 
60: 36 74 7 
61: 34 28 1 26 36 4 76 12 17 73 21 58 79 49 47 72 45 71 29 35 40 60 9 74 
62: 47 55 30 64 76 33 3 21 61 80 24 
63: 49 18 70 26 63 72 7 10 75 65 22 
64: 28 
65: 23 35 4 11 5 30 57 44 76 70 49 22 14 64 
66: 49 41 3 69 50 27 
67: 8 74 66 2 32 37 52 59 24 79 
68: 65 66 41 6 53 42 51 50 59 71 52 5 69 64 47 29 4 57 40 
69: 77 70 63 51 52 68 72 15 22 58 30 56 47 35 10 16 41 37 19 55 46 40 74 17 79 9 
70: 70 79 1 21 16 31 61 51 73 
71: 15 26 
72: 67 51 
73: 65 34 28 30 49 45 73 56 26 42 32 60 72 80 27 64 44 14 10 5 55 
74: 11 63 80 70 15 7 68 18 66 48 37 35 64 76 14 32 29 2 22 47 13 75 59 30 60 
75: 46 74 13 25 77 70 57 20 12 26 53 42 11 72 18 27 36 32 14 31 45 59 54 
76: 4 18 42 38 78 61 67 25 80 57 
77: 52 23 3 66 39 65 20 47 15 37 19 73 28 59 36 75 46 68 18 14 16 30 
78: 47 16 1 66 64 20 21 71 45 74 33 62 34 2 6 26 50 
79: 65 79 57 66 45 40 52 34 56 41 43 
80: 46 57 26 41 72 3 48 19 75 20 36 



Updated preference list above: can be reinput into program.
Duration_ModCreation_milliseconds: 393
Duration_GetSolution_milliseconds: 5
Duration_CollectRes_milliseconds: 0

RawResults: 
23 18 31 21 6 53 60 24 69 27 26 34 56 19 30 37 49 16 20 28 36 63 25 62 11 71 66 64 3 77 2 32 47 5 10 80 8 41 46 68 44 52 79 38 43 17 58 39 48 78 72 14 59 75 73 50 76 57 13 74 35 12 7 65 40 33 45 42 55 51 29 1 70 61 4 54 15 22 67 9 

Duration_Total_milliseconds: 991

exitCode 0
code/Main_GS completed
