90
1: 29 62 37 77 55 50 16 5 84 74 45 66 38 58 79 63 83 47 21 32 80 70 49 42 
2: 46 
3: 62 52 42 37 28 73 47 76 55 54 36 59 78 79 80 26 58 74 81 69 45 38 20 64 27 85 46 68 30 19 66 5 35 89 40 60 44 17 12 61 53 43 24 63 
4: 7 4 63 5 58 
5: 11 7 14 50 
6: 60 68 
7: 60 13 52 55 11 83 73 64 71 68 31 59 28 53 2 58 82 62 39 17 84 3 51 37 34 77 86 74 8 67 36 49 80 25 57 54 69 79 4 10 75 33 12 61 14 20 18 32 29 48 50 89 40 87 66 19 38 1 42 72 
8: 77 32 80 33 66 14 26 73 82 38 16 47 
9: 27 50 70 85 84 86 63 8 17 30 20 68 76 42 26 88 61 90 13 25 
10: 79 67 62 77 86 46 71 30 85 59 65 39 22 2 60 48 61 26 47 15 35 9 23 21 33 69 17 4 13 42 12 74 18 44 45 57 63 78 38 
11: 78 88 35 13 55 79 67 43 3 63 9 41 34 
12: 59 22 56 17 
13: 9 
14: 2 86 5 70 34 27 21 18 38 54 43 6 74 23 16 48 85 33 67 66 17 73 42 82 81 71 
15: 42 45 1 56 18 26 40 71 29 73 70 37 58 34 10 82 36 50 62 
16: 29 74 
17: 16 66 33 22 30 
18: 58 3 76 42 63 49 9 57 55 18 1 20 15 67 12 19 41 46 5 40 77 45 86 54 8 88 44 
19: 12 
20: 64 84 15 31 20 88 37 36 68 55 19 4 1 70 29 80 40 44 57 
21: 10 47 11 82 79 25 26 13 45 70 14 74 35 3 61 38 55 22 63 43 40 19 76 31 
22: 4 79 75 24 28 84 
23: 43 
24: 5 2 58 52 21 56 17 28 68 20 71 73 9 47 88 7 55 
25: 45 11 29 67 6 82 83 
26: 71 20 19 76 52 84 33 18 79 14 
27: 1 26 61 32 6 64 52 22 12 58 10 84 70 39 
28: 16 58 36 46 51 37 74 63 62 5 3 7 39 38 56 61 8 47 12 72 64 88 6 41 
29: 32 23 67 43 57 38 3 
30: 58 81 78 25 62 38 40 21 19 80 31 77 74 6 30 88 42 82 15 68 76 48 54 85 
31: 24 77 31 37 7 
32: 40 
33: 39 78 70 53 3 43 13 1 27 
34: 88 82 74 16 48 73 5 
35: 8 41 35 
36: 33 12 90 89 70 24 
37: 43 29 41 77 68 42 4 84 64 73 80 65 81 
38: 1 59 
39: 24 21 90 19 9 51 87 
40: 74 30 10 49 2 90 42 14 75 73 36 82 67 66 47 52 
41: 36 50 63 8 55 72 15 43 49 75 64 51 76 10 59 5 23 20 90 52 31 84 22 53 46 6 11 4 56 74 71 80 65 66 41 32 7 25 86 44 27 18 
42: 7 75 39 26 61 55 33 74 68 51 21 80 20 84 17 64 90 49 86 88 60 59 62 27 28 69 4 3 32 
43: 57 1 18 33 22 16 80 52 45 86 
44: 48 37 20 88 59 61 41 54 
45: 52 64 82 
46: 18 68 24 65 35 87 51 39 50 69 83 29 60 84 21 33 19 90 
47: 16 
48: 2 66 
49: 79 54 14 77 
50: 66 25 38 86 15 78 13 85 80 72 23 65 12 60 18 33 7 11 9 81 26 8 31 75 40 19 58 28 
51: 15 28 42 60 75 
52: 60 69 70 39 24 17 19 52 55 36 50 59 14 61 78 38 62 71 80 40 63 32 34 16 27 72 33 51 
53: 63 49 64 76 19 
54: 6 56 51 24 22 76 25 90 64 21 29 82 42 30 7 39 63 31 61 2 50 54 71 20 67 12 34 79 60 
55: 63 86 78 62 35 4 65 70 11 43 9 75 73 39 13 19 55 69 77 46 90 44 38 26 74 51 34 58 41 14 66 16 59 84 28 48 88 72 3 54 1 8 82 80 7 31 17 49 10 23 5 68 53 
56: 55 80 68 66 1 75 65 64 72 4 
57: 28 67 33 
58: 37 5 53 47 40 20 
59: 82 33 36 28 43 87 23 60 37 65 1 
60: 34 70 55 11 43 6 
61: 62 4 15 35 36 89 66 87 57 28 26 67 13 80 48 10 63 14 84 46 29 
62: 1 64 45 
63: 37 76 
64: 72 51 64 37 43 46 27 74 32 14 36 89 
65: 25 69 
66: 58 88 76 55 31 75 10 
67: 52 36 58 65 67 
68: 31 33 88 8 12 15 82 65 14 26 
69: 11 80 56 29 85 64 
70: 4 75 50 34 10 76 73 
71: 54 68 52 17 23 66 80 6 22 
72: 15 39 83 18 46 34 6 56 7 23 
73: 58 78 
74: 49 
75: 65 
76: 82 56 61 2 
77: 51 25 83 42 80 20 36 90 69 74 52 22 57 70 53 15 40 21 
78: 58 71 56 61 
79: 27 2 49 33 70 88 9 85 79 50 25 43 12 3 8 
80: 49 48 24 15 35 37 56 7 43 2 51 44 26 33 87 32 54 63 83 88 
81: 53 62 7 80 
82: 87 62 21 13 
83: 19 42 21 89 32 43 71 90 1 68 75 29 13 35 73 34 11 
84: 35 68 88 16 54 76 41 70 
85: 13 47 31 12 71 60 16 90 68 9 5 88 58 56 
86: 14 69 88 56 58 70 80 48 
87: 65 36 85 61 26 62 3 73 31 23 86 79 64 22 54 50 51 35 15 
88: 83 64 11 37 36 
89: 14 37 
90: 41 72 21 24 52 44 42 79 
1: 59 43 18 20 15 33 27 83 56 7 62 55 38 
2: 76 14 54 80 40 24 10 7 48 79 
3: 29 55 28 79 42 33 18 11 7 21 87 
4: 56 61 37 42 10 41 7 55 20 70 22 4 
5: 34 18 3 58 28 1 85 41 4 55 24 14 
6: 60 14 27 25 71 30 54 41 72 28 
7: 31 42 54 72 28 24 41 81 80 50 4 5 55 
8: 79 18 9 35 41 50 28 7 55 68 
9: 13 79 50 55 18 39 11 10 85 24 
10: 66 21 7 15 41 55 40 70 27 61 
11: 83 5 25 21 69 60 7 55 88 50 41 
12: 19 7 18 68 3 50 27 28 85 36 10 54 79 
13: 82 50 33 10 11 7 9 55 85 21 61 83 
14: 26 8 40 68 21 49 86 61 52 7 64 55 89 5 
15: 87 10 18 20 72 51 41 30 50 61 77 80 68 
16: 47 84 8 14 17 34 28 43 85 1 52 55 
17: 12 9 3 71 42 7 14 10 24 55 52 
18: 41 46 72 10 7 15 50 14 26 18 43 
19: 53 52 21 83 26 30 50 46 7 18 39 55 3 20 
20: 58 9 42 26 54 3 20 41 24 7 18 44 77 
21: 77 10 83 30 14 42 90 39 46 24 82 1 54 
22: 71 43 87 77 41 54 21 10 12 17 27 
23: 72 71 29 55 50 59 10 14 41 87 
24: 36 80 90 22 52 54 31 39 3 46 
25: 9 54 30 41 77 79 50 7 65 21 
26: 68 80 8 3 10 27 21 87 42 55 15 9 61 50 
27: 33 64 41 9 52 3 42 14 79 
28: 50 55 51 61 22 7 59 24 42 57 3 
29: 61 25 20 69 16 46 37 83 1 7 54 15 
30: 17 30 10 40 9 3 54 
31: 21 55 50 66 20 31 7 30 68 41 87 85 54 
32: 42 52 7 27 1 41 29 83 8 64 80 
33: 57 46 14 17 8 79 80 59 52 68 36 10 42 7 50 26 43 
34: 11 72 14 54 52 70 55 83 15 7 60 
35: 35 11 46 3 10 55 61 80 83 21 87 84 
36: 88 40 28 87 41 59 67 61 7 20 3 77 52 15 64 
37: 89 1 58 80 88 59 20 28 3 64 15 7 63 44 31 
38: 10 21 1 52 3 8 29 30 50 28 14 55 7 
39: 27 42 10 55 46 52 28 54 72 33 7 
40: 32 15 77 21 18 20 52 3 50 58 7 30 
41: 28 84 18 90 41 11 44 55 37 35 
42: 1 10 40 30 18 9 51 77 37 15 7 3 83 54 14 90 
43: 23 83 80 59 3 29 79 37 21 41 33 60 11 64 14 55 
44: 18 10 41 3 55 90 80 20 
45: 62 21 3 10 25 18 1 43 15 
46: 2 55 72 61 18 28 64 41 3 10 
47: 8 10 21 1 3 40 58 28 85 24 
48: 86 44 10 30 55 34 80 7 14 61 
49: 74 1 18 42 55 41 80 40 53 79 7 
50: 5 7 54 79 15 41 1 70 9 87 46 52 
51: 52 7 39 41 77 55 54 64 28 80 87 42 46 
52: 40 71 27 41 3 43 67 90 52 24 45 77 7 26 
53: 55 3 33 81 77 7 41 58 
54: 44 80 87 55 49 14 54 84 18 7 30 71 3 
55: 24 55 20 66 1 18 52 21 56 41 7 60 3 11 42 
56: 85 69 80 15 76 54 12 41 24 78 86 72 28 
57: 20 18 7 61 10 29 77 43 
58: 4 7 86 66 55 15 1 78 18 27 24 3 28 67 73 50 30 85 
59: 38 12 55 52 10 3 7 42 41 44 
60: 54 59 6 46 51 7 50 10 52 85 3 42 
61: 78 3 10 42 27 9 7 54 87 21 76 28 44 52 
62: 15 52 42 87 3 82 55 30 28 10 81 1 7 61 
63: 3 10 61 55 28 41 9 21 54 52 53 1 11 18 4 80 
64: 69 54 62 42 45 88 87 64 37 28 3 56 53 27 20 41 7 
65: 75 37 10 56 50 68 87 46 59 41 67 55 
66: 48 14 41 61 1 71 17 55 3 8 40 56 7 50 
67: 67 14 54 25 7 10 57 61 18 11 29 40 
68: 6 71 7 56 9 42 24 85 84 20 46 83 30 3 55 37 
69: 65 42 3 77 46 7 55 86 52 10 
70: 84 79 21 52 60 14 33 86 27 1 9 77 55 15 36 20 
71: 14 85 78 7 52 15 41 54 10 83 26 24 
72: 7 28 64 56 41 90 52 55 50 
73: 70 34 8 15 37 40 7 14 24 3 83 87 55 
74: 16 1 14 77 55 40 64 3 10 28 42 30 21 7 41 34 
75: 51 7 50 41 22 40 66 70 42 55 56 83 
76: 63 30 41 26 3 18 54 21 70 53 66 84 9 
77: 49 55 1 30 37 31 18 8 10 7 
78: 73 50 3 33 10 11 52 30 55 
79: 90 49 54 22 87 7 11 10 21 1 26 79 3 
80: 81 61 50 86 71 37 42 7 1 77 56 52 30 69 20 41 55 43 3 8 
81: 37 30 3 50 14 
82: 45 55 76 21 59 8 14 25 68 15 40 30 34 7 54 
83: 25 88 72 1 7 80 46 77 
84: 22 1 46 61 27 55 9 26 37 20 7 41 42 
85: 30 79 50 14 3 9 10 87 69 
86: 43 18 87 7 42 55 10 14 9 41 50 
87: 39 80 7 46 61 59 82 
88: 80 68 85 42 18 44 79 24 86 84 28 20 34 11 55 66 30 9 
89: 64 83 61 3 7 36 
90: 46 39 55 41 9 77 54 83 36 40 42 85 



Updated preference list above: can be reinput into program.
Duration_ModCreation_milliseconds: 358
Duration_GetSolution_milliseconds: 92
Duration_CollectRes_milliseconds: 0

RawResults: 
59 76 29 56 34 60 31 79 13 66 83 19 82 26 87 47 12 41 53 58 77 71 72 36 9 68 33 50 61 17 21 42 57 11 35 88 89 10 27 32 28 1 23 18 62 2 8 86 74 5 52 40 55 44 24 85 20 4 38 54 78 15 3 69 75 48 67 6 65 84 14 7 70 16 51 63 49 73 90 81 37 45 25 22 30 43 39 80 64 46 

Duration_Total_milliseconds: 849

exitCode 0
code/Main_GS completed
