90
1: 21 65 82 17 48 63 88 89 80 25 36 15 60 13 87 78 76 7 26 20 30 52 23 18 22 32 83 2 33 85 66 56 62 71 29 
2: 9 88 53 13 37 24 29 49 7 65 84 1 32 81 11 79 52 74 42 27 16 70 6 55 25 78 15 30 56 59 76 20 85 67 50 86 4 54 63 62 80 45 40 38 72 75 8 51 
3: 61 74 52 12 63 31 84 75 36 69 50 23 1 78 9 44 19 49 65 32 2 41 64 27 11 15 85 28 46 89 72 70 79 
4: 3 4 32 7 67 5 61 64 16 34 9 74 89 56 65 59 39 55 19 60 40 84 54 11 75 46 44 88 76 38 36 57 12 37 30 14 58 85 24 2 23 
5: 2 56 27 30 10 
6: 6 62 88 26 67 3 59 89 63 11 70 18 75 90 56 37 43 80 51 23 13 82 41 19 64 1 58 79 86 42 55 29 83 28 71 9 46 27 14 38 78 17 87 69 52 
7: 70 
8: 85 
9: 17 
10: 19 70 53 50 28 15 3 16 13 86 38 88 1 59 46 31 61 8 58 11 22 43 40 60 27 89 14 44 
11: 2 33 75 5 62 38 82 66 48 69 35 78 57 68 36 77 86 50 42 4 56 83 90 18 22 71 39 87 16 11 46 14 24 27 13 76 30 34 41 25 47 12 54 72 80 84 49 32 
12: 67 22 33 
13: 78 75 
14: 26 73 63 11 12 16 29 82 14 78 8 84 
15: 54 58 3 50 8 63 76 79 13 78 39 14 56 11 9 69 77 
16: 32 15 39 22 29 72 67 62 13 59 46 16 36 57 63 84 2 82 5 38 19 49 6 11 86 85 17 47 41 18 51 10 79 87 1 75 26 40 76 7 90 68 81 73 14 3 70 54 34 69 77 20 52 89 35 
17: 32 65 7 51 82 76 39 4 49 13 14 73 53 42 
18: 83 28 63 73 23 41 8 82 5 
19: 58 29 19 53 45 86 33 3 50 67 51 14 32 88 
20: 70 19 14 60 81 27 16 55 11 38 79 25 15 68 76 12 13 26 28 80 30 66 31 34 71 1 9 49 22 
21: 59 4 21 28 42 44 18 13 58 60 87 57 49 20 78 38 88 89 46 39 15 51 41 16 62 80 32 67 66 69 
22: 88 41 5 87 66 59 50 75 13 
23: 36 3 34 65 71 83 11 31 69 10 39 87 
24: 29 64 20 60 77 8 
25: 64 
26: 38 
27: 32 46 41 
28: 90 46 38 56 23 13 31 16 67 49 7 57 40 59 54 15 35 84 43 1 77 66 52 9 18 33 8 65 26 45 70 48 44 89 3 11 51 17 81 20 39 75 86 60 30 53 76 42 36 47 63 2 64 14 74 25 78 50 34 12 29 79 83 
29: 38 9 67 54 11 56 62 10 76 29 14 37 46 75 34 36 3 49 17 35 30 86 48 44 60 64 84 74 80 85 25 
30: 13 76 68 7 50 24 
31: 48 
32: 46 67 72 77 55 53 64 39 34 6 61 11 86 82 79 74 66 89 44 25 50 21 29 27 70 5 10 18 57 62 30 60 85 9 42 1 26 33 4 17 90 14 52 54 56 37 20 40 15 32 22 58 12 43 69 16 13 3 78 45 49 38 23 47 41 81 71 76 
33: 80 19 72 76 3 17 37 74 48 47 15 30 52 27 35 7 53 62 49 59 40 18 34 79 83 28 32 9 77 45 5 24 90 16 
34: 46 10 33 24 74 54 
35: 67 45 38 64 78 22 52 57 
36: 33 65 45 7 42 76 55 18 83 75 60 30 10 20 72 40 51 36 4 35 21 3 53 43 
37: 5 87 36 31 
38: 3 26 87 69 31 32 84 44 40 28 29 64 78 9 83 70 19 34 75 35 62 42 16 79 90 27 
39: 5 72 60 13 18 69 38 19 42 3 80 26 45 46 10 15 
40: 45 72 77 78 41 58 53 75 62 88 40 76 82 69 37 84 10 35 57 86 51 54 79 48 1 32 29 31 16 33 11 81 85 65 9 30 70 22 71 4 50 12 14 39 42 64 89 68 73 38 43 47 63 61 49 15 67 26 90 6 8 60 24 66 19 
41: 6 75 62 25 37 89 
42: 68 5 81 77 59 84 78 75 76 2 14 52 32 21 17 72 22 28 39 26 74 7 
43: 29 20 65 11 18 56 53 10 67 32 24 73 40 25 68 52 50 
44: 56 37 
45: 31 66 
46: 79 24 17 58 71 87 55 23 18 
47: 69 1 47 52 12 38 15 37 2 
48: 76 88 78 57 4 
49: 84 1 
50: 19 6 76 70 60 52 67 46 50 85 84 3 
51: 81 2 46 59 38 39 36 67 87 47 
52: 34 60 37 12 10 3 16 17 1 36 
53: 44 27 80 4 9 
54: 20 40 
55: 1 65 30 24 7 8 35 41 62 15 79 69 2 56 11 86 27 34 87 13 51 52 40 20 21 61 33 59 75 88 58 17 5 84 89 23 12 72 46 19 54 81 
56: 7 75 65 3 44 60 
57: 84 45 6 63 1 56 14 69 88 28 35 37 24 86 12 38 61 31 68 30 58 11 41 62 15 7 13 87 78 32 25 64 89 85 22 18 36 48 4 75 49 
58: 52 29 85 71 37 72 56 26 
59: 68 
60: 73 35 1 65 6 21 
61: 31 59 19 82 34 90 86 1 10 20 17 16 28 47 71 
62: 45 
63: 46 30 79 41 69 17 16 39 28 
64: 45 35 78 
65: 47 36 61 40 24 49 28 63 65 
66: 59 15 88 61 
67: 43 41 37 32 34 44 51 14 29 18 15 83 38 8 82 16 85 23 9 7 47 50 84 52 75 42 55 21 39 33 19 70 73 
68: 41 88 77 85 82 84 8 6 
69: 87 3 25 61 18 11 54 17 59 
70: 57 47 67 87 34 
71: 7 69 21 6 77 75 41 26 32 38 30 37 22 55 10 60 35 76 48 71 11 
72: 17 15 70 37 11 34 38 51 25 30 57 26 2 61 31 47 20 85 46 73 1 40 13 90 35 45 79 4 64 88 83 87 84 89 21 6 58 41 49 53 29 24 48 62 78 36 82 
73: 74 28 81 53 33 35 22 52 54 89 5 46 58 17 88 21 62 83 2 56 39 
74: 32 89 20 74 
75: 66 76 33 6 12 57 41 58 54 37 52 87 35 64 7 15 21 75 59 73 43 89 72 3 83 4 8 45 19 38 11 1 51 28 53 74 34 48 69 67 80 23 20 13 22 70 32 86 10 27 65 31 84 82 2 39 14 
76: 72 82 14 58 66 39 77 13 22 62 
77: 62 55 
78: 38 58 
79: 83 77 79 61 78 21 75 12 
80: 82 80 7 5 54 24 55 12 42 84 87 23 27 8 89 45 46 81 2 73 51 63 57 79 18 1 10 39 43 68 44 78 62 74 32 13 75 22 36 4 33 90 
81: 35 24 57 87 90 65 78 53 
82: 46 82 41 74 19 3 72 
83: 46 80 
84: 62 65 22 36 84 67 
85: 84 23 65 47 63 
86: 48 55 67 22 82 2 3 7 49 42 10 33 61 68 17 25 54 35 75 38 6 59 18 86 
87: 46 
88: 81 90 35 29 19 10 66 55 31 50 43 85 62 27 86 75 44 39 26 59 77 46 21 18 56 
89: 66 30 
90: 43 20 
1: 49 20 60 47 3 80 61 40 55 10 16 2 28 6 57 75 52 32 72 
2: 47 73 72 16 1 4 86 51 42 28 3 80 5 75 11 55 
3: 50 36 75 38 29 56 33 52 69 39 16 4 19 32 86 15 82 23 28 6 10 
4: 48 75 72 21 36 40 2 17 53 80 32 57 11 4 
5: 18 4 55 16 22 42 11 39 33 80 32 37 73 
6: 68 41 6 57 16 2 72 60 50 40 75 32 71 86 
7: 42 56 67 55 57 17 30 71 28 2 1 4 36 80 86 16 75 33 
8: 24 18 75 2 10 15 55 68 14 28 80 40 67 
9: 53 28 38 33 15 3 2 4 40 32 67 20 29 6 
10: 5 23 86 71 61 34 36 52 39 32 75 29 40 43 16 80 88 
11: 71 20 15 75 16 28 6 14 57 55 40 2 29 69 72 11 4 43 10 3 32 23 
12: 79 47 80 20 40 4 11 28 57 3 32 52 14 75 55 
13: 22 30 11 75 80 6 76 17 16 57 39 28 72 10 21 55 20 32 1 15 2 
14: 75 29 20 4 67 14 28 76 15 42 19 10 11 16 6 57 40 32 17 
15: 39 47 32 72 16 3 55 40 33 1 20 57 21 28 2 66 67 75 10 
16: 33 4 2 10 14 67 63 32 38 11 40 28 61 16 21 52 20 
17: 9 86 6 42 63 33 28 29 73 52 61 69 72 1 32 55 16 46 
18: 46 21 6 33 57 1 86 11 28 36 39 67 88 16 32 69 80 43 
19: 40 16 50 3 10 82 88 6 33 39 4 67 19 38 20 61 75 55 
20: 90 61 74 55 24 16 28 72 43 54 36 32 75 21 1 2 
21: 60 1 71 42 88 75 72 55 79 73 36 32 21 67 
22: 20 40 1 75 86 71 10 80 76 35 84 12 32 42 73 11 16 57 
23: 4 32 67 6 46 75 80 3 55 28 18 1 85 
24: 30 80 40 81 65 2 46 43 33 11 55 34 57 4 72 
25: 29 72 2 20 69 11 28 1 43 57 32 41 86 
26: 58 40 72 88 71 20 42 1 14 6 32 28 16 38 39 
27: 38 80 3 33 88 20 2 10 75 55 32 11 5 53 6 
28: 63 18 20 33 57 38 21 6 75 3 42 65 73 61 10 
29: 1 67 40 58 43 16 88 29 19 24 72 2 32 38 6 28 14 
30: 89 57 32 28 63 5 11 4 20 55 40 1 72 2 71 33 36 29 
31: 37 10 57 75 72 88 38 40 61 3 28 45 20 23 
32: 11 80 19 42 32 40 67 71 3 4 2 16 17 74 57 21 33 1 75 27 43 38 
33: 12 19 86 28 55 40 34 11 73 1 32 36 75 80 67 
34: 70 23 4 61 55 32 67 29 72 52 20 28 75 16 38 33 11 
35: 16 71 36 73 28 40 33 60 88 55 81 38 86 75 57 64 11 72 29 
36: 52 11 51 80 16 23 36 65 84 29 3 1 72 37 57 4 28 
37: 44 75 33 32 47 29 2 6 40 71 67 57 72 52 41 58 4 
38: 26 57 35 2 16 72 47 21 39 86 78 32 40 71 67 29 10 28 51 20 11 75 6 4 
39: 73 42 76 51 15 11 88 75 4 16 40 80 21 28 32 17 67 23 63 
40: 54 33 2 36 28 32 4 10 72 65 16 40 43 55 38 
41: 27 40 67 16 57 21 6 72 71 18 32 63 55 75 82 68 11 22 3 
42: 17 11 2 67 21 40 80 6 39 32 28 86 38 36 
43: 36 32 67 75 10 6 40 90 88 28 80 
44: 10 28 53 56 4 67 21 80 88 29 32 38 3 
45: 62 33 35 28 32 19 80 40 57 2 72 36 39 75 64 
46: 87 50 80 29 32 4 55 11 3 28 10 16 88 51 21 6 82 34 63 39 72 83 73 27 
47: 51 33 85 65 61 28 70 40 16 67 47 11 72 32 
48: 31 1 33 40 28 75 86 72 57 71 29 11 
49: 57 28 3 40 33 2 86 29 20 16 72 32 17 21 65 11 
50: 43 3 88 22 50 11 15 40 2 10 30 19 67 32 28 
51: 2 28 6 36 17 72 21 40 55 16 80 75 19 67 
52: 6 67 16 58 28 35 43 2 47 50 1 33 3 75 73 42 32 55 
53: 81 73 10 72 19 36 2 40 43 17 32 75 33 28 
54: 34 2 73 40 75 69 55 86 28 80 15 29 32 11 16 4 
55: 77 67 36 46 88 6 20 86 4 32 71 2 80 
56: 88 73 57 29 58 1 32 2 15 55 28 4 11 6 44 43 5 
57: 35 40 11 21 81 75 80 72 48 16 4 70 32 28 
58: 78 4 15 21 32 55 6 19 73 72 10 76 57 40 75 46 
59: 69 75 10 28 21 6 51 86 16 66 55 22 2 33 4 42 61 88 
60: 56 21 20 32 50 39 40 1 29 24 4 71 10 52 36 28 
61: 66 72 65 3 57 55 40 69 4 86 32 79 10 
62: 76 80 29 77 84 88 41 57 1 32 6 55 72 73 33 16 11 40 2 38 21 
63: 85 1 18 6 65 80 16 3 14 40 28 57 15 2 
64: 25 38 29 4 28 32 40 57 75 6 24 3 35 72 
65: 65 28 75 23 40 2 4 55 17 1 36 3 60 84 43 85 81 56 
66: 45 89 22 40 76 21 11 75 32 20 1 88 28 
67: 84 86 21 16 70 4 35 2 12 40 29 43 6 32 28 19 75 50 51 
68: 59 30 57 86 42 16 43 20 40 80 11 
69: 21 63 3 57 38 55 47 23 15 6 39 71 16 11 40 32 75 
70: 7 3 6 32 16 10 28 2 38 67 40 75 20 50 72 
71: 61 32 46 71 11 6 58 1 23 20 40 
72: 82 58 16 11 2 75 42 55 36 76 33 39 32 3 40 
73: 67 43 14 40 16 17 60 72 75 18 80 
74: 74 75 33 3 29 32 82 34 73 28 4 2 80 42 
75: 13 16 28 40 42 3 55 67 88 80 6 57 75 86 79 38 29 11 56 2 36 41 22 4 71 
76: 32 4 75 16 30 48 40 28 29 17 20 2 36 42 33 1 15 50 11 71 
77: 15 11 88 42 16 76 32 40 79 71 24 33 68 28 
78: 64 42 35 81 72 13 11 6 15 40 80 57 28 1 3 14 2 79 38 32 48 21 
79: 3 79 40 28 46 2 72 20 15 80 63 38 32 16 33 6 55 
80: 83 21 6 53 29 80 33 2 20 39 1 11 75 
81: 55 32 2 42 40 51 88 20 16 28 80 73 
82: 72 17 32 14 11 1 86 68 75 61 18 80 40 67 6 82 76 16 
83: 28 38 23 36 6 75 11 67 73 72 1 79 33 18 
84: 14 11 55 16 67 84 2 28 57 40 38 80 3 75 42 85 68 72 50 4 49 29 
85: 8 40 72 29 2 16 88 67 1 68 57 3 32 4 50 58 
86: 86 10 55 88 57 11 28 32 40 29 75 19 61 6 2 16 
87: 23 22 46 16 75 11 55 6 37 72 38 21 80 81 69 57 70 1 51 
88: 19 48 66 10 68 6 72 2 21 4 40 22 55 1 73 57 
89: 41 10 4 55 72 80 40 74 32 21 3 28 57 16 73 75 1 6 
90: 80 11 61 38 81 40 16 33 72 28 6 32 88 



Updated preference list above: can be reinput into program.
Duration_ModCreation_milliseconds: 345
Duration_GetSolution_milliseconds: 7
Duration_CollectRes_milliseconds: 0

RawResults: 
49 47 50 48 18 68 42 24 53 5 71 79 22 75 39 33 9 46 40 90 60 20 4 30 29 58 38 63 1 89 37 11 12 70 16 52 44 26 73 54 27 17 36 10 62 87 51 31 57 43 2 6 81 34 77 88 35 78 69 56 66 76 85 25 65 45 84 59 21 7 61 82 67 74 13 32 15 64 3 83 55 72 28 14 8 86 23 19 41 80 

Duration_Total_milliseconds: 623

exitCode 0
code/Main_GS completed
