90
1: 22 83 2 29 42 4 77 79 40 49 43 73 12 
2: 9 49 81 42 16 25 4 51 43 83 26 28 87 2 3 73 
3: 50 23 9 49 27 79 25 77 7 16 4 60 73 42 55 18 
4: 4 5 16 76 2 23 52 50 43 31 41 49 83 42 
5: 10 68 7 86 32 51 79 26 73 83 18 87 77 42 9 49 21 40 3 4 
6: 18 51 23 42 83 87 52 77 4 2 49 31 44 34 
7: 70 65 73 21 81 23 14 18 77 68 43 51 88 29 57 9 49 3 42 2 54 67 62 
8: 85 33 9 28 27 73 31 4 83 42 3 18 80 43 23 87 77 2 16 44 32 
9: 17 73 83 85 77 69 4 9 49 87 42 28 7 2 16 40 43 82 
10: 16 86 59 31 44 42 32 49 23 54 62 51 2 73 55 80 18 77 83 
11: 82 77 42 4 83 90 87 84 32 55 21 51 43 81 7 
12: 33 54 62 9 77 42 4 44 86 83 61 49 
13: 75 18 65 51 77 42 87 54 43 41 22 49 2 39 40 83 4 62 
14: 73 82 84 49 31 54 83 81 4 25 51 40 42 69 59 56 18 39 
15: 11 9 77 65 49 82 35 31 23 19 83 42 4 73 
16: 84 2 5 19 49 87 77 52 35 31 42 4 55 23 83 43 45 
17: 51 82 4 49 42 43 83 71 23 18 31 62 26 29 2 77 
18: 28 5 77 16 18 35 36 86 68 50 51 42 57 49 87 12 80 4 76 31 11 2 
19: 32 88 87 31 4 83 52 77 56 2 49 65 43 44 12 23 73 35 42 
20: 14 60 11 25 49 22 74 77 21 39 83 73 42 4 87 86 40 69 
21: 59 4 42 18 60 49 69 23 77 9 19 25 81 35 8 43 83 86 
22: 5 87 13 32 65 3 25 73 69 19 83 44 71 29 42 34 9 49 2 23 54 36 77 4 31 
23: 65 83 87 64 29 42 23 24 49 1 51 86 2 22 47 9 84 76 7 54 
24: 8 73 50 40 68 49 57 31 42 18 84 51 39 23 83 4 22 69 87 43 32 56 88 
25: 64 4 73 42 57 9 80 77 44 40 49 22 83 84 
26: 38 7 69 61 49 74 60 35 9 50 25 51 42 32 54 4 82 46 31 43 83 77 
27: 41 15 19 4 23 43 56 18 44 51 27 16 52 49 39 42 54 
28: 23 49 59 9 65 44 51 42 83 4 
29: 62 14 49 25 51 23 42 16 52 57 73 4 40 55 43 
30: 13 24 31 23 4 65 75 48 83 42 51 49 
31: 48 56 39 68 83 29 31 4 62 65 49 77 88 44 9 
32: 77 82 60 42 4 15 43 49 23 81 71 76 24 80 7 28 87 31 
33: 27 49 9 16 21 43 69 39 78 42 4 
34: 54 31 7 77 42 69 9 58 52 83 49 56 23 2 
35: 57 83 81 19 88 31 18 29 15 14 54 43 87 77 59 42 7 35 39 80 51 4 49 11 
36: 42 83 51 4 35 3 43 58 23 32 77 71 9 44 49 
37: 87 31 49 3 29 73 14 22 54 39 42 83 23 7 76 4 35 
38: 3 9 83 42 27 56 52 43 15 4 2 23 49 86 
39: 60 42 15 57 87 49 83 88 43 71 56 77 9 4 16 
40: 79 29 22 4 42 49 26 19 25 18 23 83 7 2 44 87 
41: 89 77 45 49 29 55 60 19 56 10 14 4 42 87 9 31 83 
42: 81 77 39 7 83 30 18 4 35 41 86 11 85 42 29 49 79 51 
43: 29 73 50 16 83 77 49 79 86 4 42 14 
44: 37 90 80 65 4 2 42 59 62 
45: 66 77 44 86 60 52 25 42 5 26 88 23 83 64 4 24 49 
46: 71 87 23 18 27 46 4 16 49 83 42 80 61 66 43 77 90 88 21 51 11 19 
47: 12 15 2 54 83 81 22 60 26 51 65 49 42 77 4 41 88 80 23 86 
48: 88 4 42 50 71 86 29 35 73 26 49 81 15 87 3 84 31 60 77 
49: 1 3 87 45 9 42 21 54 32 47 23 4 49 88 65 51 25 77 43 2 44 83 69 
50: 19 60 3 9 86 25 83 29 55 18 56 49 57 32 54 77 42 69 43 31 4 87 
51: 47 42 65 71 27 9 18 86 4 43 49 
52: 36 73 11 4 52 88 25 54 51 23 49 65 18 77 2 48 42 
53: 44 4 9 31 2 50 83 81 43 49 86 85 87 77 90 40 3 26 42 
54: 40 9 90 3 50 42 11 30 25 31 77 22 4 80 49 14 
55: 86 87 5 84 23 81 49 31 25 32 47 42 83 22 43 29 4 
56: 7 60 84 23 87 81 52 31 42 50 2 78 4 14 49 66 83 
57: 56 31 4 49 54 23 52 26 77 42 83 39 
58: 52 29 26 23 57 81 20 88 65 42 49 51 77 54 80 16 2 31 82 25 15 76 11 
59: 68 35 50 23 73 49 14 79 4 42 77 65 44 21 7 9 28 55 60 
60: 21 87 84 43 83 51 31 77 25 12 60 82 42 4 49 9 
61: 90 71 3 77 69 56 40 7 49 4 83 54 43 88 65 76 9 42 23 2 52 22 73 32 
62: 45 90 83 88 87 77 4 20 23 68 52 2 32 42 54 
63: 69 28 43 23 9 76 62 52 49 18 60 77 83 42 4 44 40 
64: 78 77 42 65 87 4 18 52 49 83 16 40 21 73 57 74 31 29 59 
65: 49 65 87 42 83 60 31 84 15 77 7 51 
66: 61 83 25 4 82 44 40 19 49 42 29 73 77 
67: 43 29 83 23 52 42 73 2 3 61 31 59 77 4 27 49 
68: 6 68 33 86 54 16 87 80 35 23 83 49 42 4 79 
69: 25 59 58 76 55 39 16 49 31 82 5 78 32 43 80 4 77 83 23 
70: 34 62 83 80 61 77 86 4 42 40 73 81 29 49 69 43 52 23 60 31 
71: 26 35 11 83 43 87 42 20 49 4 9 73 52 
72: 15 25 26 2 31 4 83 49 82 65 9 81 42 52 77 43 28 
73: 35 83 2 56 39 4 24 49 25 32 57 51 44 73 86 16 42 87 29 59 3 
74: 74 51 86 4 81 56 49 5 31 23 8 2 83 62 42 77 43 76 
75: 76 87 59 3 83 4 23 65 31 14 40 9 68 16 42 49 
76: 39 77 62 51 4 65 32 78 71 23 31 60 49 21 44 5 85 27 3 50 
77: 55 60 2 57 4 19 42 83 49 56 80 73 77 
78: 58 15 81 90 83 32 44 87 49 71 77 52 43 73 4 5 82 42 27 84 
79: 83 79 12 29 39 4 16 49 9 23 73 31 50 52 42 80 
80: 24 42 23 27 62 32 4 90 65 17 83 19 9 16 49 40 48 77 69 
81: 53 83 16 86 22 43 85 49 4 60 76 2 42 66 23 31 29 77 9 
82: 72 9 73 79 88 12 83 50 76 26 43 77 11 39 2 84 27 49 22 47 42 51 4 52 14 
83: 80 90 4 79 35 83 76 73 49 40 42 31 87 77 43 22 9 88 
84: 67 87 51 18 76 43 77 73 23 42 35 29 4 83 39 49 
85: 63 87 54 82 57 4 42 49 31 44 85 46 9 83 35 86 77 78 3 25 
86: 2 49 42 86 15 40 90 50 9 31 24 4 77 69 23 87 81 
87: 46 49 25 9 23 55 21 16 27 4 2 87 43 54 33 19 83 42 26 
88: 31 26 77 56 54 23 73 16 5 49 42 80 88 83 87 4 22 9 51 
89: 30 4 8 3 73 87 80 68 51 49 56 9 57 42 32 
90: 20 49 40 83 90 3 4 84 81 42 22 23 58 77 86 62 21 29 
1: 23 49 
2: 52 9 22 34 87 81 18 56 67 40 13 44 82 2 53 23 47 8 62 17 10 73 38 72 74 61 77 19 16 7 49 58 1 6 4 86 
3: 50 22 61 67 73 53 37 36 2 76 5 49 7 85 8 75 54 89 48 90 38 
4: 55 14 59 89 88 48 70 29 42 3 67 27 56 45 75 63 41 43 1 82 5 61 50 18 52 9 28 46 26 78 20 35 22 76 69 72 79 6 24 51 21 36 77 66 40 2 17 53 39 25 12 80 44 86 62 37 31 15 32 19 57 71 64 49 47 74 16 84 81 11 90 54 73 38 68 13 33 85 83 87 60 30 8 4 
5: 76 18 4 55 78 88 16 45 69 74 22 
6: 68 
7: 23 40 32 5 65 9 59 11 61 35 26 37 34 3 42 56 
8: 21 89 74 24 
9: 8 75 53 88 39 49 61 72 85 25 5 28 23 22 41 79 38 36 54 50 82 33 34 15 7 89 26 9 80 86 31 83 60 87 63 59 81 71 12 21 3 51 2 
10: 41 5 
11: 35 54 18 58 71 20 42 52 46 82 15 
12: 18 19 1 82 79 60 47 
13: 22 30 
14: 75 37 54 7 35 41 29 43 56 82 59 20 
15: 27 65 78 35 58 38 39 47 48 32 86 72 
16: 64 3 81 69 43 80 87 79 33 4 29 39 2 75 88 8 18 46 27 73 68 58 9 10 
17: 80 9 
18: 14 8 27 5 3 7 50 52 18 84 63 13 17 46 10 40 21 42 64 24 51 35 6 
19: 87 80 46 35 66 77 27 22 21 40 16 15 41 50 
20: 71 62 58 90 
21: 46 5 7 33 11 59 20 64 49 87 90 76 60 
22: 37 61 23 83 20 54 55 24 25 90 40 47 82 88 81 13 1 
23: 24 56 76 23 81 4 21 7 57 27 16 47 34 49 69 62 37 8 30 74 87 17 15 63 36 52 32 88 38 67 86 40 45 90 6 46 61 75 84 80 10 19 3 70 55 68 22 59 58 79 29 28 
24: 23 73 45 86 32 30 80 
25: 29 21 72 73 2 87 3 60 26 50 49 58 20 66 22 54 14 85 52 55 45 40 69 
26: 57 48 58 17 40 72 45 5 88 82 2 53 87 47 71 
27: 8 67 38 51 27 80 87 82 78 76 3 46 33 
28: 59 32 2 8 72 63 9 18 
29: 41 42 50 7 90 81 35 55 79 31 84 73 1 48 67 22 17 23 70 40 37 58 64 66 43 
30: 42 54 89 
31: 37 41 10 50 15 35 31 32 79 65 4 18 57 83 17 81 30 34 86 75 53 16 48 60 85 55 67 74 72 22 54 14 26 64 24 76 8 6 58 19 69 56 70 88 
32: 49 22 8 73 89 55 61 50 76 24 36 78 5 69 11 80 10 62 26 19 
33: 68 8 87 12 
34: 6 22 70 
35: 59 83 15 26 37 85 21 16 48 19 71 36 68 84 35 18 42 73 
36: 18 22 52 
37: 44 
38: 26 
39: 24 20 84 31 14 27 13 33 35 82 37 69 73 79 42 57 76 
40: 53 20 25 9 13 24 86 1 63 70 80 61 14 83 75 29 90 64 5 66 54 
41: 13 4 42 47 27 
42: 46 12 65 55 75 9 82 52 17 48 15 11 2 61 22 50 18 67 45 78 42 20 35 43 81 27 68 24 49 21 40 80 4 70 57 62 90 77 85 47 58 41 33 79 6 39 83 16 44 14 5 10 53 1 84 60 88 64 8 71 63 73 34 25 26 89 72 59 30 87 54 56 32 37 7 28 86 29 13 3 66 74 19 23 38 51 36 
43: 11 35 7 29 71 26 72 39 38 36 78 27 8 24 81 87 84 50 60 19 70 32 61 51 55 17 13 53 2 83 49 33 4 74 69 1 82 16 46 21 63 9 67 
44: 59 49 6 27 73 22 12 8 10 85 78 40 63 28 45 31 25 76 66 36 19 53 
45: 41 16 49 62 
46: 46 26 85 87 
47: 23 82 55 49 51 
48: 52 80 30 31 
49: 51 46 15 31 75 22 18 57 58 85 28 54 60 69 27 12 87 45 80 7 74 3 37 40 36 63 33 76 10 48 41 70 47 52 66 89 68 55 19 14 49 2 53 50 90 86 71 67 29 4 20 5 25 61 38 39 64 35 73 42 23 84 1 16 13 81 43 26 72 34 83 32 6 9 82 59 17 30 78 88 56 77 79 24 21 65 
50: 53 26 76 56 18 54 48 79 24 59 86 4 43 82 3 
51: 49 73 23 24 18 58 26 29 2 7 82 28 89 27 74 14 6 30 84 10 11 46 65 88 47 76 42 5 13 52 36 60 35 17 
52: 72 52 71 61 34 82 56 6 62 79 67 45 78 57 16 63 64 70 29 38 4 19 27 58 
53: 81 
54: 26 10 68 88 50 35 49 23 47 62 27 12 7 52 57 58 85 61 22 87 14 13 37 34 
55: 87 3 29 10 69 50 41 11 59 16 77 
56: 89 61 27 38 41 34 50 88 74 31 73 14 19 77 39 24 57 
57: 29 85 58 77 89 73 39 64 50 7 18 24 25 35 
58: 36 90 34 69 78 
59: 35 73 67 69 75 44 10 28 14 64 21 
60: 48 81 41 3 76 26 56 21 70 45 20 63 60 59 65 47 32 50 77 39 
61: 46 12 67 70 26 66 
62: 90 70 76 74 10 17 31 63 80 13 44 7 12 29 
63: 85 
64: 45 23 25 
65: 59 65 19 64 44 28 15 76 51 7 47 31 52 72 80 61 75 58 13 49 30 22 23 
66: 56 46 81 45 
67: 7 84 
68: 31 5 62 7 75 89 24 68 18 59 
69: 70 80 9 33 50 21 14 22 26 24 49 86 20 34 61 63 
70: 7 
71: 22 61 78 76 36 39 51 17 32 48 46 
72: 82 
73: 89 1 82 84 61 7 25 73 3 9 59 37 67 71 66 2 5 77 78 88 79 29 20 24 83 70 22 15 52 64 19 8 48 43 10 14 
74: 20 64 26 74 
75: 30 13 
76: 23 63 32 37 82 4 83 81 84 74 18 61 69 58 75 
77: 43 26 90 78 82 48 34 66 9 80 36 25 72 74 65 63 85 10 19 61 86 3 50 53 15 11 20 88 52 12 64 60 67 57 47 83 35 49 39 22 6 69 84 17 21 41 8 70 81 54 5 42 46 7 1 58 13 16 59 62 77 76 45 18 31 32 
78: 76 69 56 33 85 64 
79: 5 1 43 59 82 68 3 79 83 42 40 
80: 58 54 35 69 10 79 8 77 25 68 32 18 46 44 88 70 89 47 83 
81: 21 7 55 72 53 35 90 74 58 32 47 2 11 86 56 48 14 70 78 42 
82: 9 15 72 17 26 32 69 78 14 58 60 85 66 11 
83: 74 31 28 49 69 71 12 9 38 80 41 23 83 53 36 50 84 37 47 16 81 88 19 43 13 24 61 66 34 64 45 57 6 87 78 10 55 17 63 75 42 46 82 39 11 21 5 65 90 62 8 70 60 26 20 30 25 67 68 22 73 56 35 72 40 2 15 85 77 14 1 4 79 
84: 24 25 14 60 11 55 48 56 82 78 65 90 23 16 
85: 85 76 9 53 42 81 8 
86: 81 86 43 23 5 70 20 42 73 68 48 38 10 51 90 74 53 50 47 45 18 12 85 21 55 
87: 32 85 23 9 13 22 18 48 73 65 46 35 86 62 50 16 2 89 64 75 8 60 11 88 68 20 5 55 39 78 87 41 71 40 56 53 6 19 83 24 49 84 37 
88: 88 47 19 82 24 49 83 52 7 61 58 35 45 46 62 31 39 48 
89: 41 
90: 46 53 54 78 44 62 86 90 80 83 11 61 



Updated preference list above: can be reinput into program.
Duration_ModCreation_milliseconds: 286
Duration_GetSolution_milliseconds: 22
Duration_CollectRes_milliseconds: 0

RawResults: 
22 9 50 4 10 18 70 85 17 16 82 33 75 73 11 84 51 28 32 14 59 5 65 8 64 38 41 23 62 13 48 77 27 54 57 42 87 3 60 79 89 81 29 37 66 71 12 88 1 19 47 36 44 40 86 7 56 52 68 21 90 45 69 78 49 61 43 6 25 34 26 15 35 74 76 39 55 58 83 24 53 72 80 67 63 2 46 31 30 20 

Duration_Total_milliseconds: 483

exitCode 0
code/Main_GS completed
