90
1: 77 84 74 38 47 42 86 85 6 75 27 11 57 7 52 44 68 40 36 22 
2: 46 29 32 34 22 27 44 14 61 45 57 33 10 36 77 63 78 3 60 52 84 47 86 
3: 52 47 45 44 53 63 86 56 34 50 22 11 87 57 29 8 21 15 1 72 71 
4: 58 47 15 6 27 42 32 83 72 77 56 53 36 84 50 22 79 3 25 85 76 44 28 86 57 29 
5: 11 50 75 43 30 45 3 19 12 78 68 8 39 60 88 34 61 42 15 44 57 58 77 87 36 
6: 60 68 32 29 17 78 44 47 90 35 77 12 15 38 75 36 84 87 42 22 
7: 51 86 57 75 32 50 87 72 22 81 27 
8: 14 47 8 45 84 57 42 87 21 62 25 88 64 76 69 44 89 83 50 43 86 56 
9: 27 84 8 20 42 25 47 53 52 57 87 71 60 29 31 89 43 10 39 3 
10: 86 47 15 21 42 44 45 57 63 38 52 83 89 87 58 81 25 68 7 36 34 6 84 
11: 35 34 81 4 75 29 77 50 86 84 42 39 89 1 45 31 22 44 57 47 68 53 
12: 17 62 58 12 89 44 8 68 39 45 90 34 86 15 57 18 50 67 47 42 84 87 
13: 9 27 50 20 44 3 87 86 76 45 77 89 42 36 4 22 63 54 10 15 68 84 43 1 79 57 31 75 25 29 
14: 34 74 71 83 77 22 53 30 57 15 87 89 35 84 44 14 75 68 10 58 45 1 47 56 
15: 1 50 62 15 84 77 8 32 44 43 35 47 87 3 86 22 31 57 53 
16: 29 74 56 87 47 80 3 83 22 21 15 42 86 25 81 52 89 84 57 44 45 77 
17: 30 86 21 45 57 8 61 15 81 35 73 85 42 43 47 
18: 3 42 57 1 15 86 8 44 23 50 35 81 72 68 87 83 31 47 62 14 27 34 
19: 12 87 56 75 28 26 45 68 85 83 77 47 42 84 36 86 1 18 15 35 54 27 57 60 22 
20: 84 15 1 29 57 39 50 34 53 79 86 8 87 6 78 23 89 27 25 62 47 
21: 10 47 45 38 31 87 84 77 89 71 56 34 86 57 44 83 8 30 1 50 
22: 75 84 83 44 63 45 58 89 57 8 47 77 13 27 29 34 22 
23: 43 41 1 57 34 39 89 5 68 15 81 53 42 23 60 31 50 11 28 21 
24: 55 36 8 42 53 43 3 87 57 25 83 45 44 62 77 22 29 89 38 35 32 27 
25: 45 29 83 1 3 56 44 47 68 87 15 52 51 32 53 39 78 18 22 35 8 86 21 57 36 84 
26: 20 84 14 39 73 81 35 57 45 22 44 47 8 36 86 
27: 32 52 84 39 15 47 79 25 86 8 41 16 28 36 42 27 62 44 69 3 34 31 77 57 7 87 45 29 89 
28: 36 3 72 41 77 44 57 34 45 86 22 21 23 89 1 81 87 
29: 23 57 3 47 74 45 78 72 75 10 39 25 1 44 34 42 86 81 15 22 84 52 87 
30: 81 25 42 85 45 29 4 8 47 57 87 86 44 14 
31: 7 83 22 42 81 10 29 35 25 53 32 86 47 49 60 8 55 57 45 4 87 
32: 40 73 15 60 84 57 29 3 14 87 77 22 
33: 53 3 27 47 34 49 22 87 36 71 45 28 73 72 89 50 81 32 57 44 77 29 74 62 86 15 52 
34: 5 26 53 50 38 24 89 3 87 4 57 18 56 8 45 84 25 2 22 81 41 15 
35: 8 35 33 22 50 44 87 28 89 78 85 29 16 55 27 42 57 26 77 45 81 74 62 
36: 24 57 36 81 86 53 35 84 38 22 75 11 15 43 28 52 23 47 77 45 29 55 44 8 87 
37: 42 84 81 36 20 85 57 31 75 39 3 55 60 10 47 23 34 14 44 62 83 22 78 
38: 59 21 78 44 57 50 36 75 18 22 60 28 84 89 3 74 25 20 81 29 42 
39: 90 87 77 47 53 28 63 12 22 52 58 50 75 57 62 44 27 29 36 45 15 32 78 88 
40: 74 42 36 47 52 65 33 45 31 84 78 44 62 1 50 57 86 38 87 77 55 81 29 
41: 50 75 52 22 25 44 27 18 77 62 42 17 87 3 57 34 89 83 47 
42: 39 20 86 62 3 32 29 2 52 35 38 34 65 8 15 47 81 44 25 57 85 
43: 57 1 22 86 74 39 50 53 84 25 12 36 15 63 87 44 62 55 8 42 89 38 47 
44: 54 77 25 15 84 62 43 1 71 29 50 85 89 86 87 3 47 44 57 45 39 42 68 
45: 82 78 83 50 57 27 42 4 84 61 47 22 62 89 8 45 44 39 15 87 30 53 
46: 18 87 84 90 32 22 27 55 42 25 75 45 74 1 36 44 57 15 86 47 77 
47: 16 44 87 84 43 83 50 3 27 48 52 24 8 57 23 56 81 
48: 66 68 90 71 34 43 87 32 77 81 26 75 36 84 62 83 31 57 1 44 
49: 79 77 22 27 39 72 82 34 10 42 52 15 47 84 74 36 45 88 57 49 64 86 
50: 85 31 75 28 36 47 57 35 84 42 1 21 50 22 68 34 5 53 
51: 28 42 75 45 39 86 27 57 56 1 3 87 22 7 47 63 84 52 58 35 4 
52: 38 62 32 51 64 42 57 49 81 23 44 56 47 4 84 85 87 15 35 
53: 19 42 83 87 86 77 65 90 34 57 20 81 41 1 56 53 68 52 31 22 47 44 
54: 22 25 64 50 60 47 19 74 44 5 14 58 69 27 35 87 28 8 3 77 45 86 85 57 
55: 63 86 77 44 74 84 28 3 31 53 52 83 57 29 42 
56: 4 28 62 57 44 34 37 84 86 58 45 82 50 15 31 42 20 77 47 
57: 33 84 1 60 50 42 27 8 57 32 75 77 86 89 53 6 38 29 62 44 45 
58: 47 20 52 44 67 25 34 84 86 19 16 45 54 15 1 78 18 8 27 
59: 87 60 1 31 77 86 68 32 15 39 6 34 42 50 22 64 62 52 81 19 21 47 57 
60: 6 8 50 1 10 42 86 79 35 67 77 57 22 31 18 62 64 88 47 75 32 
61: 89 87 57 63 84 29 38 1 69 3 85 78 44 60 34 43 17 22 77 21 47 45 
62: 64 45 28 34 21 79 83 27 60 86 50 20 25 22 44 81 62 
63: 76 75 72 25 82 1 8 47 74 23 63 36 57 84 44 45 42 89 87 21 39 34 41 
64: 72 27 89 52 62 38 28 60 53 22 47 50 30 44 77 4 29 86 8 1 
65: 69 42 1 21 31 85 87 89 60 47 73 68 84 27 22 57 77 30 3 32 
66: 31 10 39 25 22 44 32 23 62 52 81 3 20 57 29 87 89 
67: 67 35 5 47 86 8 88 21 22 4 89 2 44 18 1 31 77 81 57 27 75 42 29 84 
68: 88 26 83 1 60 44 18 68 57 77 35 86 52 47 72 74 29 85 22 30 42 89 84 81 
69: 56 29 64 27 32 22 83 36 84 62 86 44 31 50 42 57 3 51 39 
70: 73 87 63 35 15 83 47 86 81 17 57 84 1 39 44 45 22 72 
71: 68 52 23 22 85 45 86 50 44 26 75 74 31 8 87 79 84 62 42 4 34 43 57 55 32 
72: 15 34 23 32 42 75 22 55 86 35 44 74 84 62 27 77 57 8 89 
73: 78 84 79 68 44 45 77 4 28 85 15 56 22 1 3 57 36 27 65 52 42 86 18 47 
74: 49 84 74 26 67 31 15 90 57 81 58 12 87 21 44 86 47 51 5 8 83 1 
75: 65 35 47 81 8 62 84 29 15 11 1 74 14 68 73 42 69 79 23 39 3 57 27 60 21 75 44 
76: 2 89 87 42 3 86 68 22 49 84 63 55 81 60 25 1 57 44 72 
77: 25 42 74 22 57 21 65 39 62 29 84 32 77 7 86 44 28 34 
78: 61 39 77 45 86 42 65 14 3 10 81 50 27 55 82 57 47 54 89 22 87 44 31 85 
79: 70 85 50 3 8 47 87 63 77 62 15 29 22 28 23 21 45 44 32 57 1 84 
80: 26 87 88 14 27 28 79 13 25 23 78 77 84 18 34 81 42 22 
81: 80 81 68 86 31 34 42 74 18 79 10 22 50 21 72 36 35 8 77 84 89 3 15 87 30 57 45 1 47 
82: 13 88 31 17 71 34 85 15 57 89 35 86 22 2 27 3 44 47 1 42 81 77 63 84 29 4 75 
83: 21 89 11 77 27 3 45 30 76 2 39 36 84 58 83 22 57 50 86 87 62 44 18 
84: 41 70 25 52 87 23 1 47 45 57 65 3 28 8 31 89 29 62 21 22 77 44 
85: 71 56 86 29 3 1 32 27 77 57 10 25 84 65 81 45 74 15 61 64 44 79 
86: 48 77 86 44 42 36 15 45 20 8 83 47 22 89 75 68 50 26 35 57 
87: 62 86 22 15 89 77 30 25 56 87 55 39 5 10 1 27 43 47 57 44 52 42 
88: 83 36 15 21 87 22 84 32 86 41 61 74 81 89 57 75 28 44 42 8 23 47 29 72 6 25 48 
89: 37 47 42 15 60 72 52 87 89 22 50 53 67 77 44 51 30 57 36 84 29 25 41 
90: 44 79 32 31 83 89 84 14 63 62 22 57 35 77 85 64 47 
1: 73 48 79 19 44 13 59 46 53 43 68 64 23 18 14 3 76 60 58 84 70 20 57 81 40 74 87 85 28 25 82 65 29 11 50 51 61 75 21 63 67 15 
2: 34 83 82 42 67 76 
3: 4 37 5 32 85 29 66 24 84 55 15 38 16 2 82 47 69 76 28 34 61 81 25 9 79 27 73 51 78 13 41 83 54 75 42 33 65 44 18 
4: 52 64 71 13 34 51 31 67 45 73 82 30 11 56 
5: 54 74 67 87 50 23 34 
6: 20 10 59 57 4 88 1 60 
7: 51 1 10 77 27 31 
8: 74 25 43 86 63 21 84 47 67 5 60 45 64 79 20 81 22 12 54 18 27 36 34 3 31 8 72 9 88 30 57 17 26 75 15 24 42 58 71 35 
9: 13 
10: 29 49 60 78 9 87 66 13 85 14 2 81 37 31 21 
11: 3 83 1 75 36 23 5 
12: 6 39 5 12 74 43 19 
13: 80 22 82 
14: 2 54 30 18 37 75 90 80 14 26 32 78 8 
15: 32 89 81 14 75 43 70 27 45 87 79 86 10 42 39 17 46 34 6 33 18 49 23 25 4 36 82 20 88 44 13 85 3 58 73 29 52 16 74 15 19 5 56 12 59 72 
16: 35 58 27 47 
17: 61 6 41 70 82 12 
18: 83 38 58 41 60 19 68 25 73 12 34 80 81 67 46 
19: 59 54 58 5 53 
20: 62 53 38 58 9 42 86 66 56 37 13 26 
21: 77 8 23 3 75 25 61 81 67 63 59 10 38 88 17 84 16 79 50 65 28 62 74 83 
22: 11 7 59 89 90 68 70 78 65 4 71 76 50 88 26 15 13 45 67 49 6 83 1 29 46 14 62 28 73 69 38 32 86 61 43 36 51 72 87 39 24 81 77 22 34 16 25 33 64 2 31 35 3 53 37 19 41 60 79 80 82 84 66 54 
23: 23 18 79 88 47 72 20 71 52 84 66 28 80 36 37 63 75 29 
24: 34 47 36 
25: 13 29 9 27 43 34 20 16 4 88 85 58 62 84 66 42 54 89 8 87 10 38 44 24 31 46 30 76 63 41 80 77 
26: 35 71 86 48 74 19 34 68 80 
27: 69 65 33 20 62 49 75 67 82 18 22 27 19 73 2 87 47 4 7 72 64 83 46 80 78 58 85 54 41 24 35 39 13 45 51 1 57 9 
28: 64 54 23 35 19 88 56 36 50 27 38 4 39 33 80 77 73 55 62 79 84 51 
29: 67 38 36 6 85 32 84 11 77 35 9 40 2 66 3 68 31 22 42 82 55 61 33 75 4 44 89 13 27 64 39 25 79 24 88 20 30 57 69 16 
30: 87 65 68 81 83 64 5 89 21 14 45 17 
31: 21 84 37 40 11 48 23 18 53 15 59 60 81 82 13 55 90 71 74 69 65 9 50 27 67 56 78 66 
32: 66 69 71 33 24 31 77 39 42 59 85 6 48 65 88 52 90 60 46 57 7 25 2 15 72 79 4 27 
33: 35 2 40 57 
34: 49 3 53 23 42 20 22 11 50 77 81 56 18 5 28 10 33 71 80 59 29 12 21 82 58 63 37 48 72 41 2 61 27 62 14 
35: 70 81 68 17 18 15 72 6 60 67 52 42 36 50 54 86 82 25 19 35 26 51 90 14 75 31 24 11 
36: 36 81 6 89 73 88 86 43 2 69 63 39 4 24 26 10 25 48 50 1 27 46 83 5 49 38 40 13 37 33 19 28 
37: 56 89 
38: 61 43 36 24 10 6 34 42 21 1 57 64 40 52 
39: 59 26 27 75 77 25 5 9 11 83 45 43 37 29 23 78 66 49 51 87 70 63 12 44 20 69 42 
40: 1 32 
41: 27 53 34 23 28 63 88 89 84 
42: 6 31 1 50 23 8 60 38 41 82 72 5 63 10 76 71 56 46 59 11 13 87 81 78 12 27 69 43 73 40 30 75 49 19 68 18 9 80 29 57 67 51 53 35 89 77 88 65 24 17 16 55 45 86 52 4 44 37 
43: 8 36 61 5 17 24 13 44 47 87 48 9 15 71 23 
44: 15 27 36 52 12 67 61 73 87 66 58 37 57 43 33 1 13 25 82 70 56 18 21 8 64 46 24 75 38 88 6 35 78 30 68 89 48 54 5 29 45 79 26 16 44 14 53 42 74 28 76 83 10 40 41 22 4 62 86 69 39 63 11 71 2 3 77 85 47 55 72 84 90 
45: 27 5 49 8 62 45 22 34 70 61 14 30 24 39 79 2 16 31 83 17 84 35 78 73 46 56 21 13 12 36 19 58 63 40 26 29 33 3 71 86 44 10 28 85 11 54 81 57 51 25 
46: 2 
47: 36 39 15 67 84 44 27 82 68 53 49 87 4 14 8 65 74 63 6 64 2 12 56 60 10 31 21 33 79 46 54 26 81 16 75 73 61 37 25 52 50 78 1 30 41 43 42 17 22 89 19 88 70 59 90 3 29 86 9 11 51 45 20 18 40 58 
48: 47 88 86 
49: 33 52 49 76 31 74 
50: 43 23 64 89 20 35 5 86 69 38 71 21 18 39 3 44 12 13 33 45 7 62 54 57 78 79 47 59 60 4 50 15 34 11 56 8 83 40 81 41 
51: 74 25 69 52 89 7 
52: 36 40 49 1 25 73 10 55 89 9 66 42 2 29 47 87 64 71 27 53 33 51 39 41 84 59 58 16 68 3 
53: 14 89 55 64 9 53 43 20 45 36 25 24 4 39 57 3 15 34 23 11 50 31 33 
54: 78 58 19 13 44 
55: 36 35 76 40 31 87 46 71 37 78 72 43 24 
56: 3 73 8 19 34 25 47 87 4 16 85 21 52 53 14 51 69 
57: 84 39 12 48 50 22 30 17 38 71 42 49 85 78 5 65 35 75 60 11 81 2 26 14 13 73 16 52 69 57 46 20 63 18 56 4 83 37 88 36 67 7 86 15 40 61 23 89 82 34 68 90 51 31 66 45 44 21 3 41 33 32 28 19 87 70 72 1 79 9 10 55 29 77 24 47 76 25 53 27 8 74 59 54 43 
58: 39 54 83 12 74 5 10 22 14 51 56 4 
59: 38 
60: 54 9 31 89 68 64 61 23 37 76 38 32 65 62 19 59 75 2 57 5 6 
61: 5 88 17 2 45 85 78 
62: 45 72 39 24 8 15 59 79 35 62 60 12 69 83 90 71 43 37 77 48 64 33 84 52 75 18 57 56 66 42 40 41 27 20 44 87 
63: 39 43 79 70 51 76 82 3 13 90 22 10 63 2 61 55 
64: 85 60 59 90 69 54 52 49 8 62 
65: 78 85 42 73 40 84 53 77 75 
66: 48 
67: 74 60 12 58 89 67 
68: 25 13 48 19 73 76 75 23 10 81 18 12 65 53 86 6 68 11 44 50 59 1 14 5 71 
69: 54 27 61 8 75 65 
70: 84 79 
71: 9 44 21 3 48 82 33 14 85 
72: 29 18 49 70 63 7 81 76 28 88 68 3 33 4 89 64 
73: 33 32 65 17 26 75 70 
74: 16 1 49 43 14 46 77 55 71 29 68 33 35 74 38 63 81 88 75 72 85 54 40 
75: 38 57 51 67 75 82 72 29 14 46 5 7 37 63 6 86 19 1 71 50 88 36 48 11 39 13 60 41 22 
76: 4 13 8 83 63 
77: 86 67 53 79 72 80 57 5 60 14 54 64 46 56 32 90 59 41 16 11 78 81 87 22 21 49 19 35 28 36 6 65 40 68 83 82 85 89 15 84 48 33 61 44 55 13 77 27 4 73 39 24 2 1 
78: 5 61 29 35 80 40 37 58 2 38 25 45 6 20 39 73 
79: 75 13 4 73 90 20 27 71 81 85 80 62 60 49 
80: 16 81 
81: 17 66 37 81 88 74 33 29 42 80 23 62 47 59 75 11 35 82 28 40 52 76 67 53 18 38 85 48 31 68 7 26 34 10 36 78 16 70 30 
82: 56 63 49 78 45 
83: 10 41 90 22 16 25 14 18 19 48 83 55 70 24 69 45 74 86 62 47 31 68 8 53 21 4 37 88 
84: 68 29 88 49 73 8 80 19 79 71 22 69 47 2 25 74 81 1 58 85 56 50 83 4 38 12 72 52 46 21 32 75 61 27 40 6 48 82 55 90 15 45 34 43 36 10 89 9 70 76 63 13 67 77 11 65 57 26 51 14 44 37 16 20 
85: 61 71 42 1 82 4 19 52 44 35 78 90 30 73 65 37 17 54 79 68 50 
86: 57 31 2 3 53 85 78 17 59 46 88 43 49 18 87 25 15 20 74 58 73 68 30 40 16 12 7 83 36 1 69 67 28 44 86 51 54 71 64 56 29 33 77 72 27 42 62 4 60 55 81 21 82 26 76 19 11 8 70 13 10 
87: 6 15 24 39 10 65 28 12 47 63 40 33 70 87 32 20 76 84 5 88 35 71 19 79 43 34 83 66 48 81 16 80 29 3 9 45 31 25 14 51 21 54 78 18 52 44 7 41 27 46 36 8 13 74 53 89 30 61 59 
88: 5 82 80 39 67 8 49 60 68 
89: 12 68 34 86 27 24 66 84 89 16 67 21 13 11 41 81 76 64 63 35 43 10 9 38 8 78 23 33 90 83 87 20 72 57 65 14 44 22 45 28 82 88 61 
90: 48 46 12 74 6 53 39 



Updated preference list above: can be reinput into program.
Duration_ModCreation_milliseconds: 168
Duration_GetSolution_milliseconds: 9
Duration_CollectRes_milliseconds: 0

RawResults: 
77 46 52 58 11 60 51 14 27 86 35 17 9 34 1 29 30 3 12 84 10 75 43 55 45 20 32 36 23 81 7 40 53 5 8 24 42 59 90 74 50 39 57 54 82 18 16 66 79 85 28 38 19 22 63 4 33 47 87 6 89 64 76 72 69 31 67 88 56 73 68 15 78 49 65 2 25 61 70 26 80 13 21 41 71 48 62 83 37 44 

Duration_Total_milliseconds: 551

exitCode 0
code/Main_GS completed
