300
1: 210 40 240 168 27 258 74 104 45 255 191 197 167 215 248 111 91 133 202 8 61 181 144 20 112 184 47 207 183 260 165 131 209 64 193 84 132 
2: 166 19 226 193 4 154 130 288 66 174 135 47 293 32 126 240 7 39 122 133 28 69 165 8 34 218 78 101 64 73 225 5 192 213 67 248 242 
3: 272 149 47 20 8 132 265 63 10 88 181 218 241 242 209 92 30 262 116 123 193 54 28 61 84 200 194 14 168 91 253 
4: 283 240 69 31 234 47 111 135 262 248 110 19 224 90 105 101 87 218 89 159 232 199 297 20 183 242 139 91 209 
5: 157 199 40 74 133 253 4 191 159 221 101 109 93 242 106 154 12 297 245 19 168 220 209 88 89 135 248 219 247 7 167 84 
6: 121 293 86 145 169 193 202 115 7 195 111 49 131 135 284 244 224 274 20 84 47 40 297 203 242 286 112 248 222 165 218 129 78 64 208 
7: 195 97 182 218 187 101 28 243 168 232 169 87 73 231 134 215 78 20 265 123 245 7 210 114 167 143 98 233 234 177 47 272 181 88 
8: 236 284 203 113 240 289 76 13 116 249 4 274 206 255 204 101 111 145 296 54 265 221 40 175 89 32 191 47 34 218 39 152 122 247 31 282 
9: 67 108 283 135 73 297 145 39 109 168 84 220 209 172 136 251 244 202 179 192 156 4 193 139 219 161 47 134 197 115 165 60 101 152 57 242 218 29 210 21 46 
10: 96 108 272 122 21 49 248 165 252 262 199 78 255 267 150 164 20 77 291 300 111 233 3 129 181 101 182 210 7 189 113 273 12 197 109 93 
11: 27 294 135 253 181 234 99 10 231 168 81 115 169 24 175 218 206 58 101 40 77 47 197 139 194 172 268 159 84 265 262 28 39 31 104 66 56 67 89 
12: 289 21 4 193 61 139 72 175 219 30 24 22 265 84 172 76 14 165 26 158 135 7 208 269 118 116 194 196 297 168 31 133 
13: 255 84 15 135 289 265 90 270 212 77 33 122 82 138 23 267 183 218 49 34 39 104 47 242 196 205 284 123 64 237 260 208 
14: 66 244 27 86 145 74 12 76 220 36 67 81 100 194 155 253 189 34 158 43 177 252 47 193 56 101 129 206 125 104 20 218 94 234 84 154 122 28 297 29 
15: 79 78 2 38 179 133 191 27 18 46 242 104 195 89 1 193 217 240 101 297 294 286 34 122 12 114 81 107 263 20 
16: 177 266 234 183 143 111 22 4 47 206 169 84 165 2 129 191 31 40 203 79 118 136 209 240 167 141 101 195 274 255 49 260 257 12 247 81 214 
17: 29 202 24 138 57 280 193 209 109 86 210 273 260 91 233 265 4 145 187 33 39 234 191 231 56 297 19 182 205 198 78 240 298 22 172 270 47 282 
18: 94 91 111 225 195 219 31 62 248 265 22 210 208 84 192 105 165 249 122 172 86 141 223 193 297 61 181 158 169 133 3 116 273 120 234 240 30 109 213 54 56 268 106 
19: 20 131 265 183 297 202 195 266 234 81 218 210 91 39 203 114 110 193 197 231 9 194 205 29 15 209 84 138 240 158 200 290 104 56 252 
20: 48 23 101 26 242 294 297 155 54 248 240 67 145 199 265 158 283 229 91 93 156 84 212 169 39 104 20 184 168 288 267 112 249 234 195 
21: 150 146 272 86 270 145 158 234 32 134 220 5 192 93 101 169 255 39 67 106 183 284 4 114 182 273 64 61 247 49 294 53 42 195 30 
22: 31 4 22 34 63 283 269 213 36 43 274 127 101 32 164 86 298 242 202 73 260 61 208 104 229 140 9 240 40 177 141 210 253 273 74 209 20 248 218 81 
23: 145 174 260 136 274 4 229 46 91 234 219 19 20 196 114 109 224 261 104 269 5 177 169 14 165 240 209 3 106 210 7 31 58 51 189 11 218 
24: 76 255 111 66 175 257 218 263 156 30 247 234 240 22 244 190 297 183 47 4 169 81 84 168 61 34 62 
25: 229 4 29 265 269 272 101 73 177 169 7 93 114 126 202 145 184 55 154 129 270 89 67 39 297 197 262 42 41 144 210 234 168 
26: 171 289 115 101 165 28 270 82 267 112 253 257 199 197 297 193 174 234 20 229 33 61 273 116 200 247 292 47 145 154 255 
27: 41 37 135 152 87 112 47 58 4 181 115 200 84 272 56 136 114 104 74 3 231 270 141 234 32 54 101 269 165 12 248 42 139 288 
28: 269 210 135 168 44 76 226 139 255 155 82 202 84 187 89 12 209 218 198 20 206 39 46 184 231 189 177 30 181 167 229 234 
29: 118 61 219 292 64 62 104 105 262 84 109 199 172 167 13 265 110 169 126 87 122 88 210 10 242 47 247 12 209 234 233 207 103 
30: 32 81 42 115 168 26 181 238 135 272 274 118 16 91 267 245 195 264 149 144 203 28 31 247 257 122 154 158 231 82 63 5 145 67 234 269 9 138 146 46 199 210 
31: 160 22 181 260 209 210 286 251 261 253 203 74 218 43 149 7 47 45 137 281 11 14 104 28 110 134 61 165 46 89 159 247 
32: 273 248 247 141 13 168 172 224 47 56 294 169 231 43 42 242 269 55 219 144 129 210 181 218 75 244 
33: 270 200 4 118 274 97 138 56 169 20 209 148 73 7 91 139 167 114 300 184 210 32 85 93 39 181 255 147 218 111 269 232 175 265 
34: 114 218 46 49 22 234 272 154 135 196 26 249 188 60 247 297 5 39 169 47 91 64 84 209 40 219 193 266 62 192 102 122 110 232 199 30 
35: 108 74 218 150 210 31 145 297 62 195 40 250 219 43 269 203 248 159 63 122 156 47 82 247 215 182 206 
36: 257 188 18 159 248 164 12 131 139 266 104 11 260 138 297 123 240 267 238 263 20 197 215 251 226 183 9 253 47 193 216 210 214 265 49 
37: 86 192 248 74 274 113 209 39 177 133 11 101 167 240 22 93 195 234 4 29 61 244 10 154 193 126 252 91 139 
38: 182 233 203 248 145 104 252 101 274 110 62 43 164 133 244 56 242 181 219 59 135 187 226 89 87 16 217 116 3 150 260 127 231 220 30 91 238 52 112 177 29 282 193 140 
39: 24 113 135 86 253 161 218 193 168 139 220 133 234 177 121 199 74 249 289 244 274 12 248 19 136 209 93 202 247 159 84 101 164 257 224 206 203 73 208 152 
40: 259 188 100 135 93 251 196 132 210 247 181 20 32 14 111 91 29 206 122 177 261 121 118 265 62 107 33 123 12 133 101 248 
41: 68 1 294 288 282 144 4 234 177 253 156 292 88 153 285 200 168 268 183 74 78 209 19 140 146 274 232 231 3 218 255 220 154 194 224 29 106 
42: 192 255 168 77 20 278 134 181 165 172 64 91 29 262 273 135 106 86 55 232 12 210 57 241 215 269 145 167 297 195 274 203 265 101 7 231 
43: 264 220 177 99 20 144 100 63 234 60 206 4 249 181 210 51 260 104 159 186 26 76 202 49 274 262 247 86 265 56 196 84 15 218 
44: 224 57 175 140 152 109 252 192 234 209 126 13 269 260 56 84 263 183 110 2 20 29 90 202 101 194 231 104 86 47 
45: 109 205 262 165 260 115 133 42 14 206 191 89 129 181 64 122 213 287 13 212 135 251 90 104 20 111 39 209 268 31 183 274 248 265 47 228 234 158 3 139 66 297 29 
46: 201 203 31 105 273 248 191 82 116 159 101 278 297 291 3 223 22 73 196 47 181 19 240 91 89 54 129 51 122 210 
47: 251 101 203 158 40 47 193 104 255 142 144 234 242 99 265 196 10 288 29 26 212 129 216 106 116 293 90 247 111 181 
48: 138 129 39 46 219 265 135 182 215 210 172 216 247 22 28 217 171 252 82 77 31 161 250 240 62 91 114 125 152 19 122 
49: 100 297 22 248 62 183 287 206 30 84 202 60 28 145 110 31 39 13 3 262 192 4 234 218 126 203 150 73 269 265 
50: 149 265 28 292 45 101 195 218 224 267 84 193 122 32 114 164 89 104 167 47 240 199 56 261 269 102 145 34 144 63 272 139 248 212 148 93 187 146 
51: 78 22 84 97 20 36 220 122 123 251 109 226 4 126 234 55 169 218 219 134 284 47 198 56 135 26 192 268 62 19 121 93 261 212 131 193 248 
52: 231 84 14 215 284 212 209 203 47 10 78 131 111 145 234 152 12 269 255 161 242 154 74 91 135 82 73 126 248 168 186 291 101 22 297 19 40 286 129 53 279 
53: 72 116 247 131 140 193 296 110 218 210 172 84 165 248 149 57 286 234 203 66 88 175 265 270 145 264 39 283 257 198 64 269 167 260 8 164 253 161 297 121 134 
54: 74 267 189 248 99 4 29 43 101 84 47 269 183 92 110 166 274 234 54 226 273 192 194 112 196 136 
55: 46 146 47 60 49 19 153 183 114 297 64 42 270 293 194 86 257 37 1 51 193 169 3 300 122 29 84 92 57 228 260 181 12 109 101 126 
56: 70 208 61 177 4 265 226 179 110 136 145 205 169 26 104 253 165 281 40 14 89 209 292 192 101 252 146 22 62 
57: 169 156 296 203 44 122 73 183 30 78 265 49 218 202 219 199 77 118 269 84 82 293 168 104 274 196 32 191 197 242 12 40 20 101 34 300 23 234 94 89 127 282 
58: 295 40 86 284 6 180 135 234 260 28 282 269 248 184 73 122 278 104 3 111 56 243 294 114 203 29 183 159 208 177 219 209 2 163 189 15 274 255 88 20 7 42 
59: 77 187 202 191 300 186 136 224 82 251 47 235 218 260 161 297 168 208 20 104 1 205 234 110 91 4 248 116 193 
60: 230 86 221 12 141 216 40 300 22 39 234 204 199 31 198 104 196 63 202 122 134 61 101 240 182 168 29 254 265 10 130 19 278 210 183 209 217 133 194 
61: 111 161 243 205 39 228 109 273 294 101 234 87 231 202 14 240 2 91 218 274 193 192 32 106 213 47 100 147 189 209 103 297 123 97 141 233 
62: 26 129 138 91 135 242 181 261 105 262 293 20 196 268 286 94 257 273 234 113 297 88 253 172 269 272 248 145 146 255 177 
63: 242 172 29 181 248 51 187 93 224 210 196 232 216 194 293 193 101 262 4 149 54 207 11 209 122 200 198 152 46 
64: 69 12 67 269 241 56 132 4 220 193 202 115 20 218 297 240 286 109 167 7 47 203 9 234 172 135 100 245 260 210 257 192 2 104 1 122 268 169 91 
65: 125 219 288 56 199 12 150 193 86 144 145 112 104 267 255 185 297 191 250 92 101 102 280 286 39 240 132 265 167 67 152 192 294 54 
66: 162 77 51 111 273 293 89 30 209 165 145 109 110 191 73 19 150 40 247 127 226 242 220 210 284 82 155 65 177 91 56 101 183 255 26 55 
67: 189 138 218 101 84 61 97 93 94 109 161 292 242 199 88 54 3 49 110 274 182 247 114 104 220 113 19 47 240 4 294 51 
68: 7 34 297 168 129 11 158 249 86 210 3 113 248 209 183 116 204 181 234 56 143 115 51 109 114 32 91 240 164 20 4 
69: 23 135 84 74 164 231 13 274 169 196 104 158 183 156 111 145 49 254 273 89 4 218 195 265 269 260 210 184 257 267 192 247 55 181 12 51 101 209 28 148 
70: 179 168 159 34 193 29 199 176 281 144 258 247 257 51 163 288 215 129 12 60 172 122 88 209 232 110 192 297 111 
71: 6 14 84 104 77 61 177 260 286 165 47 145 49 28 161 240 40 213 56 192 109 265 283 3 87 76 82 29 210 
72: 240 228 116 74 253 87 59 20 238 34 209 218 175 11 61 177 231 284 91 126 199 300 26 161 136 19 134 145 8 269 251 7 174 290 104 265 156 
73: 142 123 76 61 274 7 34 14 8 238 221 287 19 12 28 210 209 195 193 297 63 101 82 226 43 51 88 286 81 47 265 73 104 122 202 242 183 257 268 84 218 270 
74: 45 87 193 145 82 288 61 7 187 75 154 60 110 137 172 39 30 234 260 10 4 126 133 247 218 249 73 202 130 128 224 90 180 226 274 208 181 191 240 
75: 116 265 200 169 39 79 64 167 40 74 210 182 260 224 218 4 89 7 145 47 101 146 104 262 274 140 231 137 3 
76: 57 218 217 130 210 209 141 258 4 183 7 87 167 220 219 232 288 3 249 234 297 265 137 51 257 286 138 86 255 244 109 127 104 84 155 101 76 115 47 100 
77: 10 7 109 297 262 195 257 29 3 126 165 269 84 149 208 209 194 234 133 203 153 116 210 101 13 252 137 61 248 232 104 20 
78: 197 56 248 181 147 297 169 101 51 209 123 126 7 121 265 76 193 210 287 254 122 275 175 81 267 293 183 133 62 164 47 72 20 202 146 159 104 155 12 
79: 183 106 268 260 145 42 134 172 188 248 181 242 184 210 297 189 218 2 114 284 150 73 272 77 257 161 22 62 131 20 82 269 
80: 223 15 12 145 19 272 86 174 203 250 39 193 269 53 185 297 234 20 183 165 218 69 13 278 231 89 242 28 194 62 47 191 164 208 202 161 
81: 63 248 169 40 189 111 57 128 140 93 36 10 60 112 261 232 168 265 82 193 22 34 165 298 115 87 74 231 54 101 249 104 218 191 26 123 240 257 156 47 242 278 106 109 
82: 9 4 145 255 177 67 111 7 74 20 292 193 210 110 182 123 47 45 11 106 265 5 234 269 218 155 78 195 183 136 203 274 122 278 
83: 1 164 262 101 265 135 210 56 84 231 191 288 169 206 218 203 20 60 197 298 87 104 192 229 187 61 51 219 213 255 159 30 260 266 200 7 122 32 81 234 
84: 178 113 255 218 69 135 40 210 234 192 251 191 182 181 177 195 219 91 226 248 47 206 23 84 158 193 245 73 197 209 101 200 
85: 233 122 220 247 161 195 266 175 87 20 216 218 242 6 129 199 251 104 269 206 7 139 189 28 106 101 30 192 146 209 183 210 150 19 47 224 
86: 127 169 26 91 122 244 218 191 101 206 183 145 22 257 20 19 86 273 196 215 297 82 234 29 247 93 39 51 195 
87: 5 197 91 252 138 154 195 20 260 104 192 218 298 14 139 64 4 297 248 188 287 242 87 175 34 
88: 87 199 57 252 244 242 167 183 168 122 34 33 272 218 47 25 79 130 7 84 30 213 209 134 22 145 20 12 
89: 95 105 260 84 64 215 165 7 73 193 272 101 240 10 179 104 91 257 94 200 57 199 186 47 181 192 114 86 210 242 149 81 61 189 224 42 218 169 274 269 138 
90: 245 81 140 167 273 168 150 7 24 188 219 200 247 177 39 193 84 47 251 182 8 91 3 101 297 197 106 26 210 51 222 56 205 196 
91: 276 237 252 77 136 145 101 118 84 49 7 20 210 109 297 144 13 24 28 202 274 63 149 265 242 195 267 56 
92: 204 224 47 193 181 22 77 269 87 218 226 284 262 137 139 109 27 138 189 110 195 91 233 23 28 294 192 104 78 150 292 234 191 73 188 261 
93: 243 40 177 199 4 82 209 3 42 86 182 145 192 268 274 247 198 200 17 139 100 267 32 294 88 20 234 273 89 105 265 231 
94: 112 43 266 55 149 262 219 3 188 194 76 255 84 274 226 264 142 191 101 203 209 7 116 244 91 267 113 217 78 248 20 104 265 4 146 
95: 288 261 194 191 181 4 7 209 169 122 210 73 272 79 5 193 244 32 265 184 203 218 58 91 81 93 14 84 82 216 28 20 
96: 213 298 282 55 234 20 168 210 84 94 243 218 194 297 81 191 273 110 208 177 294 127 76 61 248 166 34 116 56 240 91 26 225 200 164 63 145 7 87 220 119 
97: 299 112 145 267 11 20 62 126 265 203 104 179 57 91 209 195 101 168 47 56 288 23 122 260 7 240 34 210 201 234 247 14 160 
98: 232 262 199 91 202 29 242 138 218 114 179 22 269 248 136 209 101 139 2 40 47 20 48 244 28 254 210 61 89 196 145 154 176 297 30 
99: 293 167 260 116 98 238 47 269 156 192 39 274 114 93 177 159 145 20 193 267 175 234 12 158 51 130 297 294 106 57 198 135 182 136 7 247 150 101 89 123 
100: 262 177 145 219 135 65 74 149 155 274 269 218 61 7 248 89 87 210 265 165 82 204 184 84 4 249 39 114 181 234 69 220 
101: 21 297 31 126 122 73 164 210 249 152 74 131 29 183 141 60 205 234 198 26 84 248 78 267 168 274 260 20 228 
102: 246 247 248 104 209 210 249 269 199 4 243 219 272 56 213 14 62 27 255 215 49 251 177 234 169 92 195 226 114 100 91 77 203 20 145 135 74 84 167 252 76 183 101 
103: 52 49 247 20 27 161 242 60 94 265 84 195 47 87 139 288 74 115 39 42 218 182 5 271 114 251 202 145 197 196 101 291 296 
104: 282 34 193 139 231 3 218 27 111 181 109 158 273 88 82 265 197 114 149 47 210 115 240 7 131 252 40 169 
105: 102 91 46 274 234 89 220 104 109 17 18 4 189 218 195 181 77 219 43 184 67 10 158 20 39 272 
106: 140 47 76 215 137 84 90 261 88 258 228 63 234 260 209 158 203 224 155 219 145 56 17 26 61 104 128 67 133 294 32 39 27 57 247 
107: 154 269 186 164 28 56 14 114 203 139 20 74 145 40 54 292 18 152 141 242 234 297 210 195 255 47 105 104 193 224 264 
108: 141 152 234 101 150 210 132 165 29 216 297 51 235 183 251 56 156 200 290 257 202 167 60 215 67 84 40 252 36 91 47 219 7 86 260 125 169 242 89 269 218 
109: 265 175 231 248 56 104 218 164 255 146 261 297 253 199 158 20 82 101 7 40 145 165 22 179 193 4 47 
110: 110 297 243 109 253 99 24 51 20 144 268 197 77 47 215 12 248 181 150 219 164 152 57 210 218 93 22 242 121 91 188 
111: 73 40 255 168 82 216 205 191 210 197 248 21 7 12 169 269 54 193 136 129 61 262 177 113 30 234 185 27 261 56 23 280 144 122 265 158 165 294 
112: 203 255 34 12 17 165 112 207 152 57 210 65 47 7 234 282 202 19 175 197 265 40 145 297 28 183 79 169 44 93 218 20 140 104 3 253 
113: 291 114 183 116 89 269 181 215 234 226 54 84 240 40 272 169 168 164 47 192 62 145 65 
114: 17 255 191 145 224 82 155 14 261 274 118 203 195 47 216 197 210 242 154 31 290 104 244 257 45 62 27 84 220 233 165 185 158 208 
115: 14 169 109 64 282 146 196 247 106 84 253 168 137 294 213 156 101 191 122 113 100 32 234 17 275 212 145 195 16 44 56 210 31 155 19 129 114 
116: 11 93 195 210 218 146 247 272 40 28 221 225 82 64 3 240 194 114 110 17 89 274 209 249 57 187 193 248 86 297 34 268 213 
117: 237 260 39 88 14 192 23 137 148 248 47 114 218 210 193 286 161 115 255 28 7 136 195 91 284 226 123 113 229 101 144 56 202 
118: 53 13 101 264 33 5 240 11 47 294 62 54 104 161 130 248 58 22 195 234 269 114 84 
119: 22 247 18 82 105 208 210 287 183 14 192 252 109 84 248 196 193 191 263 169 29 189 7 46 224 297 165 91 68 225 152 158 115 298 186 145 
120: 266 181 183 86 27 61 234 232 69 74 219 273 1 122 244 195 47 165 290 105 36 104 73 88 7 
121: 173 51 10 144 255 39 193 4 61 45 197 199 267 174 208 40 78 219 204 181 111 192 47 260 240 210 16 218 84 104 126 145 297 239 203 195 54 
122: 186 4 31 193 290 14 91 134 177 75 168 135 257 278 161 104 82 111 231 181 159 164 169 283 154 47 217 210 140 90 22 244 174 56 200 
123: 49 194 247 10 129 150 294 123 210 158 113 114 133 180 213 63 168 274 87 255 77 116 84 20 202 226 208 40 195 193 51 73 298 138 257 297 36 
124: 284 224 156 297 102 263 131 4 154 101 149 274 168 20 28 29 135 212 84 116 63 209 13 99 169 260 167 252 56 206 7 104 247 47 73 2 19 133 171 
125: 91 82 13 191 242 269 297 193 20 267 111 69 141 23 116 288 102 9 126 100 101 234 284 88 277 63 232 109 235 28 
126: 250 19 3 208 139 182 2 133 266 210 88 47 24 282 169 13 91 86 191 73 181 205 150 115 26 203 101 49 297 183 22 
127: 156 3 167 84 90 36 17 69 210 247 137 138 110 269 265 202 168 89 141 280 231 177 194 
128: 97 31 210 181 102 88 265 158 183 145 247 91 33 155 169 109 149 122 218 209 187 172 60 135 4 252 56 260 281 61 84 161 196 
129: 158 226 63 196 122 20 93 104 284 26 110 177 164 62 8 240 43 265 213 247 251 113 169 264 269 84 189 126 215 266 161 9 195 192 286 221 3 
130: 228 181 168 74 56 110 177 210 36 144 104 40 259 150 203 121 73 19 20 49 76 84 297 152 15 126 47 101 290 161 145 109 226 86 138 300 209 
131: 99 79 135 145 238 28 158 104 213 186 140 215 22 247 34 165 242 208 76 217 156 268 149 193 
132: 279 139 57 248 232 269 208 194 89 167 21 262 216 193 183 91 87 31 210 226 84 234 111 145 49 169 244 274 
133: 93 186 104 137 165 247 133 134 164 257 203 20 161 175 116 66 280 29 47 84 140 81 294 61 234 282 260 12 110 127 148 
134: 202 187 144 159 183 297 219 18 257 84 113 122 215 51 300 206 196 269 62 266 194 79 253 3 141 248 231 244 22 47 210 107 73 20 135 29 
135: 184 161 129 207 193 62 19 221 266 234 56 81 30 91 139 47 181 197 168 242 247 203 210 196 165 44 135 274 28 281 77 4 188 272 7 136 
136: 181 206 231 192 203 20 300 189 191 135 219 193 34 145 61 226 218 177 122 209 89 86 101 210 273 260 274 47 7 
137: 144 56 262 212 183 158 13 22 76 187 19 122 3 18 284 4 12 205 269 300 230 28 145 248 245 265 114 113 149 109 78 193 86 242 247 7 268 29 161 101 297 
138: 175 183 252 220 200 20 293 164 91 234 255 102 67 219 61 205 179 292 76 110 193 229 231 42 215 132 
139: 174 49 275 206 168 39 177 235 209 195 110 158 240 268 234 34 238 284 249 205 12 218 86 262 91 265 192 183 197 160 260 181 208 112 146 3 231 179 
140: 33 105 69 226 62 234 84 137 8 39 140 168 10 228 149 104 196 159 255 91 152 182 135 47 101 82 27 167 87 4 73 284 210 28 
141: 115 137 181 123 194 135 13 233 141 86 62 269 18 224 265 114 210 234 191 93 273 188 245 203 218 231 129 10 274 117 59 130 140 253 209 101 47 286 22 84 14 258 183 
142: 253 51 13 234 88 236 260 27 20 183 165 2 192 94 145 169 262 150 293 280 218 193 257 100 209 217 240 184 213 101 
143: 54 251 110 183 20 82 197 104 161 129 286 215 51 219 284 209 133 47 262 200 240 229 186 268 63 212 31 257 101 270 210 91 247 84 193 260 234 21 217 
144: 3 181 247 91 209 15 136 204 219 210 31 84 20 206 172 2 29 130 161 51 118 234 152 240 196 23 242 86 274 218 192 269 264 134 101 265 87 56 
145: 30 265 25 84 56 257 18 169 91 218 4 69 40 263 140 215 240 191 19 110 209 112 188 27 168 74 181 219 164 206 14 193 210 161 
146: 35 47 175 7 262 114 177 20 278 156 179 186 72 91 86 297 269 129 101 284 210 240 105 218 84 57 248 242 150 145 135 142 19 
147: 129 134 74 101 186 242 247 197 145 69 240 34 220 84 181 203 200 266 22 274 29 47 139 115 42 208 278 187 
148: 185 3 39 181 192 43 268 202 40 276 183 251 140 154 47 46 161 218 56 45 82 28 252 210 22 300 114 297 291 13 64 
149: 50 63 9 263 181 46 105 172 289 255 81 61 159 34 193 166 5 297 99 220 195 199 242 145 104 244 257 20 57 79 27 215 234 232 
150: 136 87 91 200 292 169 278 47 20 78 73 104 193 210 77 195 266 22 273 202 63 34 5 82 269 86 13 
151: 44 198 217 177 260 152 161 109 247 210 286 4 91 267 169 209 255 195 208 74 191 90 168 114 288 7 268 189 24 248 101 14 143 46 9 235 20 240 194 111 
152: 226 167 252 205 288 63 101 45 154 104 54 116 230 265 56 110 156 297 202 84 197 277 206 32 20 4 159 253 106 161 210 27 216 242 149 19 262 111 7 47 11 67 12 
153: 85 84 111 297 56 105 191 40 210 183 20 10 135 294 78 234 7 154 161 39 143 248 47 145 169 195 123 101 
154: 209 90 164 61 24 193 181 112 196 269 297 249 56 149 89 135 19 137 298 87 264 189 234 47 226 20 168 101 
155: 37 255 218 292 210 165 272 76 288 297 56 19 34 260 295 114 168 127 112 28 262 285 232 101 57 284 60 247 12 177 269 87 268 240 30 
156: 131 297 232 87 195 141 193 240 164 194 218 110 57 251 47 181 184 145 245 50 89 228 9 13 260 56 234 209 92 28 242 139 61 
157: 275 109 22 257 61 126 139 110 210 232 28 177 41 249 193 176 297 123 158 51 218 67 54 101 132 93 82 183 24 47 247 194 253 262 
158: 285 192 169 190 88 54 297 239 195 20 209 32 167 252 242 193 206 199 183 182 14 145 101 57 253 112 260 283 168 286 274 181 208 
159: 143 62 220 2 294 104 224 231 102 208 247 60 56 110 206 12 282 3 88 274 202 93 210 51 58 20 218 84 155 244 269 145 191 67 46 235 
160: 123 280 177 64 135 244 88 30 265 218 297 148 260 202 57 183 251 206 288 269 86 84 43 20 192 71 14 249 210 158 89 114 73 17 234 284 208 
161: 190 31 273 29 56 51 226 193 139 297 260 173 91 141 7 179 93 234 89 40 144 145 240 3 143 195 181 146 257 154 160 132 
162: 80 19 135 2 145 171 123 150 91 186 234 59 4 139 269 177 213 183 206 219 173 294 29 231 27 193 266 88 47 
163: 135 42 22 234 212 84 4 297 242 198 20 252 74 200 152 7 159 9 203 89 34 138 209 112 146 290 274 49 226 253 73 28 260 208 130 
164: 83 64 145 188 226 89 282 112 242 161 107 87 88 54 251 253 166 61 135 53 45 101 244 234 269 40 73 182 283 39 84 47 181 183 165 197 274 
165: 75 135 45 84 156 189 20 218 297 49 213 29 47 149 101 66 60 91 22 40 231 192 242 275 196 210 5 250 244 114 126 234 
166: 55 247 135 22 203 221 118 206 164 266 47 297 64 140 5 219 288 224 198 4 145 29 225 74 86 282 104 61 193 111 3 232 15 231 257 158 192 218 
167: 234 81 145 273 12 77 286 59 255 248 169 177 274 61 106 222 193 188 136 104 116 146 20 244 202 131 28 218 257 159 260 
168: 225 101 265 260 209 165 47 4 87 298 161 55 69 255 169 184 213 269 145 220 164 228 192 253 150 5 29 215 86 135 2 248 94 272 77 
169: 139 118 93 234 91 288 31 181 76 267 166 297 14 67 146 114 193 19 47 145 209 199 192 198 179 218 164 144 262 
170: 188 110 54 101 240 195 209 251 203 205 62 1 210 33 265 67 197 39 145 231 142 161 193 131 272 294 173 104 135 292 187 297 82 
171: 147 273 135 265 164 231 83 112 210 42 90 269 133 218 81 5 149 54 183 215 110 15 20 101 
172: 260 193 40 28 47 154 133 54 279 164 274 79 152 213 220 118 195 278 145 181 101 262 12 252 242 208 82 263 141 121 67 226 234 202 291 
173: 130 116 34 210 135 218 56 19 263 267 118 298 126 133 145 226 22 183 273 7 255 209 253 2 32 257 175 5 4 82 165 248 260 131 100 234 169 185 42 204 77 177 
174: 47 293 148 136 74 181 67 183 268 60 54 219 218 19 251 252 229 101 169 104 194 231 123 233 145 189 61 150 203 156 126 253 247 3 213 282 246 206 234 
175: 92 42 86 14 101 135 294 215 183 262 122 34 234 91 139 167 140 231 104 195 29 273 240 84 193 297 228 163 191 5 168 206 22 10 218 226 284 252 
176: 286 231 234 253 181 260 28 213 154 56 104 101 66 123 186 84 297 177 161 274 218 244 93 47 12 11 27 55 191 36 
177: 252 56 36 218 194 260 165 4 203 255 138 47 196 262 101 291 39 87 74 135 253 77 214 150 158 297 248 26 181 145 234 
178: 15 132 111 142 206 28 165 158 183 260 288 121 23 218 84 210 199 209 216 123 213 20 53 168 12 234 189 140 139 
179: 43 196 247 135 172 32 260 84 104 194 206 126 74 218 234 248 91 181 61 114 92 274 110 137 62 22 47 182 4 26 262 108 29 
180: 205 113 231 47 145 181 20 61 104 210 84 91 218 72 7 114 196 273 255 209 186 232 154 56 169 144 23 143 74 203 257 269 76 
181: 113 234 257 263 194 106 40 150 101 139 26 221 18 274 183 34 82 212 20 84 219 297 87 218 93 210 114 295 67 42 73 208 203 104 242 280 195 123 251 
182: 217 257 269 247 49 59 161 3 193 297 195 104 231 180 196 159 100 220 177 202 122 218 47 20 145 168 19 209 223 101 234 
183: 170 87 47 101 105 74 210 61 40 113 187 296 123 249 202 143 232 209 255 73 168 206 56 19 183 138 181 189 177 135 293 252 29 179 84 196 
184: 107 265 260 36 69 267 274 84 109 61 233 232 269 187 282 220 209 104 135 77 106 75 145 159 7 224 64 57 169 138 27 240 
185: 152 22 56 49 145 159 205 12 42 114 226 135 130 167 87 213 29 150 116 219 168 218 269 91 28 165 274 169 257 97 193 253 47 111 74 
186: 211 291 234 210 78 168 20 39 269 272 101 135 181 87 73 232 273 283 4 19 247 166 183 172 139 82 145 189 251 81 47 280 110 231 182 88 136 
187: 287 67 93 76 100 173 203 197 191 31 101 29 209 10 161 219 164 39 86 84 135 20 210 183 182 
188: 208 90 234 288 106 146 209 62 143 158 40 19 29 101 133 203 219 189 248 193 266 28 274 265 114 84 104 126 181 69 218 297 247 210 110 287 244 26 
189: 159 137 254 82 9 34 116 248 267 41 288 199 164 209 31 265 19 203 202 297 97 183 4 269 193 200 240 47 250 284 129 234 104 150 213 
190: 148 22 172 269 210 138 54 42 82 15 184 195 47 62 193 168 218 288 169 191 267 232 262 248 203 12 87 55 
191: 4 30 56 278 86 234 168 122 215 139 263 60 104 34 219 68 164 62 169 265 210 209 18 290 297 274 203 91 283 61 218 101 154 73 181 288 191 213 
192: 119 184 171 64 105 20 272 7 86 206 154 54 267 192 39 202 101 266 63 47 225 56 218 257 82 84 209 193 265 195 12 175 104 
193: 155 202 62 84 34 19 61 115 210 216 248 181 20 56 104 12 203 234 200 88 193 91 3 297 168 135 272 257 231 293 251 122 29 87 
194: 239 212 39 12 28 88 56 183 140 220 219 157 101 49 34 200 218 209 272 86 138 80 231 146 9 74 249 
195: 65 14 22 283 7 4 234 194 29 27 62 199 240 112 265 109 296 169 134 86 161 268 113 269 74 139 77 106 110 63 1 20 226 78 55 100 192 210 164 158 209 13 145 
196: 199 138 133 265 184 169 12 73 247 116 104 137 181 8 300 64 166 47 183 268 203 179 91 267 135 46 234 129 60 113 90 67 105 18 229 19 297 40 200 224 22 193 41 115 168 
197: 128 297 205 199 84 131 20 68 265 222 282 63 91 269 90 272 89 54 175 218 286 247 7 244 129 145 210 29 203 116 27 165 74 
198: 238 219 76 248 56 189 34 20 297 234 114 140 183 243 139 247 202 91 265 84 210 181 47 269 218 55 198 82 101 
199: 215 47 181 91 145 156 104 265 114 278 198 61 203 270 4 194 253 135 165 232 175 54 244 49 40 78 106 112 229 200 267 136 192 218 195 252 169 282 94 
200: 98 148 247 183 136 264 47 112 34 146 137 28 90 122 4 266 210 38 86 167 57 74 297 269 248 285 218 212 87 19 169 234 84 101 2 
201: 81 269 125 297 27 122 135 138 101 110 28 161 20 177 193 253 274 294 43 169 40 251 183 69 115 248 19 
202: 16 203 86 14 209 181 193 47 84 101 29 260 154 114 12 57 145 169 158 161 177 274 39 138 40 215 144 234 218 297 91 66 273 262 41 284 265 231 255 30 77 210 263 53 
203: 163 129 141 195 183 7 200 104 209 29 284 234 265 189 168 20 61 297 167 76 184 74 257 260 39 219 218 225 9 59 137 73 
204: 89 158 149 266 111 189 297 84 159 2 46 191 14 217 48 226 183 263 192 198 8 224 6 278 199 260 210 265 77 177 218 
205: 168 219 127 206 122 134 272 248 193 81 14 269 163 79 145 4 274 234 184 23 233 192 47 181 164 154 166 86 3 18 
206: 58 242 247 284 89 150 101 257 193 166 210 243 274 77 154 47 217 22 145 254 198 252 134 115 199 13 269 218 
207: 218 274 89 11 133 209 215 207 86 288 54 4 84 32 56 139 269 123 255 234 213 110 203 20 150 212 247 14 265 60 101 
208: 120 199 218 212 137 267 43 56 93 165 180 106 60 231 84 123 264 247 40 14 298 101 13 118 208 205 232 22 129 195 274 257 252 227 91 54 240 255 156 115 202 248 
209: 28 206 213 77 185 88 295 183 191 219 141 215 73 115 269 249 234 187 107 297 61 210 229 195 242 134 47 247 218 4 262 7 209 56 
210: 60 268 20 74 40 29 242 264 275 156 114 101 266 102 37 122 45 88 177 210 11 31 224 135 106 89 154 234 181 168 169 111 165 47 145 297 
211: 222 297 226 265 194 22 224 20 269 283 150 290 84 91 240 87 257 288 198 139 284 161 108 177 4 202 254 189 218 78 89 126 
212: 146 168 26 213 231 189 209 76 261 140 193 234 218 57 20 63 267 273 265 104 185 269 134 9 27 4 152 181 
213: 277 46 7 194 60 49 13 47 161 297 164 144 300 82 181 19 247 5 74 39 210 186 213 142 255 140 42 266 133 248 126 139 263 218 285 183 135 262 114 43 
214: 206 36 89 210 193 58 195 30 99 190 228 181 57 209 61 31 82 56 218 274 265 130 84 91 40 253 200 
215: 88 30 129 179 229 144 196 78 191 242 266 219 218 200 226 93 210 232 273 248 277 20 32 101 152 252 297 231 47 260 183 150 181 255 
216: 25 292 262 187 143 215 116 106 28 234 104 186 193 174 101 255 112 299 158 182 47 10 79 34 67 192 212 159 280 210 62 293 61 218 200 20 49 
217: 132 266 7 112 53 297 47 67 265 220 234 219 20 244 77 22 87 101 122 89 193 255 135 82 212 293 252 3 42 149 195 
218: 40 168 257 47 113 104 210 144 186 252 116 3 177 194 126 5 54 101 28 165 209 56 122 76 193 103 255 55 175 248 
219: 167 9 260 43 90 154 161 135 145 179 210 61 165 76 273 274 23 218 251 298 169 234 47 266 24 231 26 114 34 209 205 12 255 20 98 244 254 14 7 
220: 248 172 47 107 209 274 247 218 11 177 262 269 20 229 101 184 147 112 245 135 285 2 150 183 244 
221: 235 140 189 84 234 34 112 221 291 106 101 193 256 54 40 210 251 46 242 139 218 175 13 87 154 295 62 168 195 270 145 56 89 149 2 199 91 18 224 220 182 131 169 7 61 232 192 
222: 227 196 244 4 129 17 181 156 61 74 189 260 164 257 150 40 234 135 51 297 122 184 240 93 242 177 169 33 154 39 112 
223: 38 94 252 135 114 77 76 193 228 218 43 257 189 29 289 122 203 210 242 144 177 266 284 251 217 202 
224: 137 173 86 144 145 84 141 224 287 114 220 112 104 168 291 128 79 7 20 64 13 247 210 265 255 30 91 169 101 26 240 47 29 159 
225: 256 3 297 47 37 28 29 20 46 141 200 231 203 286 109 133 193 82 112 198 209 248 30 218 196 250 134 159 115 78 255 183 4 138 269 177 161 181 
226: 59 99 297 137 104 231 241 30 4 91 77 238 187 84 210 202 149 234 232 7 209 193 63 145 196 159 82 62 240 167 36 46 284 300 213 101 106 135 141 252 203 27 47 29 154 
227: 193 20 175 46 149 29 118 188 91 210 189 218 181 42 116 269 22 255 86 265 63 43 135 252 297 129 40 250 244 76 
228: 249 91 42 104 257 234 169 14 218 56 215 265 194 161 111 183 51 242 20 88 117 55 94 106 210 158 82 197 
229: 261 77 196 297 11 145 212 192 194 12 234 3 224 31 265 82 115 219 232 168 110 199 40 181 106 91 280 28 16 231 101 252 104 233 274 
230: 296 101 210 149 218 175 156 7 273 74 234 181 254 171 177 249 286 278 158 14 104 248 297 145 219 91 67 196 240 247 
231: 8 34 145 22 146 193 257 19 12 234 218 115 84 133 118 200 5 297 89 199 196 228 47 39 210 88 82 298 202 
232: 254 20 47 28 61 210 294 249 192 199 12 269 122 101 233 206 45 150 41 168 24 36 104 174 7 164 247 55 252 31 26 
233: 212 101 54 177 122 297 4 129 21 42 221 192 210 248 116 195 281 114 7 202 20 84 251 272 144 191 140 196 288 3 194 265 
234: 187 170 8 260 64 257 200 116 213 165 153 248 101 33 43 269 56 47 135 203 87 3 234 206 220 295 292 193 20 
235: 298 51 86 187 135 32 252 4 209 164 120 150 84 234 88 191 265 104 248 240 286 61 133 112 31 19 193 
236: 274 122 60 210 22 118 240 149 106 56 150 126 191 61 253 226 17 193 3 164 194 82 192 74 265 183 20 218 49 34 104 200 269 254 260 101 91 29 39 284 
237: 122 102 155 126 40 183 268 197 218 260 133 136 91 242 4 144 287 179 5 164 74 209 112 
238: 278 137 194 165 14 240 218 135 247 88 203 248 61 206 20 145 269 29 122 40 181 297 87 226 158 12 200 249 84 252 139 
239: 2 158 240 115 64 47 19 60 210 134 195 139 4 172 179 262 23 212 247 9 257 104 218 109 67 260 166 193 164 84 226 102 122 
240: 196 101 42 181 191 209 89 46 265 177 57 284 183 195 264 251 84 40 61 240 118 69 226 91 218 249 29 104 140 47 107 20 203 219 22 116 32 274 131 202 143 111 144 
241: 106 231 174 12 86 216 300 64 250 67 18 39 4 108 122 155 150 218 183 93 104 47 210 7 193 226 89 145 20 242 77 165 247 252 111 182 238 61 266 81 240 
242: 56 89 300 159 158 173 282 219 272 172 127 265 101 183 198 196 253 297 104 34 145 122 168 280 54 234 6 273 45 115 181 209 117 63 7 
243: 180 112 150 101 135 116 7 288 62 93 210 114 20 5 234 25 193 247 192 13 73 51 4 115 40 175 209 273 
244: 194 51 242 49 20 108 154 159 219 228 89 187 255 265 260 138 131 193 62 196 152 84 82 115 53 247 209 4 104 
245: 105 169 248 87 245 260 26 195 171 213 43 154 274 234 122 40 210 101 218 285 231 67 89 266 273 193 42 192 209 19 197 168 126 
246: 165 193 145 106 60 101 181 86 251 191 47 54 84 196 175 154 3 108 158 297 240 218 234 105 209 239 110 114 298 74 265 51 91 135 23 
247: 267 47 86 27 84 231 145 288 87 19 233 51 67 218 169 240 277 154 274 123 40 90 265 297 208 139 28 121 135 29 64 226 22 210 
248: 104 215 283 168 84 116 101 177 176 77 224 191 154 43 74 208 297 202 54 179 150 183 206 42 175 248 15 45 193 97 242 137 167 234 
249: 214 213 110 22 20 146 42 135 249 104 34 274 169 93 174 145 206 287 200 56 49 109 282 261 210 19 92 262 87 221 57 218 252 265 89 29 31 264 234 178 
250: 221 231 78 63 56 251 91 154 19 64 297 195 34 74 184 3 139 282 206 203 288 169 107 115 114 20 248 1 177 234 67 26 225 
251: 219 234 86 34 297 60 92 240 8 193 61 129 101 20 208 177 284 109 73 289 269 10 156 198 265 
252: 200 155 247 177 297 63 86 32 242 82 64 263 47 51 234 55 10 81 292 94 283 213 218 244 167 274 90 195 269 104 228 232 216 219 134 251 142 
253: 198 88 210 74 57 47 242 87 272 196 218 194 45 164 205 291 126 20 13 144 200 158 29 262 84 60 189 234 168 24 240 31 228 150 208 273 91 274 292 193 116 
254: 126 135 122 270 40 208 193 245 76 192 39 218 29 272 88 177 127 226 265 195 179 234 269 10 101 158 159 169 91 109 274 267 238 51 104 114 129 2 260 102 203 206 
255: 82 27 129 39 81 226 12 248 181 106 28 111 104 192 251 32 84 175 210 60 22 269 138 24 5 47 7 145 220 224 15 132 
256: 36 168 161 14 68 118 135 91 219 212 104 297 93 210 196 145 102 22 218 43 262 167 78 267 215 234 9 74 240 242 34 137 216 193 84 247 189 269 274 105 213 
257: 263 260 22 193 153 116 62 174 251 80 34 99 36 57 284 177 82 209 194 42 110 215 17 133 160 14 218 269 292 
258: 207 144 84 20 265 288 47 213 122 240 4 177 78 37 34 210 202 291 101 51 248 231 219 191 282 272 218 43 247 
259: 117 248 268 136 231 104 7 111 51 269 62 292 20 224 155 255 175 183 272 88 182 200 220 26 284 19 77 29 213 210 112 209 91 32 232 135 257 191 57 
260: 71 265 268 31 195 61 183 278 41 145 51 63 149 234 209 73 199 218 82 156 12 224 24 87 193 34 122 267 101 113 210 
261: 153 177 61 110 101 238 32 282 218 129 183 187 109 234 284 269 262 265 1 46 206 3 189 117 34 140 86 220 209 108 7 268 79 116 49 196 
262: 290 105 231 257 147 54 269 213 207 101 195 84 22 164 89 251 193 244 56 262 183 4 73 297 260 138 28 104 283 177 
263: 62 193 226 267 197 135 112 294 87 287 145 110 4 101 8 274 12 218 20 9 47 269 32 169 13 187 123 183 116 122 104 282 115 205 234 
264: 176 191 251 177 86 136 250 288 283 240 149 255 155 7 202 218 224 233 8 112 192 91 3 56 145 116 4 209 27 6 
265: 258 93 193 196 167 39 294 56 237 34 216 166 218 91 42 82 23 101 210 8 192 129 174 41 203 73 161 40 232 67 74 152 47 122 265 89 248 
266: 19 210 154 3 132 20 168 234 213 247 196 75 7 286 102 137 74 31 97 252 145 274 47 101 135 167 4 193 203 260 281 161 297 183 175 5 104 
267: 133 12 148 104 108 175 84 61 262 251 135 234 56 24 209 216 8 269 114 193 57 19 79 215 
268: 151 133 265 233 12 167 84 192 67 135 174 274 89 244 27 208 268 209 138 262 196 218 86 217 158 
269: 164 287 265 89 253 137 240 274 136 39 135 101 84 228 234 19 42 71 64 284 248 145 203 114 202 32 47 78 90 204 97 
270: 90 28 213 297 182 87 67 240 7 168 278 145 269 231 34 167 105 46 255 203 84 248 30 276 136 238 99 197 210 198 63 
271: 297 265 253 242 221 97 257 55 284 172 203 195 27 168 12 169 269 61 262 226 74 234 101 135 210 244 212 
272: 101 20 284 184 39 77 177 210 257 34 88 150 274 190 36 27 218 111 254 265 169 43 231 18 47 234 104 123 
273: 161 69 102 291 218 216 210 56 154 47 196 169 252 215 28 49 269 288 202 177 209 46 51 101 203 34 17 134 140 3 139 81 296 39 150 297 174 29 195 20 91 135 89 244 248 249 265 
274: 241 126 242 210 240 90 212 84 38 29 31 248 109 172 168 47 218 42 114 276 60 24 56 220 265 104 4 263 130 122 247 14 224 20 196 181 
275: 61 84 1 79 28 221 248 274 179 14 287 73 39 55 177 234 3 122 208 32 31 210 143 45 145 20 224 86 91 22 288 112 236 156 47 209 168 67 203 
276: 191 260 99 233 27 54 265 268 234 49 17 56 32 34 263 189 297 270 145 116 226 294 258 165 225 175 101 153 231 
277: 216 54 193 20 282 231 32 19 142 159 206 269 168 51 115 56 138 158 146 267 203 84 145 
278: 268 39 210 226 212 199 206 266 209 98 269 100 260 218 297 177 169 143 240 253 203 64 213 34 91 128 87 32 234 20 
279: 271 22 244 82 51 47 247 101 284 34 218 297 86 188 84 234 28 76 91 224 273 242 63 54 199 187 111 292 104 195 7 
280: 247 54 147 167 106 232 267 236 47 195 89 20 252 165 101 7 272 42 64 234 164 193 57 265 253 84 69 135 152 
281: 42 63 138 29 206 79 183 112 90 234 210 150 4 209 139 137 224 91 5 101 248 22 81 193 84 86 274 213 288 196 122 46 12 145 
282: 292 219 89 213 150 20 236 91 152 168 181 240 169 220 7 74 248 145 116 160 31 10 49 257 57 101 284 234 161 105 238 298 109 218 
283: 12 146 32 234 19 114 60 94 255 46 268 165 242 78 193 253 106 126 101 283 262 55 209 54 91 74 156 177 89 
284: 244 76 158 3 89 8 297 10 91 179 257 187 195 215 34 203 283 278 209 213 251 300 165 84 169 231 168 218 144 174 98 240 202 210 149 104 105 
285: 18 145 24 87 135 47 139 209 27 181 29 60 118 100 183 165 156 30 140 122 136 7 299 168 193 64 84 199 74 232 202 
286: 51 161 158 13 249 182 14 103 54 133 101 7 121 97 84 47 194 20 152 291 62 297 242 199 19 169 224 30 208 
287: 172 84 27 82 169 141 175 26 235 154 274 137 253 195 87 297 242 288 47 8 61 135 20 265 218 111 158 247 73 182 91 11 193 56 177 255 
288: 64 81 250 252 253 262 242 14 168 177 183 192 273 197 165 293 29 226 56 91 139 269 233 169 161 209 140 152 42 
289: 34 142 58 255 74 114 215 47 240 269 193 212 209 42 273 92 218 18 247 5 6 251 123 104 197 167 37 250 3 139 203 9 40 
290: 39 234 112 215 47 169 104 175 110 217 161 14 247 129 210 203 7 224 84 199 177 193 209 34 262 246 141 114 136 218 62 146 240 86 29 101 253 294 145 
291: 134 47 128 28 198 76 235 122 169 234 297 300 187 126 154 45 7 102 267 42 19 56 223 247 135 84 249 203 204 292 168 13 262 104 145 116 91 101 193 
292: 124 228 138 70 288 46 29 181 109 217 137 265 218 208 192 215 183 260 248 86 196 209 177 247 89 284 87 39 56 226 74 278 32 
293: 103 199 40 283 183 47 84 165 297 149 73 89 269 91 62 229 97 155 265 56 274 210 58 122 19 101 42 20 76 247 158 87 218 277 116 26 232 
294: 294 104 179 138 46 116 108 9 118 213 62 219 119 160 51 26 1 91 177 262 234 101 29 20 7 30 65 82 257 47 193 57 218 210 154 251 274 
295: 84 196 208 26 244 145 260 73 127 193 47 81 158 135 134 91 111 201 234 181 247 182 253 240 218 262 288 210 101 
296: 13 262 145 122 249 169 77 3 19 112 87 297 111 20 49 218 296 228 196 113 191 101 34 172 158 30 294 240 183 244 193 91 
297: 281 195 104 193 46 208 6 31 260 129 34 244 168 47 146 172 234 226 215 32 253 64 177 135 4 280 158 109 112 106 57 272 77 
298: 300 225 210 66 171 242 90 158 40 43 234 209 212 213 101 138 69 260 248 193 218 297 84 181 182 192 20 155 195 64 55 262 104 287 253 266 91 191 
299: 220 193 102 227 105 67 183 218 4 122 297 272 247 63 131 84 224 121 244 269 20 233 210 171 294 179 152 24 
300: 280 196 91 109 297 51 28 150 253 1 138 274 40 177 210 172 84 54 47 14 169 55 139 260 193 205 240 7 242 114 94 
1: 250 55 261 195 275 41 300 59 170 64 120 294 15 83 
2: 254 44 144 159 124 126 16 173 142 168 221 58 98 220 200 79 204 162 61 64 15 239 
3: 217 129 67 236 45 137 174 23 38 90 275 218 296 93 139 55 250 225 134 266 75 273 246 289 104 193 261 166 112 205 77 233 41 116 127 182 18 126 49 229 46 234 10 94 159 264 284 27 161 68 58 71 76 148 144 
4: 76 105 51 37 12 264 189 59 244 195 128 151 262 121 33 281 94 163 137 93 179 43 258 2 69 299 241 124 63 23 222 102 145 100 135 235 226 64 74 207 122 225 200 166 5 209 24 109 211 22 212 87 152 25 49 82 239 140 177 173 186 8 237 205 9 233 199 54 16 68 168 67 263 243 21 274 266 17 162 41 297 75 95 56 27 191 
5: 30 165 118 237 266 218 149 255 213 166 34 173 23 243 21 95 231 168 82 2 103 150 289 281 175 171 87 
6: 297 204 58 242 85 264 289 71 
7: 279 280 74 213 82 83 195 270 163 90 94 119 31 173 261 221 290 117 233 111 12 75 209 226 192 203 108 97 73 58 95 255 10 104 124 242 5 153 217 120 135 23 96 151 136 266 243 285 241 232 6 146 300 78 7 259 76 180 42 264 291 25 219 64 89 184 72 197 99 85 88 2 137 224 282 286 109 152 33 91 100 112 77 294 161 230 68 
8: 263 267 140 264 90 204 53 72 129 284 234 251 265 2 196 1 287 73 3 231 
9: 189 239 163 22 149 151 30 294 256 125 194 219 203 289 212 36 129 263 64 156 19 82 
10: 37 252 74 60 187 141 216 284 29 3 121 123 52 81 254 140 282 251 153 47 89 11 105 175 77 
11: 210 287 118 23 31 220 72 207 37 97 176 229 82 63 152 36 68 116 
12: 16 40 167 88 155 80 28 64 27 14 55 159 111 39 172 110 263 268 60 202 69 152 219 10 15 52 139 36 73 29 267 133 196 5 229 238 255 176 178 232 193 192 137 260 70 281 99 241 65 57 42 112 194 231 185 271 190 78 283 
13: 156 91 221 150 32 224 137 141 213 29 286 77 125 263 142 195 49 124 126 8 148 206 69 45 291 243 44 118 80 253 208 296 
14: 151 71 275 119 12 56 97 158 87 195 300 40 274 122 256 45 95 219 102 31 290 107 3 52 160 145 228 288 175 114 286 117 23 169 73 230 257 204 141 238 205 61 202 207 208 115 
15: 130 255 43 144 58 80 190 19 166 13 171 248 178 
16: 30 229 38 121 115 202 
17: 112 105 273 115 93 127 116 160 276 222 257 106 236 114 
18: 221 141 181 191 134 272 289 15 137 105 205 119 145 196 36 107 241 285 
19: 231 235 293 286 183 126 4 80 130 283 60 186 137 247 173 66 48 72 152 277 200 55 259 67 174 86 146 169 188 124 52 41 267 112 39 46 17 51 5 239 73 245 213 193 135 269 291 201 296 23 189 162 115 85 2 250 145 249 196 155 182 154 266 
20: 44 149 181 88 227 101 7 4 278 20 57 152 58 93 233 193 22 232 23 253 197 219 158 153 105 72 102 211 96 150 125 151 134 163 98 95 43 287 97 277 187 112 294 238 192 171 64 274 99 62 6 224 160 33 77 103 207 212 216 296 40 26 266 215 28 298 165 236 272 14 10 293 86 249 167 225 36 79 45 198 228 201 282 91 275 182 82 107 220 123 15 130 146 68 78 109 159 186 178 217 240 129 87 59 243 110 244 133 286 234 250 80 142 144 263 210 94 83 299 273 259 251 258 1 280 51 203 154 3 42 241 138 180 124 85 195 136 143 19 
21: 111 12 9 132 233 10 143 101 
22: 109 179 131 255 281 51 249 173 37 52 227 141 134 88 256 31 157 48 137 24 231 240 81 92 12 185 22 86 195 46 118 236 126 60 98 150 262 166 122 190 247 275 206 217 148 49 79 34 17 110 163 56 16 211 175 208 18 196 165 257 279 147 119 
23: 178 219 239 125 117 205 246 111 97 13 180 84 92 57 20 265 144 69 
24: 219 110 274 12 151 255 253 91 126 157 154 17 260 11 299 285 232 90 267 39 
25: 145 88 243 216 
26: 126 224 51 43 12 30 232 212 188 129 294 20 219 181 179 96 287 66 245 259 293 90 86 47 295 34 177 72 250 81 56 101 106 62 
27: 140 92 197 176 184 247 15 271 276 14 142 102 268 114 145 162 285 152 226 149 272 264 111 212 1 104 201 106 287 255 195 120 103 11 
28: 92 255 163 69 172 201 14 125 167 247 73 194 117 270 155 176 3 71 95 185 107 26 135 58 140 275 85 7 216 2 178 200 273 80 157 137 116 291 124 91 229 131 30 48 300 11 225 50 232 188 49 262 31 148 279 218 112 98 156 209 
29: 9 288 108 98 40 253 210 185 144 60 294 225 70 238 19 101 227 161 133 197 292 179 134 38 285 281 137 290 147 273 25 14 44 124 183 274 187 195 223 119 193 162 47 166 77 247 55 224 58 54 63 71 165 41 226 240 188 175 86 236 168 202 45 37 203 249 259 42 254 17 
30: 85 191 111 66 214 226 88 135 270 225 34 18 49 83 74 28 296 224 286 98 294 202 160 57 24 3 21 215 155 38 285 12 145 
31: 169 114 46 275 12 260 249 229 16 214 297 187 235 122 282 11 18 8 232 274 45 161 4 101 128 115 23 49 132 210 60 48 253 189 144 30 266 35 143 22 
32: 50 33 252 2 61 106 83 259 235 68 93 40 158 297 152 8 215 283 179 27 57 275 21 277 240 115 207 22 276 255 173 269 278 261 263 292 95 30 
33: 17 234 13 128 88 26 118 40 170 222 140 
34: 87 257 112 81 73 290 198 256 194 68 279 163 13 96 272 24 131 251 181 8 149 270 189 70 296 250 139 260 191 265 57 284 175 22 104 200 147 136 88 231 50 97 14 276 221 258 173 150 297 116 2 216 193 155 219 249 72 242 261 236 278 273 15 289 
35: 146 
36: 123 214 14 272 226 127 51 108 257 176 232 120 130 184 81 177 22 256 
37: 289 210 27 55 225 258 155 
38: 15 200 274 223 
39: 222 153 203 19 275 292 21 117 65 61 45 11 17 74 86 273 90 265 202 34 177 241 192 269 53 37 100 278 25 170 80 105 231 254 9 164 49 186 139 2 106 13 213 33 187 20 140 121 255 272 148 194 236 103 48 75 28 99 8 60 290 
40: 145 153 5 116 93 52 210 130 11 229 196 300 60 214 47 66 188 57 98 221 58 71 199 183 243 113 56 238 75 289 81 201 247 165 227 240 123 104 109 111 161 112 181 245 1 16 237 6 265 108 208 107 202 22 164 222 34 8 293 35 148 172 121 298 84 254 218 
41: 196 25 157 202 189 260 232 265 27 
42: 181 240 32 217 269 163 103 291 265 227 288 147 30 25 79 274 185 213 190 93 245 233 173 248 171 89 45 280 175 257 289 27 21 228 249 293 55 138 58 281 
43: 208 73 160 298 14 54 258 22 148 94 32 38 129 227 31 35 219 213 223 256 234 248 105 272 245 201 179 
44: 112 28 57 115 135 151 
45: 253 152 164 31 291 248 165 210 275 232 114 50 82 242 148 121 1 74 
46: 292 148 196 149 240 9 273 221 159 204 48 63 151 213 270 281 294 261 105 28 226 31 23 34 119 297 30 227 225 15 283 55 
47: 90 78 4 186 300 73 110 11 272 54 80 143 198 274 231 81 13 287 27 224 213 3 135 114 220 46 153 279 290 44 164 239 293 169 154 8 215 192 234 134 291 120 255 156 280 122 218 157 148 189 216 98 185 130 36 172 247 121 269 24 107 162 112 85 263 253 50 140 99 88 55 6 275 146 266 26 147 285 113 210 1 35 7 182 202 297 92 295 150 59 52 165 31 45 97 205 246 64 82 136 67 180 294 176 152 61 196 183 75 273 124 32 177 209 108 206 17 199 265 117 226 103 9 219 84 109 217 240 34 14 106 179 190 29 200 16 126 51 133 118 166 141 225 286 89 168 104 47 71 76 252 241 232 258 2 289 174 
48: 204 98 20 
49: 102 282 236 261 194 10 57 273 103 43 130 244 16 13 213 216 91 139 182 132 21 34 199 67 55 6 126 249 69 165 163 71 185 36 296 276 123 
50: 156 149 
51: 228 279 244 144 273 246 67 142 69 157 108 55 247 43 258 134 66 46 294 222 76 99 254 70 73 86 121 123 78 159 260 243 83 161 300 90 23 277 259 143 63 235 68 110 252 286 
52: 38 103 
53: 244 21 80 178 217 164 52 202 118 
54: 199 171 246 174 197 242 277 111 279 164 113 20 283 63 170 121 46 158 233 152 172 65 218 157 54 248 3 67 27 192 8 276 286 208 262 280 107 190 81 18 207 118 221 300 143 
55: 252 195 283 42 228 275 66 94 32 190 168 271 176 25 51 232 96 198 69 298 300 218 166 
56: 17 156 218 264 287 58 27 293 176 33 191 64 65 128 267 250 78 180 66 18 153 38 144 173 90 44 51 274 292 185 102 97 249 234 107 155 50 291 262 154 130 194 122 221 288 91 106 108 192 11 277 43 135 148 109 207 71 273 14 117 228 152 209 137 159 265 198 193 83 111 68 96 214 145 115 19 236 276 32 208 161 177 124 183 242 
57: 53 202 132 214 149 146 99 156 259 280 212 88 200 294 160 9 112 106 97 110 17 155 42 253 249 44 257 81 158 267 89 282 297 240 116 55 184 76 
58: 289 23 95 118 11 27 159 214 293 206 
59: 203 182 38 167 141 162 72 226 
60: 239 55 246 101 81 174 274 128 108 253 165 83 236 159 196 34 9 49 103 70 251 74 207 255 43 208 191 283 285 213 155 210 
61: 167 67 18 238 100 221 203 26 83 232 77 56 24 157 71 166 73 222 260 193 60 216 191 111 98 31 271 106 164 180 199 120 12 22 183 29 179 149 240 128 156 287 72 219 209 154 251 96 133 267 235 261 121 1 21 3 174 37 241 184 89 138 74 236 214 136 275 
62: 49 193 79 114 286 141 294 140 259 179 257 190 38 221 244 191 188 159 34 129 290 102 35 135 24 195 293 226 97 113 48 78 29 56 51 170 134 216 118 18 243 40 80 263 
63: 227 125 73 35 106 60 299 152 252 129 30 3 96 50 279 43 149 197 143 192 242 22 226 281 212 195 124 123 260 91 150 250 270 81 
64: 21 285 13 269 160 234 166 34 224 115 239 148 42 192 298 45 252 55 2 116 297 241 280 29 6 196 278 247 53 164 184 1 87 89 75 250 288 
65: 113 294 100 66 112 195 
66: 11 133 298 53 202 45 176 24 2 165 14 
67: 159 170 2 268 196 157 21 14 138 187 265 275 299 181 169 20 25 172 65 105 250 174 64 108 82 241 247 152 106 270 30 216 230 245 11 239 217 9 
68: 256 119 197 191 41 
69: 100 184 125 4 120 127 280 140 80 201 273 188 84 145 298 2 147 240 168 64 
70: 292 56 
71: 160 269 260 
72: 180 78 146 12 53 
73: 293 46 84 140 52 164 275 265 251 123 49 79 160 130 73 243 209 95 25 33 7 181 260 57 9 66 134 39 287 58 163 295 74 126 262 150 183 101 124 22 120 89 186 2 191 92 203 196 111 
74: 69 72 292 248 39 81 107 145 256 266 120 130 236 194 265 283 82 282 75 101 1 222 37 5 197 271 230 250 100 285 35 180 14 246 41 203 195 163 200 27 183 103 237 289 31 102 179 213 151 253 185 177 52 147 166 210 174 22 54 
75: 32 122 74 266 184 165 
76: 180 8 94 155 78 218 131 291 212 223 73 12 284 14 130 76 293 254 279 71 219 102 138 96 137 187 203 106 198 169 43 28 227 24 
77: 48 150 177 223 79 272 105 259 248 11 91 135 42 123 168 184 57 204 66 110 296 217 297 102 209 10 229 13 206 173 241 226 71 92 202 167 195 59 
78: 82 17 10 195 150 41 153 199 15 121 250 52 6 225 269 7 256 283 186 101 94 92 211 215 57 137 258 2 51 
79: 172 88 261 75 216 131 95 16 205 275 149 112 134 267 224 281 15 
80: 194 257 162 
81: 295 186 19 30 73 15 89 171 78 24 14 205 11 149 16 281 273 22 83 90 135 133 95 288 252 255 241 167 96 201 
82: 116 95 228 86 198 157 231 35 52 257 279 192 104 252 26 109 66 28 71 73 170 287 74 190 81 294 236 13 173 59 225 186 93 57 148 111 143 265 79 217 114 122 140 48 30 229 125 214 172 213 119 226 46 260 100 189 244 150 181 255 
83: 171 164 
84: 187 132 197 53 19 11 14 94 183 284 152 49 179 280 224 298 153 129 76 16 51 256 52 140 239 34 100 144 95 73 20 285 83 44 6 55 299 67 208 300 180 106 57 290 123 193 267 270 24 164 221 1 29 134 176 181 233 9 279 27 247 133 89 287 90 163 248 77 113 240 13 246 253 5 124 160 165 121 69 108 54 231 184 145 96 102 275 226 128 115 274 50 39 293 18 71 103 130 200 202 198 3 258 91 114 255 88 244 207 127 118 12 147 277 204 141 101 84 286 146 281 119 43 178 143 192 262 188 235 211 291 175 159 268 214 238 28 269 295 
85: 33 153 
86: 251 116 93 194 246 175 55 39 22 43 252 264 268 65 205 290 86 18 6 279 168 224 281 126 120 207 275 89 141 195 166 136 192 202 200 58 17 139 44 160 241 137 187 261 42 235 21 144 292 247 76 130 150 80 146 60 227 68 191 108 14 37 
87: 177 168 278 74 217 76 245 100 200 27 150 72 296 247 156 263 38 92 132 7 83 164 185 181 71 140 123 253 221 144 287 285 249 103 183 29 155 96 293 85 81 190 234 4 61 238 193 292 186 87 211 270 154 260 88 
88: 209 193 186 235 62 93 253 106 272 58 53 117 104 41 5 142 120 228 254 238 160 194 231 164 210 3 128 73 162 67 159 158 126 70 259 29 125 7 215 
89: 98 113 214 99 116 31 282 283 136 69 66 241 45 80 207 163 240 5 206 4 46 28 154 280 8 50 15 161 11 57 75 244 245 164 293 262 156 217 231 127 273 100 132 160 38 268 93 242 56 249 221 108 269 211 25 105 210 284 197 292 265 204 
90: 44 154 196 219 197 74 188 171 122 274 151 127 281 47 13 269 45 4 252 200 298 247 106 270 
91: 84 228 294 68 23 64 208 254 296 191 175 151 283 98 19 293 193 229 4 273 72 298 61 180 89 132 48 275 52 135 264 122 30 224 140 202 161 199 237 139 150 40 62 300 295 253 144 246 94 250 46 37 226 3 97 110 240 119 230 102 196 197 108 20 92 284 86 236 126 138 221 281 96 282 33 162 87 169 38 227 1 288 146 145 59 211 185 291 287 278 42 198 128 279 17 265 214 66 179 165 256 34 18 105 90 95 117 259 143 125 
92: 54 65 249 102 251 55 156 289 179 3 175 
93: 40 176 63 187 86 50 112 169 99 20 5 181 222 129 159 157 256 208 161 95 21 116 10 141 81 243 215 249 33 241 37 110 25 265 51 67 39 133 
94: 199 142 300 62 89 228 96 57 252 223 283 168 67 14 103 18 
95: 89 
96: 10 
97: 185 51 33 286 293 7 67 266 61 248 271 269 189 128 
98: 7 99 219 278 284 200 
99: 276 257 214 54 149 124 226 270 110 47 43 11 131 
100: 173 64 61 182 93 278 125 195 14 43 40 285 142 115 102 76 187 49 
101: 141 61 47 151 224 155 243 177 175 118 89 258 90 171 260 233 52 66 286 5 192 194 8 27 262 298 15 246 220 117 103 73 265 86 266 187 2 78 83 290 240 198 283 200 102 77 37 291 248 295 115 230 9 269 157 276 147 191 4 158 154 65 229 76 14 165 234 168 251 281 25 183 144 124 182 271 226 216 46 294 75 236 207 143 254 188 109 172 217 136 126 174 208 273 164 232 81 26 22 263 60 21 146 69 108 67 242 39 176 50 210 130 201 140 57 94 97 215 280 40 125 11 42 10 282 153 218 221 137 85 142 296 63 206 20 7 245 56 293 55 170 84 279 152 202 261 181 98 91 186 44 99 38 16 54 272 
102: 210 125 256 128 34 239 50 124 266 159 237 254 65 138 273 291 299 105 
103: 61 29 286 218 293 
104: 45 143 240 121 179 102 291 76 27 224 297 184 256 120 298 150 43 71 97 180 229 235 152 212 174 72 242 272 73 69 92 236 199 57 81 36 290 241 188 266 89 262 263 87 29 175 255 167 118 20 59 107 182 94 230 239 226 189 170 149 129 105 203 267 294 181 19 284 176 50 259 14 122 218 75 58 191 130 159 22 38 289 109 232 112 279 64 193 254 166 124 1 252 249 78 131 85 31 192 44 140 56 60 216 77 83 65 106 196 11 47 67 274 228 133 244 23 15 13 114 248 
105: 62 192 256 183 107 140 262 196 93 4 120 299 282 270 149 29 18 284 153 246 146 119 46 89 245 
106: 226 99 221 236 255 152 283 228 229 297 42 181 188 82 195 79 41 61 184 199 216 210 23 167 90 21 5 280 18 115 85 246 208 81 47 241 
107: 15 40 240 220 164 250 209 134 184 
108: 267 211 261 179 244 246 241 9 294 10 35 
109: 104 292 251 10 51 119 76 77 105 68 130 300 115 92 44 64 239 81 17 151 18 137 128 55 282 5 225 125 249 254 274 61 9 110 195 66 71 157 184 261 297 67 29 91 23 45 
110: 49 44 249 207 157 229 145 38 263 29 257 56 290 116 19 261 54 96 31 171 133 127 170 4 188 92 195 74 159 70 179 67 34 138 130 59 152 82 53 129 66 201 156 143 246 139 186 110 
111: 296 152 82 10 204 40 185 259 33 122 45 24 241 272 1 66 151 121 132 52 287 153 4 69 178 228 8 58 104 47 6 18 240 16 279 295 70 125 166 81 210 255 61 
112: 263 195 145 154 112 275 264 225 222 290 200 220 221 259 1 235 224 155 65 296 164 97 171 6 163 281 217 20 139 54 26 81 237 158 27 297 199 38 243 216 94 
113: 115 195 180 137 196 94 260 68 84 8 218 111 10 296 129 134 67 39 117 183 123 62 37 181 
114: 188 274 180 50 223 99 103 148 267 27 165 181 123 98 269 224 246 7 113 23 58 115 210 219 179 233 160 283 100 15 250 289 79 33 254 19 146 118 199 198 104 141 102 202 25 116 155 48 151 21 117 290 137 107 89 185 300 169 67 68 243 55 213 34 
115: 201 9 209 193 126 239 11 231 117 242 243 208 196 76 277 206 45 68 26 30 119 250 244 225 263 229 64 6 104 103 27 81 147 141 
116: 18 261 234 94 53 77 173 196 291 253 96 282 3 263 248 185 233 125 46 216 264 12 218 227 38 123 240 99 276 133 113 124 68 167 197 59 243 72 47 294 152 26 189 8 293 257 75 
117: 141 261 228 242 259 
118: 12 91 231 114 256 236 294 144 173 227 285 166 33 16 40 169 172 240 208 30 57 29 
119: 96 294 192 
120: 18 235 208 
121: 178 110 78 299 40 51 130 172 53 247 39 286 6 
122: 281 233 182 10 8 115 285 275 64 55 191 242 200 70 129 239 34 57 293 120 254 82 218 29 40 101 274 13 18 136 88 83 263 15 241 134 299 236 258 2 111 223 73 222 51 291 175 245 193 137 46 128 85 63 78 217 97 265 95 30 58 210 296 238 50 260 205 60 86 35 232 48 45 201 14 237 
123: 51 82 183 272 40 78 153 162 208 176 81 117 157 36 13 123 178 207 3 247 181 141 174 61 7 263 289 99 73 160 
124: 292 
125: 201 48 14 108 65 
126: 29 130 157 78 173 74 213 72 291 49 97 121 237 101 25 236 52 165 129 125 44 2 55 218 188 179 51 37 174 274 283 253 245 77 211 254 
127: 57 242 254 205 295 96 155 76 66 22 133 38 86 
128: 291 224 106 278 74 81 197 
129: 251 196 70 254 227 265 111 14 146 123 46 6 290 255 68 47 189 62 222 32 197 297 45 261 25 141 208 10 215 143 85 233 115 203 48 16 52 135 147 
130: 118 99 74 2 185 76 60 141 144 163 88 274 214 173 
131: 52 170 79 53 244 221 240 299 124 1 197 19 101 36 167 104 173 6 51 156 
132: 161 40 138 64 255 65 108 1 178 3 266 157 217 
133: 143 78 207 12 286 126 74 37 39 124 133 106 213 60 225 235 172 257 38 2 237 77 1 231 171 18 196 188 15 5 40 45 268 173 123 267 
134: 195 205 72 239 9 147 206 252 21 212 79 42 295 144 60 31 133 88 209 225 51 7 122 273 53 291 
135: 6 135 39 141 154 40 269 131 124 220 227 48 45 64 271 179 11 99 186 254 4 246 256 13 84 52 201 42 268 184 162 83 12 234 222 136 134 210 177 175 146 223 140 128 219 285 27 247 287 164 267 62 166 226 171 165 100 51 196 30 173 235 9 160 170 280 193 259 217 34 102 5 153 69 243 238 273 249 213 291 28 187 266 297 38 183 185 58 263 2 199 168 122 295 163 
136: 111 269 23 117 144 16 99 98 186 9 59 39 56 259 91 270 237 27 167 285 72 290 135 200 82 174 199 54 264 150 
137: 208 117 226 154 269 74 266 75 179 256 189 76 196 133 127 203 292 140 92 287 248 200 115 77 141 238 106 281 31 224 
138: 277 292 127 183 19 92 300 33 123 196 281 255 184 98 244 62 36 67 268 294 202 17 163 225 30 76 130 201 262 190 177 13 194 89 87 298 48 
139: 135 221 191 45 300 207 247 87 107 285 126 93 12 50 289 11 238 132 281 213 162 9 147 103 181 27 239 4 157 211 98 28 33 36 198 250 288 273 186 156 85 175 39 178 37 104 195 92 161 169 
140: 285 194 233 288 44 198 178 145 112 140 213 41 148 240 22 221 90 175 75 122 81 133 141 38 273 53 166 261 131 212 106 
141: 161 134 32 22 203 18 225 287 61 172 16 27 226 127 290 224 125 107 209 60 156 76 101 141 108 
142: 289 213 170 47 146 252 277 178 94 73 
143: 7 161 151 68 188 16 180 183 240 153 216 275 278 159 
144: 110 284 41 117 65 223 134 30 47 240 1 121 253 218 161 237 213 169 25 50 215 258 111 91 32 130 224 202 233 43 180 70 137 
145: 264 184 161 6 147 25 35 52 197 91 65 114 115 42 80 136 256 249 210 168 174 219 96 153 173 296 231 295 62 226 50 282 97 132 137 113 195 88 162 247 112 238 130 180 72 199 119 277 229 21 102 169 99 71 93 255 241 66 128 82 146 206 156 142 17 290 79 69 263 224 167 270 75 158 49 221 205 30 121 26 56 131 185 269 86 230 260 98 8 170 275 20 281 291 14 107 106 276 182 186 177 164 285 242 266 9 74 149 53 246 166 100 172 103 38 109 202 159 23 
146: 94 231 85 277 163 167 56 75 297 62 109 30 21 249 290 188 50 200 169 116 161 139 194 55 41 115 78 283 212 
147: 220 61 280 78 262 33 171 
148: 160 200 267 174 69 133 33 117 50 190 
149: 226 94 260 165 77 137 284 171 217 236 30 53 154 124 131 227 63 264 140 204 91 230 89 104 152 293 3 31 128 100 221 50 
150: 123 211 177 79 130 232 220 273 215 253 272 65 10 142 49 110 168 206 38 108 90 241 243 282 248 189 207 281 66 162 236 181 126 85 92 235 222 146 185 174 35 300 99 21 
151: 268 
152: 172 110 282 8 299 286 48 9 151 44 65 27 163 39 101 119 140 112 108 280 215 265 107 130 288 144 52 212 244 63 185 
153: 257 55 276 234 41 77 261 
154: 192 294 152 161 34 26 222 219 205 206 180 176 98 114 41 14 122 191 30 221 172 124 246 148 153 202 287 74 247 5 273 250 266 52 25 37 2 226 245 210 291 244 248 87 107 
155: 100 298 106 14 128 114 264 78 66 20 252 293 159 237 76 82 241 259 115 28 193 
156: 24 9 115 174 81 69 251 99 108 222 208 199 57 210 146 35 165 285 20 260 41 230 283 124 275 131 72 152 127 
157: 194 5 
158: 18 14 99 30 105 204 69 109 119 239 166 298 284 297 12 230 137 287 268 178 277 253 160 202 254 131 188 295 246 195 139 157 293 20 19 228 68 238 216 128 242 47 111 104 296 114 21 286 106 177 123 84 45 129 
159: 182 277 39 204 134 122 4 224 226 46 99 167 11 36 254 163 35 242 58 31 5 152 184 70 78 225 216 185 149 83 43 244 140 189 
160: 282 294 139 161 97 257 31 
161: 170 168 71 148 195 53 128 219 228 256 67 182 133 265 103 79 59 202 122 130 137 72 48 187 201 80 266 144 176 61 9 135 118 85 286 143 39 164 129 288 225 290 211 52 213 151 145 282 152 153 117 273 
162: 66 
163: 205 70 175 58 203 
164: 122 69 133 154 213 222 39 83 280 36 232 237 110 113 109 168 78 68 10 96 235 262 138 101 236 50 53 129 171 191 205 253 172 239 22 80 107 195 166 169 189 156 145 38 187 269 
165: 42 173 16 142 6 120 9 155 276 288 27 1 114 119 199 131 135 178 284 23 218 293 31 108 241 10 18 133 80 164 66 56 177 2 238 197 81 112 185 285 234 100 45 53 111 283 210 26 12 71 77 109 168 280 219 89 208 246 
166: 205 54 196 169 164 96 265 239 149 186 206 2 
167: 265 175 289 280 108 124 256 5 1 268 132 252 140 42 28 248 7 270 65 102 266 75 29 90 50 99 53 16 203 37 200 88 33 226 127 76 185 158 64 152 219 
168: 115 221 42 25 1 291 175 183 140 96 113 5 30 139 41 275 151 57 229 130 9 11 253 193 282 232 68 210 248 28 88 145 90 242 60 203 59 218 284 70 245 190 271 158 3 122 266 111 270 186 135 224 155 185 123 285 39 81 196 32 24 154 297 178 277 7 124 12 127 256 97 52 101 288 182 191 212 274 20 205 
169: 196 190 221 201 108 75 112 122 129 25 282 200 7 290 185 210 284 168 119 126 55 296 287 151 69 142 174 150 104 184 286 254 263 219 11 271 64 89 24 33 78 180 102 21 113 224 300 124 132 23 272 153 20 115 245 278 195 56 128 247 95 16 86 199 167 29 250 202 18 51 222 288 111 32 228 273 145 173 34 81 249 6 158 83 191 291 57 
170: 234 183 
171: 245 48 299 298 162 124 192 230 26 
172: 144 17 128 12 48 242 220 29 149 74 186 62 64 70 9 32 190 296 42 271 53 274 300 179 18 297 11 79 63 239 287 
173: 170 187 161 242 224 162 121 
174: 232 284 241 122 216 121 2 268 249 273 23 257 72 265 80 26 139 
175: 248 44 227 255 266 99 146 199 11 109 287 221 230 78 12 8 218 133 33 112 173 85 276 53 72 192 24 87 267 243 197 246 290 259 138 
176: 70 157 248 98 264 
177: 139 292 167 157 251 43 211 129 182 39 58 84 278 160 146 223 287 294 283 275 96 300 37 90 102 272 72 233 71 62 230 173 41 22 290 14 100 38 254 210 225 262 250 122 25 273 130 23 220 297 288 258 252 82 264 248 40 93 155 99 202 257 183 261 127 204 111 28 201 151 176 136 218 66 7 162 56 222 240 16 
178: 249 84 
179: 215 254 89 248 98 138 284 9 109 239 97 146 161 139 294 183 56 299 196 15 237 169 219 275 70 
180: 123 74 208 182 58 243 
181: 196 18 27 295 141 95 139 179 92 183 230 130 156 104 78 227 43 298 128 186 205 30 215 292 1 144 174 40 229 47 202 177 45 198 222 161 32 149 84 33 242 255 147 193 213 210 282 63 169 10 164 176 110 74 148 31 68 214 145 238 105 55 225 113 180 42 274 121 154 28 285 120 79 46 69 122 100 212 172 240 7 135 3 11 126 246 89 158 188 199 38 62 191 136 
182: 21 93 241 17 48 186 295 270 126 67 103 90 164 298 75 99 82 187 286 84 179 221 216 259 60 158 287 7 10 35 140 38 
183: 1 240 19 236 139 237 288 200 73 13 213 260 137 215 203 69 88 132 209 85 143 142 57 263 266 293 21 162 78 196 262 4 58 134 112 292 175 281 60 242 141 160 36 16 194 158 285 45 204 187 201 80 119 261 126 86 157 138 102 113 186 248 68 41 101 44 220 174 259 173 241 164 225 189 128 198 228 296 299 55 120 181 171 82 108 24 183 153 178 54 76 148 49 66 79 
184: 156 105 25 69 33 192 220 142 20 28 58 190 100 205 250 168 272 95 196 79 1 203 222 135 
185: 173 65 114 111 209 80 212 148 
186: 218 43 131 162 133 52 143 180 213 107 59 176 89 146 147 216 119 122 
187: 38 59 74 28 17 235 226 263 128 284 116 137 63 170 50 216 183 291 134 147 184 209 279 83 261 244 7 234 
188: 94 167 135 141 92 79 279 164 145 34 36 87 40 110 227 90 170 
189: 136 204 276 79 10 211 222 188 151 186 105 256 154 212 253 28 165 54 58 198 174 129 223 23 221 203 119 81 89 183 14 261 92 61 227 178 85 67 
190: 272 214 158 24 161 
191: 84 159 153 96 191 187 111 81 45 46 8 141 235 74 233 259 145 296 151 86 119 264 80 66 246 175 190 215 5 236 94 95 16 176 57 298 258 65 115 114 240 136 204 92 83 59 15 126 125 248 17 1 209 276 
192: 160 298 119 229 37 136 87 195 49 288 64 216 254 205 61 265 93 83 165 44 139 34 84 99 2 166 142 9 148 70 232 192 121 144 204 169 245 268 221 89 69 71 264 51 117 56 199 243 158 129 92 21 168 292 236 255 233 113 54 65 85 18 42 
193: 70 82 265 266 235 218 188 299 80 109 34 1 122 196 19 295 156 236 298 243 9 36 26 138 50 61 234 244 260 14 267 226 239 158 136 291 281 190 221 121 3 17 89 6 212 157 262 142 182 296 257 290 162 84 280 256 149 172 245 145 63 47 116 170 99 119 117 81 12 201 202 263 78 90 246 225 231 241 123 217 189 137 192 39 95 104 167 253 214 15 64 175 205 18 161 150 206 216 107 193 254 59 2 251 277 283 74 223 73 289 65 143 92 125 294 131 248 135 37 185 53 38 287 169 285 55 297 166 132 300 154 111 51 227 
194: 177 229 213 195 127 44 12 80 123 77 179 228 156 132 14 236 199 54 218 253 181 238 116 3 233 174 41 134 96 95 157 11 211 60 151 141 94 55 257 19 286 63 244 
195: 279 161 221 85 297 117 120 87 35 118 73 82 153 182 260 284 175 50 21 203 139 209 107 158 103 214 42 262 86 37 190 239 84 252 151 250 192 77 199 105 170 18 181 91 271 208 121 149 217 245 97 129 30 6 115 273 233 20 280 240 298 172 92 116 102 69 114 15 150 16 254 123 156 287 19 7 
196: 12 177 40 226 134 13 183 47 34 242 215 69 281 225 182 295 86 144 23 292 244 273 180 222 266 103 165 63 135 119 57 231 129 265 253 43 230 128 246 268 54 115 98 229 60 274 90 62 140 261 256 296 46 179 233 154 300 240 
197: 263 110 87 237 111 245 114 26 143 84 228 103 187 25 104 152 170 10 139 147 83 288 19 1 11 57 289 164 121 9 36 270 135 112 90 78 
198: 51 251 206 151 93 169 53 163 270 166 291 63 101 225 242 211 17 204 198 60 28 99 199 253 
199: 286 60 50 290 189 65 88 29 10 67 121 232 5 85 93 278 285 39 109 229 26 279 89 30 221 4 195 231 169 197 208 293 158 149 70 204 98 260 57 206 34 20 72 178 102 196 
200: 249 234 108 93 189 3 27 236 75 215 216 138 33 214 259 147 199 231 19 83 203 225 90 163 41 196 89 26 194 150 122 143 84 238 193 96 63 253 252 
201: 295 97 46 
202: 9 123 150 39 240 285 159 73 284 167 193 223 80 1 103 22 117 248 43 273 233 49 28 231 127 74 269 59 91 19 98 60 264 64 226 6 208 112 61 182 192 108 17 44 57 183 148 172 211 160 25 78 198 189 258 152 134 
203: 141 188 278 8 273 39 254 181 291 196 271 266 275 46 6 270 102 190 126 58 77 38 57 163 187 121 238 223 207 265 35 199 284 170 136 277 234 135 130 16 197 147 47 177 174 290 19 106 289 94 80 30 114 225 189 269 180 193 42 166 202 53 107 250 191 64 52 82 133 97 95 49 226 31 240 83 112 
204: 269 121 8 291 173 100 60 68 144 92 
205: 17 300 137 111 61 126 59 13 45 170 139 19 253 152 101 138 56 263 90 185 219 197 208 180 
206: 277 232 238 209 281 16 45 248 174 152 162 40 278 160 39 175 124 178 49 166 179 234 28 85 261 136 158 254 11 35 8 14 159 145 250 139 192 43 144 83 183 205 86 134 249 84 214 
207: 1 207 112 63 29 135 262 258 
208: 131 253 160 39 247 114 13 132 159 56 96 6 12 292 275 22 295 181 286 248 254 74 80 58 126 18 251 268 123 163 119 172 77 158 297 139 208 121 147 59 151 188 
209: 124 85 243 60 182 73 78 163 283 245 1 61 173 242 180 158 244 260 289 192 187 257 77 72 4 9 23 264 98 66 184 288 178 70 169 219 44 128 268 97 41 136 191 34 189 106 212 31 170 278 275 143 5 88 259 261 240 292 139 145 207 298 156 141 267 116 246 214 16 235 218 56 188 168 17 76 93 226 194 284 144 58 19 3 195 37 29 285 130 95 102 209 151 45 84 273 33 237 69 28 183 220 68 202 203 290 225 39 52 63 22 94 281 142 154 
210: 258 278 85 191 181 173 63 23 30 112 233 193 224 215 22 178 300 123 110 18 249 102 155 89 180 136 19 200 104 245 17 83 270 153 116 42 115 148 101 227 100 75 95 130 64 188 298 127 274 111 232 132 40 32 33 10 151 122 31 214 231 218 198 236 146 69 204 216 152 145 141 195 28 29 121 223 253 91 114 79 255 290 295 241 25 243 271 68 159 150 281 78 143 284 210 186 90 7 76 294 209 299 259 293 160 97 202 187 260 247 82 126 46 134 213 108 107 266 272 219 117 84 230 256 36 77 265 73 197 239 60 96 135 275 9 228 221 71 43 48 273 165 157 170 119 190 171 183 98 140 35 53 206 144 66 128 226 1 
211: 186 
212: 45 51 143 20 124 278 216 13 229 47 194 207 200 163 274 208 50 217 137 52 115 239 181 256 298 271 289 233 
213: 281 123 278 116 165 162 115 270 45 207 18 259 284 185 22 258 88 83 252 176 168 226 2 102 71 266 142 178 61 249 174 212 245 189 172 129 131 256 191 209 213 298 294 234 262 282 96 
214: 36 177 16 249 
215: 149 42 86 7 284 52 168 143 131 89 171 216 191 257 35 256 267 297 290 70 1 248 273 175 202 108 134 106 102 113 36 209 129 110 145 48 292 138 289 228 207 199 
216: 267 85 114 152 36 256 108 95 48 60 111 193 265 132 241 47 63 252 178 273 277 
217: 290 142 268 122 204 292 131 223 60 206 15 48 94 143 151 76 38 182 
218: 103 254 247 11 282 23 257 19 22 53 67 171 225 6 274 249 215 128 96 80 241 246 181 180 194 81 72 139 51 197 214 165 39 230 74 156 238 202 110 31 208 258 73 83 33 86 236 117 34 256 49 61 188 2 145 261 7 227 28 108 273 169 176 292 116 263 3 206 160 295 79 141 284 166 104 220 245 89 178 260 35 8 212 182 290 88 223 252 32 221 95 50 9 109 264 211 155 85 219 191 237 75 272 185 298 174 59 43 289 192 100 199 299 14 41 239 121 240 177 24 82 92 203 279 76 144 296 4 84 148 69 268 146 167 173 287 198 265 231 64 253 200 105 294 175 190 98 293 209 213 136 112 216 142 57 159 278 13 228 87 179 157 204 207 
219: 100 194 145 138 166 121 18 187 5 32 106 256 51 136 162 294 252 58 29 94 108 83 242 209 84 57 105 244 120 102 240 65 258 185 188 205 134 48 181 9 35 76 198 230 23 90 34 282 203 12 38 229 191 143 144 174 217 110 215 251 
220: 282 39 221 194 184 43 172 168 96 14 274 5 21 259 76 224 261 41 100 114 9 149 182 85 159 66 38 138 64 51 67 217 147 234 255 105 299 
221: 249 233 73 166 129 181 221 116 5 8 271 275 60 135 250 
222: 167 197 90 6 211 
223: 46 18 291 182 80 
224: 210 196 32 141 106 39 259 221 255 119 229 107 63 124 92 264 260 204 23 299 166 274 4 74 89 281 248 41 159 6 59 50 290 114 286 184 224 279 211 85 275 75 44 
225: 250 2 298 276 166 18 119 116 203 192 96 168 
226: 36 164 195 102 204 173 276 255 172 278 297 38 236 56 140 129 94 66 92 238 185 2 28 288 74 292 247 175 84 123 163 211 136 240 161 54 215 51 113 73 241 154 130 263 254 271 117 239 132 152 
227: 299 208 222 
228: 72 45 292 244 253 140 175 223 168 296 269 101 214 156 231 252 61 55 106 130 
229: 293 83 196 26 143 23 174 138 22 117 28 20 199 215 220 209 25 
230: 152 137 60 
231: 277 139 284 75 127 166 194 134 226 104 11 180 182 276 28 174 212 81 30 109 247 202 162 219 159 42 17 19 141 170 136 175 258 229 41 80 215 72 122 250 270 186 44 262 7 245 138 38 93 176 241 272 193 83 27 69 171 225 208 61 32 259 165 52 
232: 41 132 208 76 125 186 166 34 156 184 77 215 259 226 149 81 33 285 157 63 155 265 190 120 293 199 4 70 42 221 183 280 180 229 252 7 98 
233: 92 10 141 268 288 264 7 299 205 184 61 276 232 174 17 38 229 29 247 114 85 
234: 196 115 165 161 177 291 83 30 125 77 132 295 45 106 105 230 203 84 133 18 29 52 234 143 108 14 156 82 191 271 280 49 23 80 228 153 27 53 74 26 76 269 276 20 44 24 93 51 205 164 275 231 97 39 120 186 7 37 163 252 217 181 96 174 149 245 182 111 198 254 222 25 118 250 41 11 216 62 19 57 60 176 138 173 243 179 17 140 202 160 294 256 266 246 195 61 249 253 267 283 59 193 248 4 34 142 92 68 101 235 172 107 251 28 219 16 210 260 112 21 221 175 297 189 263 188 169 261 64 290 139 43 47 209 281 144 141 154 242 54 226 272 200 99 113 135 100 212 58 298 229 102 86 207 278 162 279 282 178 167 
235: 287 108 125 139 59 291 159 151 221 
236: 275 282 280 142 8 
237: 265 91 13 117 
238: 72 282 241 36 261 131 254 139 226 99 270 73 38 30 198 
239: 158 121 246 194 
240: 264 121 274 222 61 151 16 4 278 230 36 289 189 282 300 20 104 269 71 147 236 142 246 64 295 235 81 175 1 184 241 290 258 211 67 18 156 155 296 50 37 238 208 65 97 2 247 253 224 251 96 143 146 226 240 17 284 270 15 161 116 60 113 145 74 195 129 239 170 46 19 48 24 139 8 22 256 68 118 89 23 144 72 
241: 42 3 226 64 274 
242: 149 20 158 131 73 3 215 287 274 125 13 32 221 107 181 88 91 165 57 209 2 137 252 67 152 300 223 87 6 103 222 89 38 298 163 241 9 256 228 80 271 210 4 114 52 172 286 156 81 244 288 5 147 283 206 253 15 279 85 164 98 47 29 79 144 66 110 237 62 248 108 146 22 135 63 
243: 61 58 206 7 110 102 198 96 93 
244: 6 39 271 219 88 220 114 296 134 159 160 164 188 149 94 98 197 227 295 132 279 199 167 217 252 268 76 24 14 299 176 262 37 120 95 222 165 9 122 297 273 86 32 38 284 
245: 254 156 5 30 7 141 84 245 64 137 220 90 
246: 290 174 102 
247: 133 85 135 258 213 34 90 53 291 299 137 39 244 147 196 32 166 207 155 292 67 287 179 290 200 239 256 31 295 66 197 86 144 188 115 252 131 151 74 69 230 198 5 220 29 241 279 48 209 129 206 102 119 24 8 238 35 124 143 293 127 93 97 274 103 232 21 208 30 43 186 26 174 289 70 40 47 116 123 182 16 266 106 128 224 159 99 243 157 280 
248: 27 84 32 78 213 208 200 281 298 259 188 116 198 5 225 101 50 201 275 10 22 40 245 282 54 168 134 38 269 235 118 2 218 49 98 62 63 46 4 81 137 111 100 215 6 167 190 250 248 292 205 273 151 132 1 233 52 234 274 110 179 146 238 153 258 109 58 94 230 173 59 189 51 255 96 177 119 37 36 117 270 18 87 193 39 77 265 68 79 102 45 35 20 53 220 
249: 230 154 183 102 34 68 291 76 43 101 139 74 209 100 39 18 160 240 20 296 194 249 157 273 8 232 81 286 238 116 228 
250: 35 189 65 165 227 264 225 289 241 288 80 48 126 
251: 252 262 90 160 233 219 40 31 36 264 148 51 102 103 250 170 267 257 223 246 193 108 284 9 129 156 72 255 240 294 59 221 201 164 45 186 85 143 174 84 181 289 47 
252: 56 108 288 148 88 102 163 199 229 206 280 215 138 44 208 87 38 249 227 175 217 235 48 232 124 77 266 218 91 19 238 174 172 223 14 152 37 226 119 241 273 183 104 10 158 128 177 
253: 115 163 11 242 36 41 176 290 141 158 5 214 199 53 287 177 174 164 297 72 295 14 201 22 26 283 3 112 271 110 134 39 280 185 168 31 288 298 109 236 278 56 152 300 173 62 157 269 142 
254: 219 211 272 78 230 69 236 189 60 206 98 232 
255: 177 138 10 62 28 41 180 52 112 151 84 259 76 1 109 287 149 168 140 270 102 65 217 289 117 16 283 21 224 111 264 26 82 121 213 47 216 207 58 225 183 167 114 33 107 8 83 227 155 173 215 66 244 123 42 219 94 24 208 202 218 13 
256: 221 225 
257: 228 185 69 108 192 208 86 166 206 223 161 81 203 180 234 26 294 133 142 145 76 30 123 211 79 218 173 181 134 143 182 157 55 53 122 167 239 70 16 272 77 222 193 282 64 231 62 271 259 284 39 262 149 73 89 24 114 36 
258: 76 1 106 276 141 70 265 
259: 130 40 
260: 236 101 58 155 163 136 23 142 168 160 237 203 298 292 31 222 262 297 276 257 17 128 156 53 176 97 89 75 158 244 234 71 133 295 36 83 177 106 74 55 179 1 167 266 45 44 245 16 215 69 108 124 202 59 178 38 121 184 117 13 173 151 43 99 64 239 143 300 139 204 278 87 22 79 161 254 219 172 
261: 249 40 92 23 95 212 50 114 109 51 31 106 111 62 81 229 
262: 77 142 132 92 294 283 220 209 49 216 177 175 75 4 271 290 288 43 139 157 11 62 137 111 83 261 3 94 190 256 63 298 155 296 253 202 213 169 152 267 268 25 262 295 146 249 143 98 291 42 45 29 239 10 179 172 100 
263: 36 15 204 44 213 202 24 191 181 145 252 149 173 119 274 124 172 276 257 
264: 208 210 144 249 118 30 240 129 200 94 154 107 53 43 
265: 139 103 196 287 189 202 73 69 45 60 229 293 141 276 244 217 18 11 100 76 50 144 268 274 197 81 57 236 204 20 191 95 36 33 235 171 233 65 104 247 94 112 188 271 75 72 258 43 273 207 8 71 265 224 195 56 25 128 269 111 83 249 93 184 212 19 137 242 251 145 47 7 29 261 292 260 53 78 12 240 160 48 227 211 199 214 17 3 192 40 272 13 129 280 203 49 254 42 82 198 97 168 152 170 246 228 91 127 109 
266: 94 19 217 166 16 83 219 278 188 162 241 129 150 85 147 245 126 210 192 34 36 215 200 223 213 134 204 298 135 120 
267: 196 151 125 93 263 208 54 260 291 190 69 254 13 280 26 97 212 199 78 65 30 91 50 10 173 20 99 277 189 169 36 121 184 94 101 256 192 247 
268: 62 131 18 110 260 151 93 259 11 276 155 174 210 261 64 283 45 79 137 268 41 139 195 116 73 148 51 196 237 143 278 
269: 186 69 189 238 50 198 251 160 127 190 52 118 252 206 22 289 254 107 154 80 271 12 234 141 180 102 144 197 278 92 64 211 35 236 201 23 184 146 270 33 32 58 137 185 299 261 62 150 111 255 195 82 53 164 134 159 113 100 132 256 54 182 49 200 225 89 288 44 98 277 72 220 42 232 293 57 263 25 155 77 27 259 257 108 168 99 262 162 30 79 227 205 207 267 129 209 212 171 125 273 85 28 
270: 276 254 73 26 221 21 55 17 143 13 53 27 199 25 33 
271: 103 279 
272: 135 259 197 193 113 30 105 89 79 194 27 34 80 258 25 102 116 205 7 253 168 254 192 10 62 297 233 95 155 186 21 170 88 50 280 242 299 3 
273: 136 186 175 66 69 10 22 141 167 171 242 18 245 230 21 93 219 289 120 150 61 173 243 90 180 26 86 212 42 202 17 279 62 46 54 104 253 96 215 161 288 32 
274: 89 266 229 269 82 275 263 61 281 57 75 188 37 93 159 23 294 136 219 272 147 58 245 69 254 191 74 73 184 206 42 54 105 220 16 30 172 202 99 179 247 43 207 181 167 201 293 100 67 123 287 253 8 268 205 163 141 176 45 94 185 132 38 124 116 41 300 101 6 91 164 114 39 22 214 256 135 158 33 208 252 249 240 144 236 
275: 165 78 210 139 115 157 
276: 148 274 270 91 
277: 293 152 215 125 247 213 
278: 150 284 58 60 80 191 82 81 260 146 270 172 42 199 292 122 204 230 147 46 238 
279: 52 172 132 
280: 160 133 186 142 242 216 181 229 127 111 17 297 65 300 
281: 266 56 128 233 135 31 70 297 
282: 38 199 115 277 8 263 41 126 159 166 96 249 184 57 17 58 250 174 197 261 258 164 112 133 242 104 
283: 22 191 252 195 20 53 248 283 9 186 164 262 293 264 122 211 284 158 71 4 
284: 206 66 129 72 137 282 211 261 269 52 140 271 21 226 92 251 272 292 58 175 8 259 203 160 223 279 125 117 139 6 257 240 202 189 79 155 146 51 13 143 236 124 
285: 245 213 155 200 220 41 158 
286: 158 230 143 6 31 117 141 235 73 167 76 151 62 197 129 15 71 65 266 225 53 52 64 176 
287: 78 87 298 49 73 237 249 119 269 188 45 263 224 275 187 
288: 281 83 273 76 65 70 155 41 74 295 247 243 233 190 207 189 264 152 27 275 47 188 191 178 166 292 151 125 97 258 103 211 20 250 160 169 287 2 95 
289: 8 39 26 223 149 13 251 12 
290: 163 191 130 122 120 114 108 211 72 19 262 
291: 46 172 224 273 177 253 52 286 186 103 258 221 148 10 113 
292: 234 170 150 107 67 253 291 26 257 50 138 56 279 155 252 259 82 41 92 216 29 282 
293: 183 288 193 138 174 63 57 6 217 216 47 2 142 78 62 66 55 99 
294: 201 115 67 15 296 61 153 21 265 299 11 118 58 232 65 133 170 111 93 32 159 162 20 123 276 41 263 92 106 99 96 290 175 294 
295: 155 234 181 221 209 58 
296: 183 296 57 273 195 8 53 103 230 
297: 101 76 90 238 25 161 286 109 73 251 252 169 158 279 107 273 198 293 6 35 193 202 217 148 59 53 80 156 125 124 121 52 262 134 24 210 9 4 213 201 226 204 123 222 18 211 98 191 256 233 36 20 5 26 87 298 77 248 300 70 197 15 270 17 130 65 34 49 116 296 227 200 278 110 189 177 247 119 231 225 163 46 155 276 146 203 68 112 176 96 19 266 14 42 157 287 196 229 291 175 152 153 284 91 78 137 246 299 215 108 170 79 242 45 154 149 188 160 12 181 86 165 209 182 250 99 166 62 64 55 126 61 230 271 
298: 231 119 83 87 154 96 81 168 17 219 22 246 123 282 173 208 235 
299: 285 216 97 
300: 134 241 226 72 10 59 242 55 213 57 33 291 130 284 196 137 60 148 136 298 



Updated preference list above: can be reinput into program.
Duration_ModCreation_milliseconds: 1230
Duration_GetSolution_milliseconds: 70
Duration_CollectRes_milliseconds: 0

RawResults: 
210 166 272 283 157 121 195 236 67 96 27 289 255 66 79 177 29 94 20 48 150 31 145 76 229 171 41 269 118 32 160 273 270 114 108 257 86 182 24 259 68 192 264 224 109 201 251 138 100 149 78 231 72 74 46 70 169 295 77 230 111 26 242 69 125 162 189 7 23 179 6 240 142 45 116 57 10 197 183 223 63 9 1 178 233 127 5 87 95 245 276 204 243 112 288 213 299 232 293 262 21 246 52 282 102 140 154 141 265 110 73 203 291 17 14 11 237 53 22 266 173 186 49 284 91 250 156 97 158 228 99 279 93 202 184 181 144 175 174 33 115 253 54 3 30 35 129 185 50 136 44 226 85 209 37 131 275 285 143 123 190 80 135 83 75 55 234 225 139 188 147 260 130 47 92 286 252 15 43 205 113 217 170 107 152 211 287 208 159 148 4 119 155 239 65 199 128 238 215 98 81 16 163 89 168 58 218 120 28 60 222 146 277 206 88 25 132 40 167 248 235 227 38 137 256 59 193 249 261 296 8 254 212 187 298 274 122 278 2 196 106 56 180 194 105 165 267 104 214 221 219 200 198 126 82 36 263 207 117 71 153 290 62 176 258 19 133 151 164 90 297 101 161 241 61 191 216 268 271 247 42 292 12 244 18 51 172 64 34 39 134 124 103 294 84 13 281 300 220 280 

Duration_Total_milliseconds: 2940

exitCode 0
code/Main_GS completed
