80
1: 40 74 65 6 18 53 52 
2: 36 
3: 53 16 
4: 62 49 33 20 32 13 68 38 
5: 19 56 5 38 79 
6: 76 66 34 45 
7: 5 15 67 3 77 78 68 29 30 
8: 16 32 30 51 7 43 34 4 73 19 59 10 12 79 78 53 55 8 49 40 
9: 31 20 80 32 60 35 16 43 63 25 54 67 55 30 66 62 5 40 22 42 72 24 50 45 27 73 77 28 15 23 8 6 14 49 56 34 78 74 68 7 39 76 13 70 44 65 33 9 18 52 4 69 53 71 36 61 51 37 38 1 2 11 58 41 
10: 80 22 32 62 47 49 
11: 50 
12: 44 
13: 35 68 67 5 44 42 34 64 
14: 40 17 66 29 19 22 15 78 43 39 3 12 36 20 27 31 21 72 48 32 51 
15: 31 14 
16: 2 57 64 17 63 24 5 23 35 55 11 36 80 18 54 50 65 71 76 13 48 26 62 47 52 59 28 
17: 65 57 
18: 6 52 66 80 21 24 2 34 13 57 12 51 75 1 55 4 43 69 58 32 71 8 45 41 5 10 16 74 11 40 63 30 68 29 28 67 38 47 73 20 22 50 18 60 61 39 17 54 23 64 46 25 78 44 14 15 7 56 49 59 3 72 42 65 27 70 62 53 36 26 48 
19: 30 33 67 65 41 75 9 52 48 69 12 1 15 34 78 
20: 7 73 37 23 20 8 13 27 22 54 33 71 80 67 47 79 34 5 6 19 14 21 72 18 55 50 32 44 15 26 31 
21: 28 48 3 52 13 56 61 2 63 10 26 45 68 36 29 5 57 30 67 55 60 59 23 62 73 53 20 44 16 37 42 75 50 38 6 71 7 74 1 64 78 9 31 49 69 72 8 18 32 46 39 70 47 76 65 80 11 54 66 58 27 15 51 19 79 4 43 33 14 24 
22: 40 66 
23: 20 21 59 37 22 73 15 4 46 39 
24: 18 7 74 30 45 14 56 59 11 8 71 2 39 12 62 68 73 76 44 13 
25: 31 75 4 62 12 65 51 80 7 37 61 24 6 45 52 39 19 
26: 23 63 33 49 39 28 50 66 80 1 
27: 43 21 52 9 47 32 73 54 27 25 36 57 12 69 74 11 78 63 5 71 
28: 11 47 
29: 40 34 5 26 20 52 3 76 31 38 58 64 49 79 30 8 9 33 14 43 50 54 61 67 6 27 56 35 2 44 75 66 11 1 60 71 25 59 19 46 74 
30: 16 23 80 77 71 2 12 57 8 58 74 37 17 70 44 27 49 48 54 30 56 35 5 43 72 65 15 46 52 36 68 66 62 
31: 71 7 31 45 34 66 75 51 23 
32: 27 6 58 25 16 35 12 56 49 73 14 32 1 11 77 72 31 23 5 34 44 61 48 68 64 80 30 67 57 63 75 40 70 4 79 24 45 9 
33: 44 70 50 22 11 42 23 37 76 21 20 69 
34: 67 29 49 9 62 80 3 11 33 18 47 61 69 6 7 53 17 36 23 60 70 56 52 43 
35: 15 6 17 41 11 8 56 29 69 24 1 26 52 5 38 60 76 19 53 49 3 47 64 34 63 30 25 66 4 10 9 46 39 13 37 51 35 58 65 61 80 14 62 78 21 71 55 57 18 59 72 33 2 42 45 70 40 20 77 32 22 44 7 12 
36: 4 10 67 15 
37: 49 70 34 47 45 66 20 
38: 7 43 59 61 78 71 2 64 34 24 13 46 70 16 30 4 10 1 20 36 63 35 41 19 75 27 23 52 15 5 
39: 31 67 53 5 9 57 18 60 44 25 72 
40: 65 
41: 64 40 68 57 75 60 73 32 10 55 34 53 22 79 44 19 52 74 17 21 7 20 63 11 67 1 5 6 77 42 36 23 26 27 29 71 24 72 48 78 54 69 43 39 38 76 25 
42: 11 4 19 37 1 56 74 45 69 25 23 55 20 46 35 7 39 57 40 3 
43: 46 56 18 73 39 55 37 11 27 
44: 37 
45: 60 38 57 47 24 11 67 63 5 75 59 68 12 78 3 73 26 21 40 43 35 71 76 64 56 25 27 39 18 58 17 50 69 13 42 31 4 
46: 15 63 46 
47: 59 70 65 43 56 
48: 37 5 13 67 45 12 36 55 26 
49: 4 65 2 69 22 78 6 63 
50: 49 21 48 44 34 
51: 24 77 12 80 14 21 10 
52: 16 36 76 54 
53: 72 60 52 64 56 2 10 57 18 39 61 54 20 26 77 42 15 35 43 70 27 59 
54: 79 59 49 11 47 17 54 80 73 
55: 26 37 48 12 2 73 8 50 54 55 79 49 53 70 32 62 60 67 77 
56: 19 33 63 65 67 4 48 20 15 37 66 73 35 60 42 36 69 31 22 39 10 2 76 26 44 12 6 7 27 30 54 62 79 9 32 74 52 24 53 77 75 64 78 58 5 29 16 40 68 
57: 64 32 45 70 58 39 22 80 71 52 37 31 78 3 42 55 5 27 21 23 60 15 13 56 68 19 9 4 77 61 2 47 20 12 14 1 73 18 24 44 30 34 33 48 46 50 16 43 62 57 17 25 76 63 65 29 11 49 74 51 72 7 
58: 19 63 36 66 51 80 47 10 48 9 24 60 
59: 41 30 35 
60: 44 19 63 16 41 2 64 50 15 4 20 26 18 48 34 66 68 5 60 71 73 40 38 29 28 49 80 65 47 11 23 10 78 79 45 25 22 53 67 37 27 8 69 51 42 3 77 14 12 70 55 76 30 43 52 32 59 72 61 1 75 7 33 35 6 58 
61: 33 19 46 79 68 53 80 34 49 36 6 
62: 30 22 
63: 42 36 44 16 55 51 74 29 37 62 70 19 18 72 8 2 26 33 7 41 67 66 39 73 65 53 5 22 59 1 47 43 6 30 68 49 10 21 78 76 4 75 12 23 25 60 17 61 46 71 58 69 27 50 54 14 31 15 63 56 20 38 77 40 9 45 32 
64: 72 43 7 29 68 80 4 18 15 60 8 
65: 54 67 44 71 69 23 46 4 57 65 40 19 59 22 53 1 21 52 78 38 30 48 37 50 47 63 28 80 
66: 55 53 29 32 44 69 33 
67: 44 73 65 19 63 50 17 48 61 10 75 79 59 22 9 34 21 31 78 54 24 15 60 23 12 72 69 55 42 
68: 1 68 64 77 25 40 52 46 49 72 55 76 45 16 5 75 67 60 57 14 9 58 38 56 48 37 62 7 59 79 70 34 11 
69: 43 59 3 11 19 57 31 17 
70: 1 39 60 40 53 18 
71: 29 
72: 48 79 53 
73: 74 14 34 75 27 22 63 17 29 20 11 66 80 67 
74: 11 22 66 33 51 79 35 17 50 58 38 68 61 
75: 12 18 65 23 52 10 9 41 31 48 74 2 
76: 69 71 41 64 66 46 58 32 73 33 40 4 30 60 52 1 43 62 44 7 22 6 56 12 28 63 68 74 31 26 16 13 39 24 72 67 42 59 55 75 10 77 2 76 34 45 38 35 23 20 17 65 80 49 61 14 5 78 19 54 9 21 
77: 2 60 68 21 8 36 72 38 54 20 4 63 19 53 62 17 44 51 46 76 
78: 6 7 58 16 55 42 75 
79: 49 25 2 30 23 56 72 43 70 
80: 77 48 45 32 76 39 58 36 7 75 56 30 42 55 
1: 26 63 42 70 76 18 21 38 65 9 29 57 60 19 32 41 35 68 
2: 75 9 29 63 76 18 55 35 56 49 60 16 30 21 57 38 77 79 24 53 
3: 42 69 45 29 7 35 21 60 57 18 14 34 
4: 45 23 38 25 8 60 9 77 18 76 56 42 32 64 21 63 65 57 49 35 36 
5: 38 35 48 60 57 21 7 39 16 45 32 27 20 5 9 76 56 29 63 30 13 18 41 68 
6: 61 20 41 21 63 35 76 49 29 60 34 9 1 56 18 32 78 25 
7: 57 41 64 78 60 31 38 76 18 63 34 20 25 80 21 9 68 56 8 35 24 42 
8: 64 9 8 77 20 35 29 30 55 60 18 21 63 24 
9: 32 19 56 76 67 75 34 63 39 21 58 9 29 68 27 57 35 
10: 51 53 63 38 56 67 41 58 60 21 18 36 8 76 35 75 
11: 68 24 57 74 18 54 35 43 69 73 60 9 34 45 29 16 32 21 28 27 33 41 42 
12: 35 56 51 24 27 25 45 67 63 30 32 8 57 14 75 60 76 19 48 18 55 
13: 24 45 16 4 21 38 57 18 9 20 35 76 48 
14: 15 21 73 35 9 32 18 60 51 68 20 24 57 76 29 63 
15: 36 18 7 53 20 67 9 46 60 57 64 38 35 56 63 14 23 21 30 19 
16: 3 60 78 63 8 18 57 38 21 56 32 30 68 9 76 52 
17: 69 41 30 34 45 16 76 67 77 74 57 18 54 14 63 35 73 
18: 70 60 43 16 64 53 34 1 9 39 18 35 24 63 75 21 57 45 20 
19: 25 5 69 57 63 14 77 67 41 29 60 21 35 20 56 8 58 65 76 61 42 38 
20: 37 60 38 23 73 41 21 14 77 76 56 42 33 63 9 29 57 20 35 53 18 4 
21: 76 18 14 77 35 65 57 63 27 51 41 33 67 45 50 20 23 
22: 62 74 60 49 23 33 57 67 14 20 63 56 9 18 10 41 35 76 65 73 
23: 31 65 9 18 34 21 30 26 67 60 76 20 38 41 63 42 57 33 79 75 16 32 
24: 21 16 51 76 25 57 41 67 9 38 35 56 58 32 18 45 
25: 41 68 45 42 35 39 57 63 9 27 29 60 18 32 79 
26: 48 76 60 41 35 29 45 63 20 16 56 18 53 21 55 
27: 43 32 18 21 41 20 29 63 56 53 14 9 73 57 45 38 27 60 30 
28: 16 60 26 76 65 18 9 21 
29: 71 34 7 60 41 64 73 57 35 66 14 63 18 56 21 
30: 7 21 8 38 59 9 57 32 62 80 19 76 63 29 56 60 65 30 35 24 79 18 
31: 20 25 32 67 29 63 15 76 69 75 39 21 14 9 31 45 56 57 
32: 63 55 80 18 8 27 14 66 41 21 76 9 60 10 20 32 4 35 57 56 
33: 66 19 35 26 74 20 57 61 63 76 4 9 29 21 60 34 56 
34: 50 41 57 32 13 8 29 9 60 76 6 67 37 20 73 19 35 68 31 38 61 18 
35: 59 53 35 42 30 76 45 74 16 32 60 13 38 9 56 29 
36: 2 30 41 14 21 16 27 61 77 48 34 63 9 18 56 52 80 58 38 
37: 44 48 42 35 33 43 21 63 23 65 57 55 68 60 9 30 20 56 25 
38: 4 41 60 29 21 18 68 76 65 63 74 9 77 35 45 5 
39: 23 35 18 45 26 63 42 56 24 53 80 76 14 57 9 21 70 43 41 25 
40: 8 35 29 76 32 63 41 18 68 14 45 9 70 56 65 42 60 1 22 
41: 9 18 60 76 75 19 38 63 59 35 
42: 67 57 45 80 33 13 63 56 41 9 35 21 53 76 78 18 60 
43: 34 29 9 64 47 27 30 53 14 69 60 76 79 63 21 45 41 8 57 18 38 
44: 12 21 18 57 33 50 32 77 60 66 35 63 29 56 76 13 65 20 39 9 24 67 41 30 
45: 6 21 68 60 57 9 37 76 31 32 42 80 48 18 63 24 35 25 
46: 46 68 38 23 65 18 61 77 30 42 63 35 29 57 76 43 21 
47: 28 60 21 20 35 37 16 18 27 58 65 54 63 34 57 45 10 
48: 18 21 80 41 57 56 16 75 30 32 65 67 19 72 14 60 55 68 58 50 
49: 10 79 9 63 76 8 30 4 34 21 29 61 18 26 35 32 60 37 50 68 54 55 57 
50: 11 9 33 63 55 26 74 21 67 65 60 57 45 18 16 20 29 
51: 14 25 58 77 35 9 74 21 31 60 57 18 8 63 
52: 1 75 60 16 56 27 9 65 29 34 18 41 30 53 68 38 21 25 35 76 57 19 
53: 72 1 70 35 55 63 61 8 3 66 39 56 34 41 65 21 9 77 18 60 
54: 52 27 63 29 18 76 20 30 16 21 77 65 53 54 41 56 9 67 55 
55: 80 18 68 16 60 41 42 9 76 8 35 78 63 20 67 21 55 57 48 43 66 
56: 47 5 35 79 45 24 29 80 42 76 32 43 34 21 57 63 18 68 53 9 30 
57: 17 65 53 16 30 57 69 45 27 68 41 18 39 35 42 21 32 
58: 60 80 57 63 21 9 18 56 76 68 30 32 78 35 29 74 45 
59: 53 67 76 69 24 63 65 45 35 54 16 29 18 60 38 23 8 47 21 68 
60: 58 34 70 67 64 29 77 39 18 45 53 55 60 35 41 76 63 56 57 21 9 68 
61: 74 34 67 29 63 21 76 25 18 38 53 60 9 32 57 35 
62: 30 35 25 68 21 55 16 10 24 77 63 4 76 18 9 34 57 56 
63: 49 18 56 73 45 41 21 58 27 26 38 76 63 57 46 77 16 32 60 35 67 9 65 
64: 13 68 57 21 35 53 38 18 29 41 76 45 32 60 16 56 
65: 40 25 49 76 75 30 35 56 9 17 18 19 57 1 67 60 63 47 21 65 16 
66: 22 73 74 9 63 29 26 35 58 18 6 37 14 21 76 56 30 60 31 
67: 73 18 34 63 9 41 7 48 45 68 56 32 13 19 76 65 39 20 60 36 55 21 29 
68: 56 64 13 18 74 61 60 24 21 4 41 45 68 7 32 30 9 63 76 57 77 
69: 33 18 19 27 65 76 42 66 63 41 45 35 56 49 67 34 9 21 60 
70: 79 55 63 47 53 57 37 38 21 68 30 9 32 33 34 60 18 35 
71: 27 21 31 29 16 57 65 35 24 30 20 9 76 45 18 60 63 41 38 
72: 39 57 35 14 53 20 41 18 63 21 67 79 77 9 68 30 64 32 76 60 
73: 54 43 41 27 45 76 32 21 67 60 24 55 9 23 57 18 20 8 56 63 
74: 29 1 56 76 57 42 75 18 30 63 9 41 21 24 73 27 
75: 78 76 29 38 31 25 41 63 19 56 80 32 73 68 21 67 60 18 45 
76: 77 63 68 16 80 56 24 9 41 45 33 60 57 52 29 35 76 6 21 
77: 55 60 68 30 80 35 76 51 41 63 9 53 7 57 56 32 
78: 19 21 8 18 57 65 56 35 63 41 45 9 60 7 27 38 76 14 49 67 
79: 5 54 60 41 67 68 20 32 61 74 72 55 29 8 56 21 
80: 65 10 18 51 34 16 20 57 76 25 58 9 32 73 21 61 35 64 54 26 30 60 



Updated preference list above: can be reinput into program.
Duration_ModCreation_milliseconds: 303
Duration_GetSolution_milliseconds: 17
Duration_CollectRes_milliseconds: 0

RawResults: 
26 75 42 45 38 61 57 64 32 51 68 35 24 15 36 3 69 70 25 37 76 62 31 21 41 48 43 16 71 7 20 63 66 50 59 2 44 4 23 8 9 67 34 12 6 46 28 18 10 11 14 1 72 52 80 47 17 60 53 58 74 30 49 13 40 22 73 56 33 79 27 39 54 29 78 77 55 19 5 65 

Duration_Total_milliseconds: 862

exitCode 0
code/Main_GS completed
