80
1: 63 66 34 23 71 42 58 49 74 45 27 70 
2: 31 58 68 18 34 76 59 17 43 45 52 4 50 
3: 44 2 47 60 10 31 
4: 32 54 28 73 66 21 
5: 6 18 50 9 2 10 38 32 78 39 77 70 29 22 
6: 53 47 70 31 46 66 63 73 71 42 26 19 18 2 77 9 48 60 4 34 55 5 16 61 76 25 22 33 
7: 60 
8: 42 24 
9: 62 12 69 27 74 31 79 33 28 46 76 63 7 10 45 66 51 
10: 35 60 27 5 65 37 26 
11: 64 40 35 71 50 9 26 70 44 2 29 31 41 80 11 33 47 1 19 74 
12: 38 26 64 11 37 34 25 
13: 38 26 69 76 48 17 43 29 56 53 61 46 68 3 12 
14: 37 71 41 49 28 30 17 59 39 3 70 19 56 32 62 38 13 48 68 67 55 35 22 57 25 53 44 80 69 8 15 18 
15: 14 29 40 30 
16: 21 54 23 9 37 
17: 78 22 63 14 30 74 75 49 
18: 72 31 29 61 12 16 
19: 20 
20: 47 32 28 59 60 34 44 5 41 74 40 63 10 15 31 73 4 67 30 22 2 13 21 16 62 35 66 36 72 27 18 6 9 46 80 
21: 36 7 63 26 42 50 73 13 80 69 70 27 41 
22: 24 6 31 63 45 34 21 65 61 32 37 73 54 26 29 48 56 49 79 30 78 35 1 
23: 39 79 20 67 46 3 25 76 56 
24: 62 64 7 33 44 38 50 63 55 71 29 14 68 77 16 66 3 58 8 76 37 13 19 9 1 51 74 59 42 49 45 73 22 47 24 35 39 31 32 17 
25: 46 19 11 
26: 55 6 19 50 71 
27: 39 40 66 
28: 42 65 21 30 63 57 13 56 75 47 64 
29: 22 59 7 23 18 50 72 8 3 75 52 2 31 40 42 79 80 9 38 65 60 21 44 43 73 64 54 58 63 26 56 24 33 53 
30: 13 77 34 1 75 68 43 
31: 61 45 19 12 2 62 63 53 67 37 31 18 32 38 13 47 35 
32: 62 32 
33: 47 
34: 9 4 55 70 5 51 24 34 43 47 10 41 62 71 6 17 60 8 33 65 46 
35: 49 9 11 19 1 16 62 80 17 75 4 29 18 77 36 42 56 3 10 78 53 32 6 27 43 71 57 54 66 50 30 40 35 21 52 58 79 47 64 68 39 55 31 69 23 7 
36: 47 80 63 70 9 54 68 59 50 69 58 51 37 22 49 32 57 71 33 62 21 5 72 65 40 52 24 15 29 6 
37: 8 
38: 37 20 23 24 7 48 32 21 54 47 8 38 58 28 19 40 27 67 11 1 72 53 52 60 29 3 68 41 56 35 39 79 34 64 6 77 26 42 2 17 4 74 49 66 75 55 63 44 62 78 22 45 36 
39: 46 29 
40: 74 30 57 80 68 41 38 55 36 59 28 32 21 73 76 25 23 47 26 60 2 71 67 19 49 12 34 5 6 78 1 72 46 56 27 53 65 48 75 16 42 31 37 66 64 52 51 44 17 9 13 20 3 69 22 10 63 61 
41: 48 52 56 29 44 
42: 20 52 
43: 11 55 37 50 67 48 21 56 64 49 36 35 77 45 26 8 25 6 79 73 22 42 24 76 58 13 7 19 70 71 9 61 41 57 47 66 18 5 
44: 38 
45: 71 57 32 23 43 14 10 59 62 79 
46: 41 26 71 50 11 17 49 77 
47: 58 
48: 28 4 56 39 49 37 15 3 14 35 46 44 47 16 64 25 45 66 73 34 59 75 58 27 23 
49: 55 49 48 28 73 
50: 76 75 53 70 64 29 41 23 49 46 34 77 79 31 17 6 9 56 78 25 30 48 35 12 50 68 62 80 20 54 
51: 72 39 48 74 75 65 22 79 32 41 5 57 
52: 49 58 46 14 
53: 54 59 
54: 24 28 25 69 73 75 
55: 28 23 42 55 1 56 4 75 31 16 48 11 68 27 40 19 30 44 36 58 79 41 13 61 67 70 73 25 51 26 60 7 29 2 65 52 24 5 39 
56: 56 5 50 12 68 33 77 46 4 18 10 42 15 79 29 57 30 9 66 44 80 38 37 61 26 65 13 47 34 3 28 64 43 55 60 39 59 17 41 52 76 45 48 
57: 30 19 12 49 28 78 74 23 63 11 10 29 42 16 21 37 72 22 71 64 1 77 55 57 76 59 2 
58: 60 43 6 16 39 40 57 45 29 4 34 78 54 79 76 27 59 48 71 14 41 80 66 30 19 
59: 43 80 71 13 
60: 79 28 32 71 44 42 80 14 26 74 4 45 
61: 24 30 1 35 39 58 65 73 60 67 61 3 53 40 66 56 59 41 17 34 69 15 79 37 23 68 11 57 70 6 44 19 55 2 75 78 54 26 76 
62: 7 10 12 77 26 11 57 49 48 15 1 61 68 79 59 47 25 36 76 74 41 21 52 73 64 43 8 9 69 65 78 
63: 25 7 17 69 
64: 71 63 34 33 26 6 50 48 20 58 65 61 67 70 66 76 7 10 39 37 31 5 62 
65: 56 38 61 71 47 58 2 27 8 69 30 40 
66: 64 59 48 71 66 75 33 41 9 68 
67: 26 23 22 47 24 31 78 64 41 70 17 45 73 44 68 59 27 30 76 69 7 46 40 48 12 53 2 18 72 
68: 47 42 
69: 59 49 61 69 64 55 
70: 7 51 21 55 9 48 5 19 27 10 
71: 5 42 49 62 22 17 58 44 29 50 13 11 18 72 28 2 56 1 66 27 
72: 59 53 8 47 58 71 14 32 64 76 7 27 62 19 23 18 1 72 9 51 16 63 
73: 56 55 30 23 11 74 44 45 7 46 2 70 53 65 33 24 38 8 12 51 52 21 62 37 60 5 32 28 
74: 71 3 42 80 61 21 30 62 76 9 
75: 28 75 3 68 41 60 57 69 18 65 17 33 58 78 66 34 47 76 37 40 4 
76: 71 54 51 36 44 30 29 38 34 77 73 12 80 31 46 49 27 57 40 5 76 39 6 59 33 14 56 70 45 41 66 55 79 17 68 28 21 25 65 
77: 50 52 2 49 27 44 16 76 15 
78: 52 70 57 28 43 36 40 22 54 31 34 60 68 3 
79: 67 
80: 64 8 37 31 9 19 34 
1: 22 71 30 72 55 57 35 38 24 62 40 11 61 
2: 57 31 77 6 55 73 38 29 65 5 11 20 61 40 71 67 3 
3: 78 24 29 38 14 48 13 61 56 35 75 40 74 23 
4: 75 20 58 48 34 60 38 2 55 6 56 35 
5: 43 36 10 55 70 34 20 51 6 56 73 64 71 76 40 
6: 36 76 40 61 5 50 20 34 22 35 26 64 38 58 43 
7: 35 24 63 21 67 9 70 38 29 72 64 73 55 62 43 
8: 37 72 65 14 43 29 73 80 62 24 38 34 
9: 74 5 80 62 56 11 72 70 29 66 35 40 43 24 6 36 16 20 34 50 
10: 70 56 34 20 9 64 35 3 45 62 40 5 57 
11: 25 12 62 11 38 35 57 61 43 73 46 55 71 
12: 13 62 18 50 67 57 31 9 56 76 40 73 
13: 59 21 43 56 71 30 14 55 40 31 28 20 24 
14: 52 72 45 60 58 17 15 24 76 48 
15: 77 20 14 48 62 61 56 36 
16: 18 77 72 35 57 48 55 6 24 20 40 58 
17: 24 46 2 63 75 61 35 67 56 50 38 13 14 76 34 40 71 
18: 14 20 71 2 72 56 43 6 31 29 5 67 35 75 
19: 58 24 80 61 14 25 72 57 6 55 38 26 40 35 31 11 43 70 
20: 19 64 42 38 40 23 50 
21: 4 76 38 74 73 62 36 70 16 43 35 28 22 20 57 29 40 
22: 5 78 6 57 24 29 43 40 14 20 38 71 67 17 51 36 
23: 48 1 40 50 45 29 57 61 72 73 55 16 67 35 38 
24: 8 73 61 24 55 36 38 43 22 67 29 54 34 
25: 12 23 43 54 50 62 40 48 55 6 76 14 63 
26: 10 11 29 60 13 55 56 46 43 12 64 21 67 40 22 62 38 6 61 
27: 71 76 10 1 48 77 67 35 40 38 70 21 58 55 72 65 9 20 
28: 73 20 76 75 9 60 57 71 55 38 78 49 54 56 48 40 4 14 
29: 39 71 56 50 22 35 24 5 18 55 36 41 38 57 15 58 13 11 76 
30: 15 50 76 35 17 56 74 28 58 73 40 20 65 14 61 67 55 57 22 
31: 3 64 20 29 40 80 22 35 24 50 76 31 6 55 11 9 78 67 18 2 
32: 32 38 4 5 45 40 73 14 36 51 22 31 20 35 24 72 60 
33: 6 9 11 36 73 76 66 24 29 64 75 34 56 
34: 80 76 22 12 38 40 6 48 30 75 58 34 78 64 2 1 50 20 61 56 
35: 31 20 61 11 43 50 24 22 10 48 14 38 35 
36: 38 21 35 62 78 40 55 43 76 20 
37: 16 10 22 57 12 56 64 38 43 61 80 40 31 24 75 48 73 14 36 
38: 44 14 13 65 40 38 73 31 29 76 5 24 56 12 
39: 55 61 48 23 56 5 64 38 27 76 24 58 51 14 35 
40: 65 55 20 35 27 78 58 75 11 61 67 38 36 76 29 15 
41: 21 38 34 46 40 50 62 11 43 76 75 58 67 66 61 20 55 56 14 51 
42: 68 40 57 56 1 29 38 43 21 28 24 60 35 74 55 6 8 71 
43: 30 45 29 35 13 62 2 34 56 58 78 59 
44: 41 71 20 77 38 61 48 76 3 14 24 11 56 67 29 55 73 60 40 
45: 60 56 67 31 48 2 9 22 76 38 73 1 24 58 43 
46: 34 39 52 76 73 9 6 13 20 67 56 40 48 25 23 50 
47: 33 38 35 75 40 11 31 43 28 48 3 34 72 20 36 65 56 68 67 6 24 62 
48: 56 49 70 13 6 14 43 64 62 22 67 66 51 50 40 41 58 55 38 
49: 17 49 22 24 76 43 77 40 62 69 52 38 14 57 36 1 50 35 48 71 46 
50: 2 56 35 50 24 26 5 21 77 36 29 71 11 46 64 43 
51: 9 72 24 40 55 36 76 73 34 70 
52: 42 2 62 36 35 78 77 55 41 38 56 40 29 73 
53: 29 61 35 6 38 31 72 50 40 67 14 73 13 
54: 50 76 29 53 58 61 38 16 36 4 35 22 78 
55: 69 40 6 43 55 56 57 73 38 76 61 14 49 70 26 35 34 24 
56: 23 71 13 50 48 40 35 22 61 38 28 29 43 14 41 65 76 73 55 56 
57: 51 58 35 57 14 56 78 43 75 76 62 40 28 45 36 61 
58: 47 1 72 55 43 52 38 35 75 48 24 65 64 29 36 61 2 71 
59: 53 57 61 58 29 14 40 66 56 62 69 2 67 20 48 76 24 45 72 36 
60: 7 55 75 3 40 61 34 78 56 29 6 73 38 20 58 10 
61: 40 74 18 6 62 31 56 55 64 69 22 43 13 61 65 
62: 64 24 20 74 73 50 71 9 34 36 45 72 14 38 31 35 32 
63: 72 22 38 24 40 29 57 1 21 6 31 64 20 28 17 9 36 
64: 28 35 72 48 29 67 43 56 62 50 80 69 57 66 40 12 11 38 24 
65: 76 22 64 56 29 61 40 28 51 36 34 75 10 55 73 62 
66: 27 20 64 35 66 9 38 61 40 76 58 24 43 75 1 56 4 48 6 71 
67: 79 31 20 40 38 61 14 43 55 23 64 
68: 66 50 40 62 76 67 13 78 36 14 61 24 56 35 30 75 38 55 2 
69: 63 35 40 9 61 62 54 21 69 36 14 75 13 65 67 
70: 1 21 61 73 36 11 64 43 50 6 5 14 34 67 76 55 78 
71: 26 76 58 45 24 57 6 74 46 11 60 40 59 64 36 65 14 72 34 1 43 66 35 
72: 67 51 57 20 38 29 72 18 71 36 40 
73: 49 55 48 4 29 54 61 22 67 6 40 24 76 43 21 20 62 
74: 11 60 73 24 9 38 17 62 1 20 57 40 51 
75: 54 66 38 48 61 40 29 55 28 51 75 17 30 50 35 
76: 61 67 57 77 24 62 9 13 72 50 74 2 6 23 56 58 75 64 76 40 43 
77: 46 30 38 24 43 76 62 56 50 35 6 57 5 
78: 62 50 58 57 67 61 5 75 40 38 22 35 17 
79: 45 56 43 76 38 58 9 50 60 55 61 23 51 22 29 62 35 
80: 20 36 56 29 14 59 35 60 76 50 11 74 40 21 58 



Updated preference list above: can be reinput into program.
Duration_ModCreation_milliseconds: 254
Duration_GetSolution_milliseconds: 6
Duration_CollectRes_milliseconds: 0

RawResults: 
22 57 78 75 43 36 35 37 74 70 25 13 59 52 77 18 24 14 58 19 4 5 48 8 12 10 71 73 39 15 3 32 6 80 31 38 16 44 55 65 21 68 30 41 60 34 33 56 17 2 9 42 29 50 69 23 51 47 53 7 40 64 72 28 76 27 79 66 63 1 26 67 49 11 54 61 46 62 45 20 

Duration_Total_milliseconds: 762

exitCode 0
code/Main_GS completed
