60
1: 20 32 36 8 51 30 29 60 14 37 
2: 15 
3: 6 10 
4: 47 5 56 18 12 22 21 4 19 8 1 14 40 36 52 50 44 20 16 59 58 27 33 24 60 10 41 25 23 
5: 11 39 20 23 53 5 10 49 55 36 22 47 
6: 15 3 23 1 14 39 57 6 55 16 48 5 11 27 59 7 
7: 13 21 29 54 9 40 5 35 55 34 24 47 16 38 31 
8: 36 28 35 1 14 57 55 59 19 26 7 58 25 15 53 29 22 
9: 47 21 56 33 12 39 37 22 30 7 15 51 44 40 58 
10: 59 38 45 34 4 54 29 57 50 5 2 25 9 30 
11: 12 35 5 56 8 17 38 40 45 16 49 31 60 34 
12: 24 50 52 54 8 25 4 15 42 56 1 7 2 59 5 
13: 7 1 
14: 59 11 
15: 36 34 3 48 55 54 
16: 3 19 13 
17: 52 15 50 23 22 35 36 16 
18: 15 6 30 16 9 34 57 36 46 42 17 
19: 10 38 47 12 2 50 25 56 46 59 5 35 51 19 49 3 53 48 
20: 24 60 1 27 21 2 43 37 31 15 36 35 45 40 57 23 20 3 26 
21: 38 42 21 17 36 11 25 53 51 14 57 8 44 50 12 45 47 31 59 60 6 24 
22: 14 26 53 52 1 11 4 15 49 
23: 11 2 32 56 45 29 
24: 15 44 60 14 41 7 39 45 27 55 33 42 54 11 51 32 38 
25: 17 8 56 1 16 48 41 46 11 47 26 54 60 28 42 37 55 21 36 9 44 18 49 53 12 
26: 46 14 26 39 60 6 41 3 16 32 57 
27: 26 37 46 22 23 52 17 25 24 31 8 35 
28: 57 22 45 54 39 59 5 55 25 14 27 2 52 21 42 3 
29: 51 20 59 35 55 11 8 4 25 24 43 
30: 54 27 55 60 21 36 43 24 7 3 50 44 26 17 51 34 16 59 2 38 42 31 52 
31: 41 40 57 44 
32: 26 30 10 53 52 44 33 37 7 20 56 57 14 3 24 17 40 1 60 31 27 55 34 41 59 51 28 48 11 2 
33: 36 3 4 23 27 
34: 27 14 40 
35: 29 55 28 32 37 10 20 
36: 13 17 14 31 4 47 60 20 39 44 29 58 36 49 26 57 28 56 51 10 7 46 33 40 8 27 25 59 2 30 21 
37: 24 4 44 57 22 14 56 6 10 27 30 48 3 15 23 1 34 55 25 29 59 49 35 52 18 28 54 53 46 2 42 39 58 33 11 32 38 17 50 45 37 9 
38: 34 23 53 10 24 33 7 43 38 17 59 22 36 37 32 55 2 60 
39: 59 15 36 16 48 43 33 
40: 31 24 54 21 30 27 18 57 20 60 49 8 51 42 25 
41: 5 33 56 31 12 51 
42: 18 
43: 41 38 47 59 53 55 43 11 5 50 58 39 
44: 54 31 35 29 27 16 14 3 49 53 10 46 18 56 44 5 30 17 40 55 22 12 25 36 32 13 60 33 50 19 26 42 41 
45: 19 22 46 
46: 48 27 28 
47: 27 44 30 29 6 28 19 
48: 43 54 27 18 51 3 57 45 15 21 26 38 30 23 13 42 41 16 34 19 53 37 36 31 59 
49: 12 60 2 58 15 18 45 42 25 8 50 47 30 39 20 16 11 40 4 
50: 27 28 13 43 53 
51: 31 4 36 
52: 33 46 25 55 7 49 51 20 4 58 35 31 47 15 42 8 18 1 40 43 57 48 36 53 29 27 44 3 23 13 11 30 10 50 37 54 56 
53: 22 45 57 33 26 21 15 24 52 50 19 44 9 23 2 20 59 53 12 32 60 29 35 47 10 56 7 37 5 46 55 48 51 3 43 13 11 14 8 
54: 11 14 47 35 33 56 45 6 4 8 32 
55: 2 31 60 8 24 14 34 16 19 57 17 43 25 32 42 52 26 12 18 51 20 38 28 27 13 6 55 
56: 59 60 12 54 28 26 52 40 7 13 22 11 46 14 
57: 40 17 12 37 3 34 44 53 10 15 39 55 8 22 30 26 32 33 41 11 50 
58: 20 57 40 16 39 24 51 31 15 56 48 44 17 35 42 
59: 22 45 
60: 51 55 27 56 4 15 2 60 43 1 18 40 5 6 
1: 13 25 37 4 12 32 8 6 22 52 60 20 
2: 32 36 23 28 30 60 19 38 12 53 49 10 55 20 37 
3: 28 15 6 20 53 16 30 57 32 19 48 52 44 37 33 26 
4: 49 51 54 33 52 29 60 37 4 12 10 36 22 
5: 12 4 19 28 11 6 41 7 53 60 10 5 43 44 
6: 60 21 47 37 6 55 3 18 26 54 
7: 6 32 24 12 9 38 8 30 53 56 52 36 13 
8: 53 27 4 21 12 1 36 49 25 40 52 11 29 55 54 57 
9: 37 18 25 7 10 53 
10: 3 37 32 57 38 36 19 53 35 52 4 5 44 
11: 14 25 23 24 56 6 53 22 52 32 57 21 29 37 5 43 54 49 
12: 25 53 9 4 57 41 21 55 11 56 49 19 44 
13: 16 44 50 55 36 52 48 7 56 53 
14: 56 34 55 1 6 8 37 32 28 54 4 36 26 53 21 22 44 24 
15: 2 17 20 48 49 60 37 8 57 58 18 39 22 9 6 53 12 24 52 
16: 17 44 7 18 58 6 25 49 4 55 39 48 26 30 11 
17: 18 27 37 55 58 36 30 57 11 38 21 32 44 25 
18: 42 37 40 55 52 60 4 49 25 44 48 
19: 47 53 48 16 44 55 19 4 45 8 
20: 35 40 58 5 52 53 36 55 1 29 4 32 20 49 
21: 36 40 21 20 48 25 7 4 9 53 28 30 
22: 8 5 53 38 57 44 27 45 56 17 9 37 59 28 4 
23: 4 33 37 48 5 20 52 17 53 38 6 27 
24: 21 38 53 12 32 20 27 37 29 7 30 40 4 55 58 
25: 40 55 21 29 44 8 52 27 28 49 36 10 4 19 37 12 
26: 20 55 27 25 22 36 30 44 48 56 8 32 26 53 57 
27: 33 48 37 32 52 40 46 55 28 30 36 50 4 44 6 20 47 60 24 34 
28: 46 50 25 55 47 56 37 35 32 8 36 
29: 23 7 10 8 37 52 53 47 44 36 1 35 
30: 10 37 9 47 52 36 32 40 18 57 44 48 49 1 
31: 7 32 41 58 21 27 20 44 40 36 30 11 52 55 51 48 
32: 54 55 44 53 57 35 37 24 23 1 26 38 
33: 39 24 53 36 38 4 54 44 52 37 41 9 32 57 
34: 11 32 15 57 38 18 48 30 10 37 55 7 
35: 27 58 8 19 53 54 44 7 17 11 20 37 52 29 
36: 51 1 8 36 5 48 25 38 20 4 21 44 15 39 18 17 52 30 33 
37: 1 37 38 20 27 32 25 52 9 57 53 48 35 
38: 24 7 10 30 43 55 37 11 19 48 21 38 
39: 43 58 37 49 9 57 36 24 28 26 5 6 
40: 34 56 4 49 58 7 57 36 31 52 32 9 60 44 20 11 
41: 44 4 26 24 31 25 57 43 48 32 
42: 58 44 52 21 49 24 30 37 28 12 48 55 40 25 18 
43: 29 52 38 53 30 43 20 48 60 50 55 39 
44: 31 24 58 9 47 53 36 25 30 57 4 21 44 37 52 32 
45: 59 11 28 49 10 53 24 54 20 21 23 48 37 
46: 45 53 44 56 36 26 18 52 37 25 27 19 
47: 5 43 25 7 54 36 21 53 49 19 4 52 9 
48: 19 37 52 32 53 15 58 25 6 46 39 
49: 22 25 19 37 11 40 44 5 52 36 
50: 57 53 12 30 4 44 21 37 52 17 19 10 49 43 
51: 41 53 60 30 48 24 58 52 21 9 40 55 19 1 32 36 29 
52: 30 37 56 55 53 32 28 12 4 27 17 22 
53: 50 5 32 52 44 19 37 38 48 57 43 21 8 25 22 53 
54: 15 44 56 7 25 10 40 12 28 30 52 37 48 24 
55: 55 24 30 15 35 38 60 57 44 29 25 37 7 53 6 28 43 5 8 32 52 
56: 52 53 9 54 58 37 11 19 60 36 41 12 4 25 32 44 23 
57: 26 53 55 28 52 40 21 31 37 36 18 32 58 20 48 10 6 8 
58: 9 43 36 8 37 52 49 4 
59: 48 30 36 4 28 29 39 19 10 14 8 21 43 37 32 38 56 6 12 53 
60: 38 60 4 21 36 26 55 56 44 20 24 49 1 40 32 30 25 11 53 



Updated preference list above: can be reinput into program.
Duration_ModCreation_milliseconds: 333
Duration_GetSolution_milliseconds: 28
Duration_CollectRes_milliseconds: 0

RawResults: 
13 32 28 49 12 60 6 53 37 3 14 25 16 56 2 17 18 42 47 35 36 8 4 21 40 20 33 46 23 10 7 54 39 11 27 51 1 24 43 34 44 58 29 31 59 45 5 19 22 57 41 30 50 15 55 52 26 9 48 38 

Duration_Total_milliseconds: 606

exitCode 0
code/Main_GS completed
