60
1: 3 31 15 45 43 6 13 
2: 19 11 5 
3: 32 23 21 6 9 16 4 41 25 35 48 20 30 54 11 7 31 5 17 51 12 3 60 40 27 28 49 43 
4: 21 13 38 15 42 2 11 35 7 56 22 39 
5: 28 23 9 32 59 15 8 39 44 37 13 2 47 29 11 46 56 19 58 
6: 7 
7: 47 30 48 29 19 46 17 25 45 9 34 60 27 59 35 54 37 5 41 36 1 32 3 26 12 40 51 10 52 42 28 2 31 
8: 37 41 20 51 4 28 
9: 3 2 26 
10: 34 42 
11: 2 23 50 60 34 22 37 28 41 1 
12: 18 43 48 
13: 19 25 
14: 38 54 41 9 3 22 14 49 1 26 16 48 46 7 19 59 17 27 10 13 43 37 28 20 50 24 29 5 40 25 42 55 
15: 48 58 20 45 1 57 
16: 16 36 11 43 22 60 58 26 4 12 8 20 45 
17: 36 32 38 53 
18: 58 52 36 20 60 40 6 2 35 41 29 8 37 25 46 30 51 48 57 14 5 32 59 12 4 45 27 26 56 39 50 16 13 47 24 55 11 17 22 21 10 15 44 54 9 1 42 38 23 33 18 19 43 28 7 31 3 34 49 
19: 23 
20: 23 24 30 
21: 17 26 22 36 
22: 46 39 26 32 1 25 14 20 
23: 51 38 21 11 20 35 18 32 17 52 59 24 6 16 25 53 42 56 39 26 49 14 57 48 27 34 4 40 2 60 
24: 27 1 45 53 26 18 52 16 43 60 5 11 20 34 56 9 49 3 46 39 55 28 22 
25: 16 22 26 54 6 21 36 55 2 58 18 60 3 13 46 51 33 14 48 49 24 27 50 
26: 26 44 2 54 3 4 45 9 52 10 48 20 39 6 15 24 40 7 31 33 34 47 41 1 19 22 29 5 55 27 60 16 49 13 46 
27: 42 11 
28: 2 10 
29: 12 59 3 30 31 58 34 18 60 19 
30: 32 58 53 27 39 40 26 14 34 16 29 1 44 47 2 30 51 22 56 42 23 4 19 5 9 52 24 
31: 17 6 26 32 14 21 4 36 38 49 25 15 57 52 5 46 47 20 18 2 39 3 37 
32: 21 24 18 41 35 17 
33: 9 31 55 56 51 58 6 4 
34: 60 44 56 3 
35: 9 37 24 50 44 27 
36: 27 56 32 47 
37: 59 38 47 2 30 5 55 35 10 34 44 49 7 43 36 11 22 28 39 9 25 6 4 58 37 15 29 1 54 52 56 51 33 16 46 23 60 57 12 42 50 20 8 14 53 45 26 32 19 13 31 3 41 18 48 27 24 21 
38: 35 7 29 34 36 57 19 26 58 52 38 55 31 27 23 33 30 28 18 
39: 43 18 52 23 15 57 24 20 50 38 5 19 34 32 
40: 48 47 28 45 60 15 30 2 37 46 16 18 50 42 7 49 1 57 14 40 5 41 10 4 29 26 23 21 9 
41: 32 54 
42: 28 17 15 20 32 33 
43: 8 33 25 29 
44: 4 8 38 36 39 58 40 21 33 13 17 60 23 34 
45: 44 50 24 7 54 35 52 6 40 
46: 52 
47: 48 40 16 
48: 37 16 21 20 12 58 26 35 56 43 45 5 13 25 4 60 30 34 24 57 15 
49: 41 11 32 59 
50: 32 41 
51: 13 51 
52: 58 46 4 26 18 34 12 49 27 56 
53: 15 26 8 
54: 53 27 2 10 52 60 12 
55: 1 14 
56: 32 27 44 13 35 
57: 25 38 55 24 31 20 9 57 54 50 27 32 41 35 8 2 
58: 60 12 38 41 48 36 49 32 40 13 1 56 44 
59: 33 43 38 25 20 15 52 50 10 29 22 44 46 42 53 21 18 59 35 24 16 55 19 60 26 9 45 40 49 51 30 3 56 39 37 12 58 57 6 
60: 59 17 58 43 28 2 1 44 38 
1: 11 24 15 14 7 37 18 40 58 55 30 26 60 22 
2: 57 7 31 54 40 25 30 18 9 28 4 37 11 26 23 60 5 
3: 34 24 59 9 26 31 3 25 18 29 37 14 7 1 
4: 33 3 40 30 37 44 16 8 23 18 26 48 31 52 
5: 2 48 14 37 40 26 7 24 18 3 30 31 39 
6: 59 31 37 25 23 33 18 3 26 1 45 
7: 6 38 14 4 3 18 26 40 45 37 
8: 53 16 57 43 44 5 37 18 
9: 40 3 14 24 57 7 33 30 35 26 18 59 37 5 
10: 28 18 37 7 54 59 40 26 14 
11: 27 49 4 18 24 3 5 23 16 37 2 
12: 54 59 7 29 52 37 18 3 48 58 16 
13: 1 18 56 51 26 44 4 48 58 37 14 25 5 
14: 55 31 23 14 30 37 25 22 18 40 
15: 48 59 18 39 1 26 31 5 40 53 4 37 42 
16: 47 25 37 24 26 23 16 48 14 30 3 18 40 59 
17: 32 18 42 60 44 7 23 14 21 3 31 
18: 38 52 23 40 18 25 31 12 24 39 32 29 37 59 
19: 29 13 38 37 30 18 7 5 2 26 39 59 14 
20: 22 15 59 31 42 26 23 37 48 16 39 18 3 8 24 57 14 
21: 37 18 31 3 32 48 59 4 23 40 44 25 
22: 24 11 26 30 25 21 18 37 4 59 14 16 
23: 19 40 18 30 11 38 20 5 44 3 39 37 
24: 30 14 32 37 25 45 57 18 20 26 59 48 23 39 35 
25: 13 57 43 22 14 23 18 59 48 7 37 31 3 
26: 9 7 31 37 38 52 18 40 25 30 24 23 16 22 14 21 26 59 53 48 
27: 35 38 18 56 36 3 7 23 14 57 24 25 37 54 26 30 52 
28: 8 5 3 37 42 60 38 40 18 11 24 14 7 
29: 43 5 37 7 38 14 18 40 59 30 26 
30: 20 38 48 30 29 40 3 37 18 7 59 
31: 7 1 33 29 57 38 3 37 18 26 
32: 39 58 49 30 57 18 7 56 37 17 31 23 22 3 41 42 36 5 50 
33: 42 59 37 26 43 25 38 18 44 
34: 44 23 29 37 30 10 39 7 18 52 38 11 48 24 26 
35: 56 57 38 59 3 7 32 37 48 45 23 4 18 
36: 21 17 31 7 37 38 44 25 16 58 18 
37: 31 40 8 18 5 11 48 37 59 35 7 14 
38: 60 58 39 31 37 44 4 17 14 57 38 23 59 18 
39: 4 31 30 44 24 26 18 59 23 37 22 5 
40: 45 40 14 7 47 58 30 59 26 18 23 44 3 
41: 50 40 11 32 3 14 26 58 37 18 49 8 7 57 
42: 10 40 7 23 4 14 37 27 59 30 18 
43: 3 1 24 48 12 37 59 16 14 39 18 60 
44: 58 26 60 45 30 5 34 18 35 37 59 56 
45: 16 59 40 37 26 18 1 15 48 7 24 
46: 26 5 59 22 37 31 24 40 25 7 14 18 52 
47: 36 31 7 40 18 30 37 26 5 
48: 12 47 18 40 58 26 15 7 25 3 14 37 23 
49: 18 37 31 23 40 59 24 58 3 14 52 25 26 
50: 25 37 40 18 45 57 35 11 14 59 39 
51: 51 37 8 59 30 18 23 25 7 3 33 
52: 46 59 23 30 37 7 45 26 39 24 18 31 38 54 
53: 17 23 24 54 59 37 30 
54: 41 18 26 25 14 45 3 57 37 7 
55: 14 25 37 59 33 18 24 38 57 26 
56: 52 36 34 58 33 30 24 23 59 4 5 37 18 48 
57: 15 31 39 40 38 48 59 18 37 23 57 
58: 5 16 59 52 44 25 33 18 38 60 29 15 30 37 48 
59: 49 7 29 5 18 59 14 23 37 60 
60: 23 54 18 37 26 29 44 59 11 7 34 48 58 40 16 3 25 24 



Updated preference list above: can be reinput into program.
Duration_ModCreation_milliseconds: 189
Duration_GetSolution_milliseconds: 11
Duration_CollectRes_milliseconds: 0

RawResults: 
11 57 34 33 2 59 6 53 40 28 27 54 1 55 48 47 32 38 29 22 37 24 19 30 13 9 35 8 43 20 7 39 42 44 56 21 31 60 4 45 50 10 3 58 16 26 36 12 18 25 51 46 17 41 14 52 15 5 49 23 

Duration_Total_milliseconds: 564

exitCode 0
code/Main_GS completed
