// General stats
numRotations: 18
numStableMatchings: 30


// Rotations
rotation_0: (20, 84) (72, 15) (14, 34) (40, 74) (37, 42) 
rotProfileMen_0: -2 -1 1 0 -1 0 1 1 0 0 0 0 1 0 0 0 0 0 0 0 0 0 0 0 0 0 0 0 0 0 0 0 0 0 0 0 0 0 0 0 0 0 0 0 0 0 0 0 0 0 0 0 0 0 0 0 0 0 0 0 0 0 0 0 0 0 0 0 0 0 0 0 0 0 0 0 0 0 0 0 0 0 0 0 0 0 0 0 0 0 
rotProfileWomen_0: 0 0 0 0 1 0 0 0 0 0 0 0 0 0 0 0 0 0 0 0 0 0 -1 0 0 0 0 1 1 1 0 0 0 0 -1 0 0 0 0 0 0 0 0 0 0 -1 0 0 0 0 0 0 0 0 0 0 0 -1 0 0 0 1 0 -1 0 0 0 0 0 0 0 0 0 0 0 0 0 0 0 0 0 0 0 0 0 0 0 0 0 0 
rotProfileCombined_0: -2 -1 1 0 0 0 1 1 0 0 0 0 1 0 0 0 0 0 0 0 0 0 -1 0 0 0 0 1 1 1 0 0 0 0 -1 0 0 0 0 0 0 0 0 0 0 -1 0 0 0 0 0 0 0 0 0 0 0 -1 0 0 0 1 0 -1 0 0 0 0 0 0 0 0 0 0 0 0 0 0 0 0 0 0 0 0 0 0 0 0 0 0 
 --- 
rotation_1: (77, 25) (54, 22) 
rotProfileMen_1: 0 -1 0 0 -1 0 1 0 0 0 0 1 0 0 0 0 0 0 0 0 0 0 0 0 0 0 0 0 0 0 0 0 0 0 0 0 0 0 0 0 0 0 0 0 0 0 0 0 0 0 0 0 0 0 0 0 0 0 0 0 0 0 0 0 0 0 0 0 0 0 0 0 0 0 0 0 0 0 0 0 0 0 0 0 0 0 0 0 0 0 
rotProfileWomen_1: 0 0 0 0 0 0 0 0 0 0 0 0 0 0 0 0 1 0 0 0 0 0 0 0 0 0 0 0 0 0 0 -1 0 0 0 0 0 0 0 0 0 0 1 0 0 0 0 0 0 0 0 0 0 0 0 0 0 0 0 0 0 0 0 -1 0 0 0 0 0 0 0 0 0 0 0 0 0 0 0 0 0 0 0 0 0 0 0 0 0 0 
rotProfileCombined_1: 0 -1 0 0 -1 0 1 0 0 0 0 1 0 0 0 0 1 0 0 0 0 0 0 0 0 0 0 0 0 0 0 -1 0 0 0 0 0 0 0 0 0 0 1 0 0 0 0 0 0 0 0 0 0 0 0 0 0 0 0 0 0 0 0 -1 0 0 0 0 0 0 0 0 0 0 0 0 0 0 0 0 0 0 0 0 0 0 0 0 0 0 
 --- 
rotation_2: (37, 84) (30, 81) (50, 85) (66, 31) (21, 10) (58, 47) (26, 20) 
rotProfileMen_2: -1 -1 0 -1 -1 2 1 -2 0 0 0 0 1 0 0 0 0 0 0 0 0 0 1 1 0 0 0 0 0 0 0 0 0 0 0 0 0 0 0 0 0 0 0 0 0 0 0 0 0 0 0 0 0 0 0 0 0 0 0 0 0 0 0 0 0 0 0 0 0 0 0 0 0 0 0 0 0 0 0 0 0 0 0 0 0 0 0 0 0 0 
rotProfileWomen_2: 0 0 1 1 0 0 1 0 0 0 0 -1 1 0 -1 0 0 0 0 0 -1 0 1 0 0 0 1 -1 0 0 0 0 0 0 0 0 0 0 -1 0 0 0 0 0 0 0 0 0 0 0 0 0 0 0 0 0 0 1 0 0 0 -1 0 0 0 -1 0 0 0 0 0 0 0 0 0 0 0 0 0 0 0 0 0 0 0 0 0 0 0 0 
rotProfileCombined_2: -1 -1 1 0 -1 2 2 -2 0 0 0 -1 2 0 -1 0 0 0 0 0 -1 0 2 1 0 0 1 -1 0 0 0 0 0 0 0 0 0 0 -1 0 0 0 0 0 0 0 0 0 0 0 0 0 0 0 0 0 0 1 0 0 0 -1 0 0 0 -1 0 0 0 0 0 0 0 0 0 0 0 0 0 0 0 0 0 0 0 0 0 0 0 0 
 --- 
rotation_3: (16, 29) (14, 74) (85, 71) (69, 56) 
rotProfileMen_3: -1 1 -1 1 -1 0 0 0 0 0 0 0 -1 1 0 0 0 0 0 0 0 0 0 0 0 1 0 0 0 0 0 0 0 0 0 0 0 0 0 0 0 0 0 0 0 0 0 0 0 0 0 0 0 0 0 0 0 0 0 0 0 0 0 0 0 0 0 0 0 0 0 0 0 0 0 0 0 0 0 0 0 0 0 0 0 0 0 0 0 0 
rotProfileWomen_3: 1 0 0 0 -1 0 0 1 -1 0 1 0 0 0 0 0 -1 0 0 0 0 0 0 0 0 0 0 0 0 0 0 0 0 0 0 0 0 0 1 -1 0 0 0 0 0 0 0 0 0 0 0 0 0 0 0 0 0 0 0 0 0 0 0 0 0 0 0 0 0 0 0 0 0 0 0 0 0 0 0 0 0 0 0 0 0 0 0 0 0 0 
rotProfileCombined_3: 0 1 -1 1 -2 0 0 1 -1 0 1 0 -1 1 0 0 -1 0 0 0 0 0 0 0 0 1 0 0 0 0 0 0 0 0 0 0 0 0 1 -1 0 0 0 0 0 0 0 0 0 0 0 0 0 0 0 0 0 0 0 0 0 0 0 0 0 0 0 0 0 0 0 0 0 0 0 0 0 0 0 0 0 0 0 0 0 0 0 0 0 0 
 --- 
rotation_4: (25, 45) (69, 29) (62, 64) 
rotProfileMen_4: -1 -1 2 -1 0 1 0 0 0 0 0 0 0 0 0 0 0 0 0 0 0 0 0 0 0 0 0 0 0 0 0 0 0 0 0 0 0 0 0 0 0 0 0 0 0 0 0 0 0 0 0 0 0 0 0 0 0 0 0 0 0 0 0 0 0 0 0 0 0 0 0 0 0 0 0 0 0 0 0 0 0 0 0 0 0 0 0 0 0 0 
rotProfileWomen_4: 0 0 0 0 2 0 0 0 0 -1 0 0 0 0 0 0 0 0 0 0 0 0 0 0 0 0 0 0 0 0 0 1 0 0 0 0 0 0 -1 0 0 0 0 0 0 0 0 0 0 -1 0 0 0 0 0 0 0 0 0 0 0 0 0 0 0 0 0 0 0 0 0 0 0 0 0 0 0 0 0 0 0 0 0 0 0 0 0 0 0 0 
rotProfileCombined_4: -1 -1 2 -1 2 1 0 0 0 -1 0 0 0 0 0 0 0 0 0 0 0 0 0 0 0 0 0 0 0 0 0 1 0 0 0 0 0 0 -1 0 0 0 0 0 0 0 0 0 0 -1 0 0 0 0 0 0 0 0 0 0 0 0 0 0 0 0 0 0 0 0 0 0 0 0 0 0 0 0 0 0 0 0 0 0 0 0 0 0 0 0 
 --- 
rotation_5: (21, 47) (52, 38) (87, 62) (10, 86) 
rotProfileMen_5: 0 -1 0 0 -1 -1 0 0 0 0 1 0 0 0 0 0 1 0 1 0 0 0 0 0 0 0 0 0 0 0 0 0 0 0 0 0 0 0 0 0 0 0 0 0 0 0 0 0 0 0 0 0 0 0 0 0 0 0 0 0 0 0 0 0 0 0 0 0 0 0 0 0 0 0 0 0 0 0 0 0 0 0 0 0 0 0 0 0 0 0 
rotProfileWomen_5: 0 0 0 0 0 0 0 0 1 0 0 0 0 -1 1 0 0 0 0 0 0 0 0 1 1 0 -1 0 0 0 0 0 0 0 0 -1 0 0 0 0 0 0 0 0 0 0 0 0 0 0 0 0 0 0 0 0 0 0 0 0 -1 0 0 0 0 0 0 0 0 0 0 0 0 0 0 0 0 0 0 0 0 0 0 0 0 0 0 0 0 0 
rotProfileCombined_5: 0 -1 0 0 -1 -1 0 0 1 0 1 0 0 -1 1 0 1 0 1 0 0 0 0 1 1 0 -1 0 0 0 0 0 0 0 0 -1 0 0 0 0 0 0 0 0 0 0 0 0 0 0 0 0 0 0 0 0 0 0 0 0 -1 0 0 0 0 0 0 0 0 0 0 0 0 0 0 0 0 0 0 0 0 0 0 0 0 0 0 0 0 0 
 --- 
rotation_6: (26, 84) (8, 14) (10, 47) (20, 15) (15, 1) (41, 50) (22, 75) 
rotProfileMen_6: 0 -1 -3 0 0 -1 0 0 0 2 0 1 1 0 0 0 0 1 -1 1 0 0 0 0 0 0 0 0 0 0 0 0 0 0 0 0 0 0 0 0 0 0 0 0 0 0 0 0 0 0 0 0 0 0 0 0 0 0 0 0 0 0 0 0 0 0 0 0 0 0 0 0 0 0 0 0 0 0 0 0 0 0 0 0 0 0 0 0 0 0 
rotProfileWomen_6: 0 0 0 0 0 0 0 0 0 1 1 0 0 0 1 0 0 0 0 0 0 1 0 0 -1 0 0 0 -1 0 0 1 0 0 0 0 0 0 0 -1 0 -1 0 0 0 0 0 0 0 0 0 0 0 0 0 0 0 -1 0 0 0 0 0 0 0 0 0 0 0 0 0 0 0 0 0 0 0 0 0 0 0 0 0 0 0 0 0 0 0 0 
rotProfileCombined_6: 0 -1 -3 0 0 -1 0 0 0 3 1 1 1 0 1 0 0 1 -1 1 0 1 0 0 -1 0 0 0 -1 0 0 1 0 0 0 0 0 0 0 -1 0 -1 0 0 0 0 0 0 0 0 0 0 0 0 0 0 0 -1 0 0 0 0 0 0 0 0 0 0 0 0 0 0 0 0 0 0 0 0 0 0 0 0 0 0 0 0 0 0 0 0 
 --- 
rotation_7: (43, 57) (20, 1) 
rotProfileMen_7: -1 1 0 0 0 0 0 0 0 0 0 0 -1 0 0 0 0 0 1 0 0 0 0 0 0 0 0 0 0 0 0 0 0 0 0 0 0 0 0 0 0 0 0 0 0 0 0 0 0 0 0 0 0 0 0 0 0 0 0 0 0 0 0 0 0 0 0 0 0 0 0 0 0 0 0 0 0 0 0 0 0 0 0 0 0 0 0 0 0 0 
rotProfileWomen_7: 0 0 0 0 0 0 0 0 0 1 0 0 0 0 0 0 0 0 0 0 0 -1 0 0 0 0 0 0 0 0 0 1 0 0 0 0 0 0 0 0 0 0 0 0 0 0 0 0 0 0 0 0 0 0 0 0 0 0 0 0 0 0 0 0 0 0 0 0 0 0 0 0 0 0 0 0 0 0 0 0 0 0 0 0 -1 0 0 0 0 0 
rotProfileCombined_7: -1 1 0 0 0 0 0 0 0 1 0 0 -1 0 0 0 0 0 1 0 0 -1 0 0 0 0 0 0 0 0 0 1 0 0 0 0 0 0 0 0 0 0 0 0 0 0 0 0 0 0 0 0 0 0 0 0 0 0 0 0 0 0 0 0 0 0 0 0 0 0 0 0 0 0 0 0 0 0 0 0 0 0 0 0 -1 0 0 0 0 0 
 --- 
rotation_8: (1, 77) (40, 42) (28, 36) (18, 3) (87, 86) (77, 22) (83, 21) (61, 89) (59, 87) (6, 60) (71, 68) (3, 52) (90, 44) (49, 79) 
rotProfileMen_8: -2 -2 -1 1 0 -3 -1 3 0 0 1 -1 0 1 0 0 0 1 0 0 0 0 1 1 0 0 0 0 0 0 0 0 0 0 0 0 1 0 0 0 0 0 0 0 0 0 0 0 0 0 0 0 0 0 0 0 0 0 0 0 0 0 0 0 0 0 0 0 0 0 0 0 0 0 0 0 0 0 0 0 0 0 0 0 0 0 0 0 0 0 
rotProfileWomen_8: 1 0 1 0 1 0 0 0 0 0 0 0 0 0 -1 2 0 1 1 0 -1 0 0 -1 -1 1 1 0 0 -1 0 -1 0 0 0 0 0 0 0 0 0 0 -2 0 0 0 0 0 0 0 0 0 0 -1 0 0 0 1 -1 0 0 0 0 0 0 1 0 0 0 0 0 0 -1 0 0 0 0 0 0 0 0 0 0 0 0 0 0 0 0 0 
rotProfileCombined_8: -1 -2 0 1 1 -3 -1 3 0 0 1 -1 0 1 -1 2 0 2 1 0 -1 0 1 0 -1 1 1 0 0 -1 0 -1 0 0 0 0 1 0 0 0 0 0 -2 0 0 0 0 0 0 0 0 0 0 -1 0 0 0 1 -1 0 0 0 0 0 0 1 0 0 0 0 0 0 -1 0 0 0 0 0 0 0 0 0 0 0 0 0 0 0 0 0 
 --- 
rotation_9: (9, 27) (35, 8) (11, 35) (72, 34) (29, 23) (28, 3) (64, 72) 
rotProfileMen_9: -3 -1 0 0 0 -1 2 1 0 1 -1 0 1 0 0 0 0 0 0 1 0 0 0 0 0 0 0 0 0 0 0 0 0 0 0 0 0 0 0 0 0 0 0 0 0 0 0 0 0 0 0 0 0 0 0 0 0 0 0 0 0 0 0 0 0 0 0 0 0 0 0 0 0 0 0 0 0 0 0 0 0 0 0 0 0 0 0 0 0 0 
rotProfileWomen_9: 0 0 0 0 0 2 0 1 1 0 0 0 0 0 0 -1 0 -1 -1 1 1 0 0 0 0 0 0 0 -1 0 0 0 0 0 0 0 0 -1 0 -1 0 0 0 0 0 0 0 0 0 0 0 0 0 0 0 0 0 0 0 0 0 0 0 0 0 0 0 0 0 0 0 0 0 0 0 0 0 0 0 0 0 0 0 0 0 0 0 0 0 0 
rotProfileCombined_9: -3 -1 0 0 0 1 2 2 1 1 -1 0 1 0 0 -1 0 -1 -1 2 1 0 0 0 0 0 0 0 -1 0 0 0 0 0 0 0 0 -1 0 -1 0 0 0 0 0 0 0 0 0 0 0 0 0 0 0 0 0 0 0 0 0 0 0 0 0 0 0 0 0 0 0 0 0 0 0 0 0 0 0 0 0 0 0 0 0 0 0 0 0 0 
 --- 
rotation_10: (27, 32) (42, 39) 
rotProfileMen_10: 0 0 -1 -1 0 0 0 0 0 0 0 0 0 1 0 0 0 0 0 0 0 0 0 0 0 0 0 0 1 0 0 0 0 0 0 0 0 0 0 0 0 0 0 0 0 0 0 0 0 0 0 0 0 0 0 0 0 0 0 0 0 0 0 0 0 0 0 0 0 0 0 0 0 0 0 0 0 0 0 0 0 0 0 0 0 0 0 0 0 0 
rotProfileWomen_10: 0 0 1 0 0 0 0 0 1 0 0 0 0 0 0 0 0 0 0 0 0 0 0 0 0 0 -1 -1 0 0 0 0 0 0 0 0 0 0 0 0 0 0 0 0 0 0 0 0 0 0 0 0 0 0 0 0 0 0 0 0 0 0 0 0 0 0 0 0 0 0 0 0 0 0 0 0 0 0 0 0 0 0 0 0 0 0 0 0 0 0 
rotProfileCombined_10: 0 0 0 -1 0 0 0 0 1 0 0 0 0 1 0 0 0 0 0 0 0 0 0 0 0 0 -1 -1 1 0 0 0 0 0 0 0 0 0 0 0 0 0 0 0 0 0 0 0 0 0 0 0 0 0 0 0 0 0 0 0 0 0 0 0 0 0 0 0 0 0 0 0 0 0 0 0 0 0 0 0 0 0 0 0 0 0 0 0 0 0 
 --- 
rotation_11: (3, 44) (33, 53) (64, 27) (83, 89) (5, 11) (15, 50) (52, 62) (7, 51) (41, 75) 
rotProfileMen_11: -1 0 0 -1 0 0 -1 0 1 -1 0 1 0 0 0 0 0 -1 1 0 0 0 -1 0 0 0 0 1 0 0 0 0 0 0 0 0 -1 0 0 1 2 0 0 0 0 0 0 0 0 0 0 0 0 0 0 0 0 0 0 0 0 0 0 0 0 0 0 0 0 0 0 0 0 0 0 0 0 0 0 0 0 0 0 0 0 0 0 0 0 0 
rotProfileWomen_11: 0 1 1 1 0 0 0 0 0 0 0 1 0 0 0 1 0 1 0 0 -1 0 -1 -1 0 0 0 -1 0 -1 0 -1 0 0 0 0 0 0 0 0 0 0 0 0 0 0 0 0 0 0 0 0 0 0 1 0 0 0 0 0 0 0 0 0 0 -1 0 0 0 0 0 0 0 0 0 0 0 0 0 0 0 0 0 0 0 0 0 0 0 0 
rotProfileCombined_11: -1 1 1 0 0 0 -1 0 1 -1 0 2 0 0 0 1 0 0 1 0 -1 0 -2 -1 0 0 0 0 0 -1 0 -1 0 0 0 0 -1 0 0 1 2 0 0 0 0 0 0 0 0 0 0 0 0 0 1 0 0 0 0 0 0 0 0 0 0 -1 0 0 0 0 0 0 0 0 0 0 0 0 0 0 0 0 0 0 0 0 0 0 0 0 
 --- 
rotation_12: (55, 63) (51, 28) (7, 75) (61, 87) 
rotProfileMen_12: -1 -1 0 0 1 0 0 -1 0 0 0 0 0 0 0 0 1 0 0 0 0 0 0 0 0 0 0 0 0 0 0 0 0 0 1 0 0 0 0 0 -1 0 0 0 0 0 0 0 0 0 0 0 0 1 0 0 0 0 0 0 0 0 0 0 0 0 0 0 0 0 0 0 0 0 0 0 0 0 0 0 0 0 0 0 0 0 0 0 0 0 
rotProfileWomen_12: 0 0 1 0 0 0 0 0 0 0 0 -1 0 0 1 -1 0 1 0 0 0 -1 0 0 0 0 0 0 0 0 0 0 0 0 0 0 0 0 0 0 0 0 0 0 0 0 1 0 0 0 0 0 0 0 0 0 0 -1 0 0 0 0 0 0 0 0 0 0 0 0 0 0 0 0 0 0 0 0 0 0 0 0 0 0 0 0 0 0 0 0 
rotProfileCombined_12: -1 -1 1 0 1 0 0 -1 0 0 0 -1 0 0 1 -1 1 1 0 0 0 -1 0 0 0 0 0 0 0 0 0 0 0 0 1 0 0 0 0 0 -1 0 0 0 0 0 1 0 0 0 0 0 0 1 0 0 0 -1 0 0 0 0 0 0 0 0 0 0 0 0 0 0 0 0 0 0 0 0 0 0 0 0 0 0 0 0 0 0 0 0 
 --- 
rotation_13: (87, 22) (10, 15) (41, 44) (46, 18) (39, 90) (7, 87) (28, 72) (84, 41) (79, 70) (9, 8) (54, 25) (59, 60) (43, 1) 
rotProfileMen_13: -1 -1 -1 0 0 0 -1 -1 0 0 1 0 0 -1 1 0 0 1 1 -1 0 0 0 1 0 0 0 0 1 0 0 0 0 1 0 0 0 0 0 -1 0 1 0 0 0 0 0 0 0 0 0 0 0 -1 0 0 0 0 0 1 0 0 0 0 0 0 0 0 0 0 0 0 0 0 0 0 0 0 0 0 0 0 0 0 0 0 0 0 0 0 
rotProfileWomen_13: 2 0 1 2 1 1 0 0 -2 0 0 0 -1 1 -1 -1 -1 0 0 0 0 0 0 0 0 0 0 -1 0 0 0 0 0 0 1 0 0 0 -1 0 0 0 0 0 0 0 -1 0 0 0 0 0 1 0 -1 0 0 0 0 0 0 0 0 0 0 0 0 0 0 0 0 0 0 0 0 0 0 0 0 0 0 0 0 0 0 0 0 0 0 0 
rotProfileCombined_13: 1 -1 0 2 1 1 -1 -1 -2 0 1 0 -1 0 0 -1 -1 1 1 -1 0 0 0 1 0 0 0 -1 1 0 0 0 0 1 1 0 0 0 -1 -1 0 1 0 0 0 0 -1 0 0 0 0 0 1 -1 -1 0 0 0 0 1 0 0 0 0 0 0 0 0 0 0 0 0 0 0 0 0 0 0 0 0 0 0 0 0 0 0 0 0 0 0 
 --- 
rotation_14: (61, 63) (25, 29) (88, 83) (40, 36) (71, 52) (43, 22) (18, 86) (10, 44) 
rotProfileMen_14: -1 0 -2 0 0 0 1 0 1 1 -1 0 0 0 0 1 -1 0 0 0 1 0 -1 0 0 0 1 0 0 0 0 0 0 -1 0 0 1 0 0 0 0 0 0 0 0 0 0 0 0 0 0 0 0 0 0 0 0 0 0 0 0 0 0 0 0 0 0 0 0 0 0 0 0 0 0 0 0 0 0 0 0 0 0 0 0 0 0 0 0 0 
rotProfileWomen_14: 0 1 0 0 0 2 0 0 0 0 1 2 0 -1 -1 0 0 -1 0 0 0 2 0 0 0 0 -1 -1 0 0 0 -1 0 0 -1 0 0 0 0 0 0 0 0 0 0 0 0 0 0 0 0 0 -1 0 0 0 0 0 0 0 0 0 0 0 0 0 0 0 0 0 0 0 0 0 0 0 0 0 0 0 0 0 0 0 0 0 0 0 0 0 
rotProfileCombined_14: -1 1 -2 0 0 2 1 0 1 1 0 2 0 -1 -1 1 -1 -1 0 0 1 2 -1 0 0 0 0 -1 0 0 0 -1 0 -1 -1 0 1 0 0 0 0 0 0 0 0 0 0 0 0 0 0 0 -1 0 0 0 0 0 0 0 0 0 0 0 0 0 0 0 0 0 0 0 0 0 0 0 0 0 0 0 0 0 0 0 0 0 0 0 0 0 
 --- 
rotation_15: (50, 31) (55, 28) 
rotProfileMen_15: 0 0 0 0 0 0 0 0 0 0 0 0 0 0 0 0 0 0 0 0 0 0 -1 0 0 0 0 1 0 0 0 0 0 0 -1 0 0 0 0 0 0 0 0 0 0 1 0 0 0 0 0 0 0 0 0 0 0 0 0 0 0 0 0 0 0 0 0 0 0 0 0 0 0 0 0 0 0 0 0 0 0 0 0 0 0 0 0 0 0 0 
rotProfileWomen_15: 0 0 0 0 0 0 0 0 1 0 0 0 0 0 0 1 0 -1 0 0 0 0 -1 0 0 0 0 0 0 0 0 0 0 0 0 0 0 0 0 0 0 0 0 0 0 0 0 0 0 0 0 0 0 0 0 0 0 0 0 0 0 0 0 0 0 0 0 0 0 0 0 0 0 0 0 0 0 0 0 0 0 0 0 0 0 0 0 0 0 0 
rotProfileCombined_15: 0 0 0 0 0 0 0 0 1 0 0 0 0 0 0 1 0 -1 0 0 0 0 -2 0 0 0 0 1 0 0 0 0 0 0 -1 0 0 0 0 0 0 0 0 0 0 1 0 0 0 0 0 0 0 0 0 0 0 0 0 0 0 0 0 0 0 0 0 0 0 0 0 0 0 0 0 0 0 0 0 0 0 0 0 0 0 0 0 0 0 0 
 --- 
rotation_16: (3, 53) (10, 63) (21, 38) (55, 31) 
rotProfileMen_16: 0 0 0 0 0 0 0 0 0 0 0 0 0 0 0 -1 0 0 0 0 0 0 0 1 0 0 0 0 0 0 0 0 0 0 0 0 -1 0 1 0 -1 0 0 1 0 -1 0 0 0 0 0 0 1 0 0 0 0 0 0 0 0 0 0 0 0 0 0 0 0 0 0 0 0 0 0 0 0 0 0 0 0 0 0 0 0 0 0 0 0 0 
rotProfileWomen_16: 1 0 1 0 1 0 0 1 -1 0 0 -1 0 0 0 -2 0 0 0 0 0 0 0 0 0 0 0 0 0 0 0 0 0 0 0 0 0 0 0 0 0 0 0 0 0 0 0 0 0 0 0 0 0 0 0 0 0 0 0 0 0 0 0 0 0 0 0 0 0 0 0 0 0 0 0 0 0 0 0 0 0 0 0 0 0 0 0 0 0 0 
rotProfileCombined_16: 1 0 1 0 1 0 0 1 -1 0 0 -1 0 0 0 -3 0 0 0 0 0 0 0 1 0 0 0 0 0 0 0 0 0 0 0 0 -1 0 1 0 -1 0 0 1 0 -1 0 0 0 0 0 0 1 0 0 0 0 0 0 0 0 0 0 0 0 0 0 0 0 0 0 0 0 0 0 0 0 0 0 0 0 0 0 0 0 0 0 0 0 0 
 --- 
rotation_17: (68, 88) (80, 26) 
rotProfileMen_17: 0 0 -1 0 0 0 0 0 0 1 0 0 -1 0 0 0 0 0 0 1 0 0 0 0 0 0 0 0 0 0 0 0 0 0 0 0 0 0 0 0 0 0 0 0 0 0 0 0 0 0 0 0 0 0 0 0 0 0 0 0 0 0 0 0 0 0 0 0 0 0 0 0 0 0 0 0 0 0 0 0 0 0 0 0 0 0 0 0 0 0 
rotProfileWomen_17: 0 0 1 0 0 0 0 1 -2 0 0 0 0 0 0 0 0 0 0 0 0 0 0 0 0 0 0 0 0 0 0 0 0 0 0 0 0 0 0 0 0 0 0 0 0 0 0 0 0 0 0 0 0 0 0 0 0 0 0 0 0 0 0 0 0 0 0 0 0 0 0 0 0 0 0 0 0 0 0 0 0 0 0 0 0 0 0 0 0 0 
rotProfileCombined_17: 0 0 0 0 0 0 0 1 -2 1 0 0 -1 0 0 0 0 0 0 1 0 0 0 0 0 0 0 0 0 0 0 0 0 0 0 0 0 0 0 0 0 0 0 0 0 0 0 0 0 0 0 0 0 0 0 0 0 0 0 0 0 0 0 0 0 0 0 0 0 0 0 0 0 0 0 0 0 0 0 0 0 0 0 0 0 0 0 0 0 0 
 --- 


// Stable matchings
// found using rotations not digraph

optimal_stable_matchings: 
rank-maximal_index: 0
generous_index: 15
sex_equal_index: 26
egalitarian_index: 22
generalisedMedian_index: 11

stable_matching_list:
77 46 52 58 11 60 51 14 27 86 35 17 9 34 1 29 30 3 12 84 10 75 43 55 45 20 32 36 23 81 7 40 53 5 8 24 42 59 90 74 50 39 57 54 82 18 16 66 79 85 28 38 19 22 63 4 33 47 87 6 89 64 76 72 69 31 67 88 56 73 68 15 78 49 65 2 25 61 70 26 80 13 21 41 71 48 62 83 37 44 
77 46 52 58 11 60 51 14 27 86 35 17 9 74 1 29 30 3 12 15 10 75 43 55 45 20 32 36 23 81 7 40 53 5 8 24 84 59 90 42 50 39 57 54 82 18 16 66 79 85 28 38 19 22 63 4 33 47 87 6 89 64 76 72 69 31 67 88 56 73 68 34 78 49 65 2 25 61 70 26 80 13 21 41 71 48 62 83 37 44 
77 46 52 58 11 60 51 14 27 86 35 17 9 74 1 29 30 3 12 15 10 75 43 55 45 20 32 36 23 81 7 40 53 5 8 24 84 59 90 42 50 39 57 54 82 18 16 66 79 85 28 38 19 25 63 4 33 47 87 6 89 64 76 72 69 31 67 88 56 73 68 34 78 49 65 2 22 61 70 26 80 13 21 41 71 48 62 83 37 44 
77 46 52 58 11 60 51 14 27 86 35 17 9 71 1 74 30 3 12 15 10 75 43 55 45 20 32 36 23 81 7 40 53 5 8 24 84 59 90 42 50 39 57 54 82 18 16 66 79 85 28 38 19 25 63 4 33 47 87 6 89 64 76 72 69 31 67 88 29 73 68 34 78 49 65 2 22 61 70 26 80 13 21 41 56 48 62 83 37 44 
77 46 52 58 11 60 51 14 27 86 35 17 9 71 1 74 30 3 12 15 10 75 43 55 29 20 32 36 23 81 7 40 53 5 8 24 84 59 90 42 50 39 57 54 82 18 16 66 79 85 28 38 19 25 63 4 33 47 87 6 89 45 76 72 69 31 67 88 64 73 68 34 78 49 65 2 22 61 70 26 80 13 21 41 56 48 62 83 37 44 
77 46 52 58 11 60 51 14 27 86 35 17 9 74 1 29 30 3 12 15 47 75 43 55 45 84 32 36 23 85 7 40 53 5 8 24 81 59 90 42 50 39 57 54 82 18 16 66 79 31 28 38 19 25 63 4 33 20 87 6 89 64 76 72 69 10 67 88 56 73 68 34 78 49 65 2 22 61 70 26 80 13 21 41 71 48 62 83 37 44 
77 46 52 58 11 60 51 14 27 86 35 17 9 71 1 74 30 3 12 15 47 75 43 55 45 84 32 36 23 85 7 40 53 5 8 24 81 59 90 42 50 39 57 54 82 18 16 66 79 31 28 38 19 25 63 4 33 20 87 6 89 64 76 72 69 10 67 88 29 73 68 34 78 49 65 2 22 61 70 26 80 13 21 41 56 48 62 83 37 44 
77 46 52 58 11 60 51 14 27 86 35 17 9 71 1 74 30 3 12 15 47 75 43 55 29 84 32 36 23 85 7 40 53 5 8 24 81 59 90 42 50 39 57 54 82 18 16 66 79 31 28 38 19 25 63 4 33 20 87 6 89 45 76 72 69 10 67 88 64 73 68 34 78 49 65 2 22 61 70 26 80 13 21 41 56 48 62 83 37 44 
77 46 52 58 11 60 51 14 27 47 35 17 9 71 1 74 30 3 12 15 38 75 43 55 29 84 32 36 23 85 7 40 53 5 8 24 81 59 90 42 50 39 57 54 82 18 16 66 79 31 28 62 19 25 63 4 33 20 87 6 89 45 76 72 69 10 67 88 64 73 68 34 78 49 65 2 22 61 70 26 80 13 21 41 56 48 86 83 37 44 
77 46 52 58 11 60 51 47 27 15 35 17 9 71 50 74 30 3 12 1 38 84 43 55 29 14 32 36 23 85 7 40 53 5 8 24 81 59 90 42 75 39 57 54 82 18 16 66 79 31 28 62 19 25 63 4 33 20 87 6 89 45 76 72 69 10 67 88 64 73 68 34 78 49 65 2 22 61 70 26 80 13 21 41 56 48 86 83 37 44 
77 46 52 58 11 60 51 47 27 15 35 17 9 71 50 74 30 3 12 57 38 84 43 55 29 14 32 36 23 85 7 40 53 5 8 24 81 59 90 42 75 39 1 54 82 18 16 66 79 31 28 62 19 25 63 4 33 20 87 6 89 45 76 72 69 10 67 88 64 73 68 34 78 49 65 2 22 61 70 26 80 13 21 41 56 48 86 83 37 44 
42 46 44 58 11 68 51 47 27 15 35 17 9 71 50 74 30 86 12 57 38 84 43 55 29 14 32 3 23 85 7 40 53 5 8 24 81 59 90 36 75 39 1 54 82 18 16 66 77 31 28 62 19 25 63 4 33 20 60 6 87 45 76 72 69 10 67 88 64 73 52 34 78 49 65 2 21 61 70 26 80 13 89 41 56 48 22 83 37 79 
42 46 44 58 11 68 51 47 8 15 34 17 9 71 50 74 30 86 12 57 38 84 43 55 29 14 32 72 3 85 7 40 53 5 35 24 81 59 90 36 75 39 1 54 82 18 16 66 77 31 28 62 19 25 63 4 33 20 60 6 87 45 76 27 69 10 67 88 64 73 52 23 78 49 65 2 21 61 70 26 80 13 89 41 56 48 22 83 37 79 
42 46 44 58 11 68 51 47 8 15 34 17 9 71 50 74 30 86 12 57 38 84 43 55 29 14 39 72 3 85 7 40 53 5 35 24 81 59 90 36 75 32 1 54 82 18 16 66 77 31 28 62 19 25 63 4 33 20 60 6 87 45 76 27 69 10 67 88 64 73 52 23 78 49 65 2 21 61 70 26 80 13 89 41 56 48 22 83 37 79 
42 46 53 58 50 68 75 47 8 15 34 17 9 71 62 74 30 86 12 57 38 84 43 55 29 14 39 72 3 85 7 40 27 5 35 24 81 59 90 36 44 32 1 54 82 18 16 66 77 31 28 51 19 25 63 4 33 20 60 6 87 45 76 89 69 10 67 88 64 73 52 23 78 49 65 2 21 61 70 26 80 13 11 41 56 48 22 83 37 79 
42 46 53 58 50 68 87 47 8 15 34 17 9 71 62 74 30 86 12 57 38 84 43 55 29 14 39 72 3 85 7 40 27 5 35 24 81 59 90 36 44 32 1 54 82 18 16 66 77 31 75 51 19 25 28 4 33 20 60 6 63 45 76 89 69 10 67 88 64 73 52 23 78 49 65 2 21 61 70 26 80 13 11 41 56 48 22 83 37 79 
42 46 53 58 50 68 72 47 25 44 34 17 9 71 62 74 30 86 12 57 38 84 43 55 29 14 39 41 3 85 7 40 27 5 35 24 81 59 87 36 18 32 22 54 82 90 16 66 77 31 75 51 19 60 28 4 33 20 1 6 63 45 76 89 69 10 67 88 64 73 52 23 78 49 65 2 21 61 8 26 80 13 11 70 56 48 15 83 37 79 
42 46 53 58 50 68 72 47 25 44 34 17 9 71 62 74 30 86 12 57 38 84 43 55 29 14 39 41 3 85 7 40 27 5 35 24 81 59 87 36 18 32 22 54 82 90 16 66 77 28 75 51 19 60 31 4 33 20 1 6 63 45 76 89 69 10 67 88 64 73 52 23 78 49 65 2 21 61 8 26 80 13 11 70 56 48 15 83 37 79 
42 46 53 58 50 68 72 47 25 44 34 17 9 71 62 74 30 86 12 57 38 84 43 55 29 14 39 41 3 85 7 40 27 5 35 24 81 59 87 36 18 32 22 54 82 90 16 66 77 28 75 51 19 60 31 4 33 20 1 6 63 45 76 89 69 10 67 26 64 73 52 23 78 49 65 2 21 61 8 88 80 13 11 70 56 48 15 83 37 79 
42 46 53 58 50 68 72 47 25 63 34 17 9 71 62 74 30 44 12 57 38 84 43 55 83 14 39 41 3 85 7 40 27 5 35 24 81 59 87 52 18 32 86 54 82 90 16 66 77 31 75 51 19 60 28 4 33 20 1 6 29 45 76 89 69 10 67 88 64 73 22 23 78 49 65 2 21 61 8 26 80 13 11 70 56 48 15 36 37 79 
42 46 53 58 50 68 72 47 25 63 34 17 9 71 62 74 30 44 12 57 38 84 43 55 83 14 39 41 3 85 7 40 27 5 35 24 81 59 87 52 18 32 86 54 82 90 16 66 77 28 75 51 19 60 31 4 33 20 1 6 29 45 76 89 69 10 67 88 64 73 22 23 78 49 65 2 21 61 8 26 80 13 11 70 56 48 15 36 37 79 
42 46 53 58 50 68 72 47 25 63 34 17 9 71 62 74 30 44 12 57 38 84 43 55 83 14 39 41 3 85 7 40 27 5 35 24 81 59 87 52 18 32 86 54 82 90 16 66 77 28 75 51 19 60 31 4 33 20 1 6 29 45 76 89 69 10 67 26 64 73 22 23 78 49 65 2 21 61 8 88 80 13 11 70 56 48 15 36 37 79 
42 46 63 58 50 68 72 47 25 38 34 17 9 71 62 74 30 44 12 57 31 84 43 55 83 14 39 41 3 85 7 40 27 5 35 24 81 59 87 52 18 32 86 54 82 90 16 66 77 28 75 51 19 60 53 4 33 20 1 6 29 45 76 89 69 10 67 88 64 73 22 23 78 49 65 2 21 61 8 26 80 13 11 70 56 48 15 36 37 79 
42 46 63 58 50 68 72 47 25 38 34 17 9 71 62 74 30 44 12 57 31 84 43 55 83 14 39 41 3 85 7 40 27 5 35 24 81 59 87 52 18 32 86 54 82 90 16 66 77 28 75 51 19 60 53 4 33 20 1 6 29 45 76 89 69 10 67 26 64 73 22 23 78 49 65 2 21 61 8 88 80 13 11 70 56 48 15 36 37 79 
42 46 53 58 50 68 72 47 25 63 34 17 9 71 62 74 30 44 12 57 38 84 43 55 83 14 39 41 3 85 7 40 27 5 35 24 81 59 87 52 18 32 86 54 82 90 16 66 77 31 75 51 19 60 28 4 33 20 1 6 29 45 76 89 69 10 67 26 64 73 22 23 78 49 65 2 21 61 8 88 80 13 11 70 56 48 15 36 37 79 
42 46 53 58 50 68 72 47 25 44 34 17 9 71 62 74 30 86 12 57 38 84 43 55 29 14 39 41 3 85 7 40 27 5 35 24 81 59 87 36 18 32 22 54 82 90 16 66 77 31 75 51 19 60 28 4 33 20 1 6 63 45 76 89 69 10 67 26 64 73 52 23 78 49 65 2 21 61 8 88 80 13 11 70 56 48 15 83 37 79 
42 46 53 58 50 68 87 47 8 15 34 17 9 71 62 74 30 86 12 57 38 84 43 55 29 14 39 72 3 85 7 40 27 5 35 24 81 59 90 36 44 32 1 54 82 18 16 66 77 28 75 51 19 25 31 4 33 20 60 6 63 45 76 89 69 10 67 88 64 73 52 23 78 49 65 2 21 61 70 26 80 13 11 41 56 48 22 83 37 79 
42 46 44 58 11 68 51 47 27 15 35 17 9 71 50 74 30 86 12 57 38 84 43 55 29 14 39 3 23 85 7 40 53 5 8 24 81 59 90 36 75 32 1 54 82 18 16 66 77 31 28 62 19 25 63 4 33 20 60 6 87 45 76 72 69 10 67 88 64 73 52 34 78 49 65 2 21 61 70 26 80 13 89 41 56 48 22 83 37 79 
77 46 52 58 11 60 51 14 27 86 35 17 9 71 1 74 30 3 12 15 10 75 43 55 45 20 32 36 23 81 7 40 53 5 8 24 84 59 90 42 50 39 57 54 82 18 16 66 79 85 28 38 19 22 63 4 33 47 87 6 89 64 76 72 69 31 67 88 29 73 68 34 78 49 65 2 25 61 70 26 80 13 21 41 56 48 62 83 37 44 
77 46 52 58 11 60 51 14 27 86 35 17 9 71 1 74 30 3 12 15 10 75 43 55 29 20 32 36 23 81 7 40 53 5 8 24 84 59 90 42 50 39 57 54 82 18 16 66 79 85 28 38 19 22 63 4 33 47 87 6 89 45 76 72 69 31 67 88 64 73 68 34 78 49 65 2 25 61 70 26 80 13 21 41 56 48 62 83 37 44 


matching_0: 77 46 52 58 11 60 51 14 27 86 35 17 9 34 1 29 30 3 12 84 10 75 43 55 45 20 32 36 23 81 7 40 53 5 8 24 42 59 90 74 50 39 57 54 82 18 16 66 79 85 28 38 19 22 63 4 33 47 87 6 89 64 76 72 69 31 67 88 56 73 68 15 78 49 65 2 25 61 70 26 80 13 21 41 71 48 62 83 37 44 
profileMen_0: 23 17 11 9 11 8 3 3 0 1 0 0 1 0 0 1 1 0 0 0 0 0 1 0 0 0 0 0 0 0 0 0 0 0 0 0 0 0 0 0 0 0 0 0 0 0 0 0 0 0 0 0 0 0 0 0 0 0 0 0 0 0 0 0 0 0 0 0 0 0 0 0 0 0 0 0 0 0 0 0 0 0 0 0 0 0 0 0 0 0 
profileWomen_0: 4 4 3 2 4 7 6 1 5 1 0 3 2 3 3 3 1 1 0 0 2 1 2 1 1 0 1 4 1 1 0 2 0 0 1 1 0 1 2 3 0 1 1 0 0 1 0 0 0 1 0 0 0 1 0 0 0 1 1 0 1 0 0 2 0 1 0 0 0 0 0 0 1 0 0 0 0 0 0 0 0 0 0 0 1 0 0 0 0 0 
profileCombined_0: 27 21 14 11 15 15 9 4 5 2 0 3 3 3 3 4 2 1 0 0 2 1 3 1 1 0 1 4 1 1 0 2 0 0 1 1 0 1 2 3 0 1 1 0 0 1 0 0 0 1 0 0 0 1 0 0 0 1 1 0 1 0 0 2 0 1 0 0 0 0 0 0 1 0 0 0 0 0 0 0 0 0 0 0 1 0 0 0 0 0 
costMen_0: 353
costWomen_0: 1921
costCombined_0: 2274
sexEquality_0: 1568

 --- 
matching_1: 77 46 52 58 11 60 51 14 27 86 35 17 9 74 1 29 30 3 12 15 10 75 43 55 45 20 32 36 23 81 7 40 53 5 8 24 84 59 90 42 50 39 57 54 82 18 16 66 79 85 28 38 19 22 63 4 33 47 87 6 89 64 76 72 69 31 67 88 56 73 68 34 78 49 65 2 25 61 70 26 80 13 21 41 71 48 62 83 37 44 
profileMen_1: 21 16 12 9 10 8 4 4 0 1 0 0 2 0 0 1 1 0 0 0 0 0 1 0 0 0 0 0 0 0 0 0 0 0 0 0 0 0 0 0 0 0 0 0 0 0 0 0 0 0 0 0 0 0 0 0 0 0 0 0 0 0 0 0 0 0 0 0 0 0 0 0 0 0 0 0 0 0 0 0 0 0 0 0 0 0 0 0 0 0 
profileWomen_1: 4 4 3 2 5 7 6 1 5 1 0 3 2 3 3 3 1 1 0 0 2 1 1 1 1 0 1 5 2 2 0 2 0 0 0 1 0 1 2 3 0 1 1 0 0 0 0 0 0 1 0 0 0 1 0 0 0 0 1 0 1 1 0 1 0 1 0 0 0 0 0 0 1 0 0 0 0 0 0 0 0 0 0 0 1 0 0 0 0 0 
profileCombined_1: 25 20 15 11 15 15 10 5 5 2 0 3 4 3 3 4 2 1 0 0 2 1 2 1 1 0 1 5 2 2 0 2 0 0 0 1 0 1 2 3 0 1 1 0 0 0 0 0 0 1 0 0 0 1 0 0 0 0 1 0 1 1 0 1 0 1 0 0 0 0 0 0 1 0 0 0 0 0 0 0 0 0 0 0 1 0 0 0 0 0 
costMen_1: 375
costWomen_1: 1849
costCombined_1: 2224
sexEquality_1: 1474

 --- 
matching_2: 77 46 52 58 11 60 51 14 27 86 35 17 9 74 1 29 30 3 12 15 10 75 43 55 45 20 32 36 23 81 7 40 53 5 8 24 84 59 90 42 50 39 57 54 82 18 16 66 79 85 28 38 19 25 63 4 33 47 87 6 89 64 76 72 69 31 67 88 56 73 68 34 78 49 65 2 22 61 70 26 80 13 21 41 71 48 62 83 37 44 
profileMen_2: 21 15 12 9 9 8 5 4 0 1 0 1 2 0 0 1 1 0 0 0 0 0 1 0 0 0 0 0 0 0 0 0 0 0 0 0 0 0 0 0 0 0 0 0 0 0 0 0 0 0 0 0 0 0 0 0 0 0 0 0 0 0 0 0 0 0 0 0 0 0 0 0 0 0 0 0 0 0 0 0 0 0 0 0 0 0 0 0 0 0 
profileWomen_2: 4 4 3 2 5 7 6 1 5 1 0 3 2 3 3 3 2 1 0 0 2 1 1 1 1 0 1 5 2 2 0 1 0 0 0 1 0 1 2 3 0 1 2 0 0 0 0 0 0 1 0 0 0 1 0 0 0 0 1 0 1 1 0 0 0 1 0 0 0 0 0 0 1 0 0 0 0 0 0 0 0 0 0 0 1 0 0 0 0 0 
profileCombined_2: 25 19 15 11 14 15 11 5 5 2 0 4 4 3 3 4 3 1 0 0 2 1 2 1 1 0 1 5 2 2 0 1 0 0 0 1 0 1 2 3 0 1 2 0 0 0 0 0 0 1 0 0 0 1 0 0 0 0 1 0 1 1 0 0 0 1 0 0 0 0 0 0 1 0 0 0 0 0 0 0 0 0 0 0 1 0 0 0 0 0 
costMen_2: 387
costWomen_2: 1813
costCombined_2: 2200
sexEquality_2: 1426

 --- 
matching_3: 77 46 52 58 11 60 51 14 27 86 35 17 9 71 1 74 30 3 12 15 10 75 43 55 45 20 32 36 23 81 7 40 53 5 8 24 84 59 90 42 50 39 57 54 82 18 16 66 79 85 28 38 19 25 63 4 33 47 87 6 89 64 76 72 69 31 67 88 29 73 68 34 78 49 65 2 22 61 70 26 80 13 21 41 56 48 62 83 37 44 
profileMen_3: 20 16 11 10 8 8 5 4 0 1 0 1 1 1 0 1 1 0 0 0 0 0 1 0 0 1 0 0 0 0 0 0 0 0 0 0 0 0 0 0 0 0 0 0 0 0 0 0 0 0 0 0 0 0 0 0 0 0 0 0 0 0 0 0 0 0 0 0 0 0 0 0 0 0 0 0 0 0 0 0 0 0 0 0 0 0 0 0 0 0 
profileWomen_3: 5 4 3 2 4 7 6 2 4 1 1 3 2 3 3 3 1 1 0 0 2 1 1 1 1 0 1 5 2 2 0 1 0 0 0 1 0 1 3 2 0 1 2 0 0 0 0 0 0 1 0 0 0 1 0 0 0 0 1 0 1 1 0 0 0 1 0 0 0 0 0 0 1 0 0 0 0 0 0 0 0 0 0 0 1 0 0 0 0 0 
profileCombined_3: 25 20 14 12 12 15 11 6 4 2 1 4 3 4 3 4 2 1 0 0 2 1 2 1 1 1 1 5 2 2 0 1 0 0 0 1 0 1 3 2 0 1 2 0 0 0 0 0 0 1 0 0 0 1 0 0 0 0 1 0 1 1 0 0 0 1 0 0 0 0 0 0 1 0 0 0 0 0 0 0 0 0 0 0 1 0 0 0 0 0 
costMen_3: 411
costWomen_3: 1801
costCombined_3: 2212
sexEquality_3: 1390

 --- 
matching_4: 77 46 52 58 11 60 51 14 27 86 35 17 9 71 1 74 30 3 12 15 10 75 43 55 29 20 32 36 23 81 7 40 53 5 8 24 84 59 90 42 50 39 57 54 82 18 16 66 79 85 28 38 19 25 63 4 33 47 87 6 89 45 76 72 69 31 67 88 64 73 68 34 78 49 65 2 22 61 70 26 80 13 21 41 56 48 62 83 37 44 
profileMen_4: 19 15 13 9 8 9 5 4 0 1 0 1 1 1 0 1 1 0 0 0 0 0 1 0 0 1 0 0 0 0 0 0 0 0 0 0 0 0 0 0 0 0 0 0 0 0 0 0 0 0 0 0 0 0 0 0 0 0 0 0 0 0 0 0 0 0 0 0 0 0 0 0 0 0 0 0 0 0 0 0 0 0 0 0 0 0 0 0 0 0 
profileWomen_4: 5 4 3 2 6 7 6 2 4 0 1 3 2 3 3 3 1 1 0 0 2 1 1 1 1 0 1 5 2 2 0 2 0 0 0 1 0 1 2 2 0 1 2 0 0 0 0 0 0 0 0 0 0 1 0 0 0 0 1 0 1 1 0 0 0 1 0 0 0 0 0 0 1 0 0 0 0 0 0 0 0 0 0 0 1 0 0 0 0 0 
profileCombined_4: 24 19 16 11 14 16 11 6 4 1 1 4 3 4 3 4 2 1 0 0 2 1 2 1 1 1 1 5 2 2 0 2 0 0 0 1 0 1 2 2 0 1 2 0 0 0 0 0 0 0 0 0 0 1 0 0 0 0 1 0 1 1 0 0 0 1 0 0 0 0 0 0 1 0 0 0 0 0 0 0 0 0 0 0 1 0 0 0 0 0 
costMen_4: 416
costWomen_4: 1744
costCombined_4: 2160
sexEquality_4: 1328

 --- 
matching_5: 77 46 52 58 11 60 51 14 27 86 35 17 9 74 1 29 30 3 12 15 47 75 43 55 45 84 32 36 23 85 7 40 53 5 8 24 81 59 90 42 50 39 57 54 82 18 16 66 79 31 28 38 19 25 63 4 33 20 87 6 89 64 76 72 69 10 67 88 56 73 68 34 78 49 65 2 22 61 70 26 80 13 21 41 71 48 62 83 37 44 
profileMen_5: 20 14 12 8 8 10 6 2 0 1 0 1 3 0 0 1 1 0 0 0 0 0 2 1 0 0 0 0 0 0 0 0 0 0 0 0 0 0 0 0 0 0 0 0 0 0 0 0 0 0 0 0 0 0 0 0 0 0 0 0 0 0 0 0 0 0 0 0 0 0 0 0 0 0 0 0 0 0 0 0 0 0 0 0 0 0 0 0 0 0 
profileWomen_5: 4 4 4 3 5 7 7 1 5 1 0 2 3 3 2 3 2 1 0 0 1 1 2 1 1 0 2 4 2 2 0 1 0 0 0 1 0 1 1 3 0 1 2 0 0 0 0 0 0 1 0 0 0 1 0 0 0 1 1 0 1 0 0 0 0 0 0 0 0 0 0 0 1 0 0 0 0 0 0 0 0 0 0 0 1 0 0 0 0 0 
profileCombined_5: 24 18 16 11 13 17 13 3 5 2 0 3 6 3 2 4 3 1 0 0 1 1 4 2 1 0 2 4 2 2 0 1 0 0 0 1 0 1 1 3 0 1 2 0 0 0 0 0 0 1 0 0 0 1 0 0 0 1 1 0 1 0 0 0 0 0 0 0 0 0 0 0 1 0 0 0 0 0 0 0 0 0 0 0 1 0 0 0 0 0 
costMen_5: 438
costWomen_5: 1705
costCombined_5: 2143
sexEquality_5: 1267

 --- 
matching_6: 77 46 52 58 11 60 51 14 27 86 35 17 9 71 1 74 30 3 12 15 47 75 43 55 45 84 32 36 23 85 7 40 53 5 8 24 81 59 90 42 50 39 57 54 82 18 16 66 79 31 28 38 19 25 63 4 33 20 87 6 89 64 76 72 69 10 67 88 29 73 68 34 78 49 65 2 22 61 70 26 80 13 21 41 56 48 62 83 37 44 
profileMen_6: 19 15 11 9 7 10 6 2 0 1 0 1 2 1 0 1 1 0 0 0 0 0 2 1 0 1 0 0 0 0 0 0 0 0 0 0 0 0 0 0 0 0 0 0 0 0 0 0 0 0 0 0 0 0 0 0 0 0 0 0 0 0 0 0 0 0 0 0 0 0 0 0 0 0 0 0 0 0 0 0 0 0 0 0 0 0 0 0 0 0 
profileWomen_6: 5 4 4 3 4 7 7 2 4 1 1 2 3 3 2 3 1 1 0 0 1 1 2 1 1 0 2 4 2 2 0 1 0 0 0 1 0 1 2 2 0 1 2 0 0 0 0 0 0 1 0 0 0 1 0 0 0 1 1 0 1 0 0 0 0 0 0 0 0 0 0 0 1 0 0 0 0 0 0 0 0 0 0 0 1 0 0 0 0 0 
profileCombined_6: 24 19 15 12 11 17 13 4 4 2 1 3 5 4 2 4 2 1 0 0 1 1 4 2 1 1 2 4 2 2 0 1 0 0 0 1 0 1 2 2 0 1 2 0 0 0 0 0 0 1 0 0 0 1 0 0 0 1 1 0 1 0 0 0 0 0 0 0 0 0 0 0 1 0 0 0 0 0 0 0 0 0 0 0 1 0 0 0 0 0 
costMen_6: 462
costWomen_6: 1693
costCombined_6: 2155
sexEquality_6: 1231

 --- 
matching_7: 77 46 52 58 11 60 51 14 27 86 35 17 9 71 1 74 30 3 12 15 47 75 43 55 29 84 32 36 23 85 7 40 53 5 8 24 81 59 90 42 50 39 57 54 82 18 16 66 79 31 28 38 19 25 63 4 33 20 87 6 89 45 76 72 69 10 67 88 64 73 68 34 78 49 65 2 22 61 70 26 80 13 21 41 56 48 62 83 37 44 
profileMen_7: 18 14 13 8 7 11 6 2 0 1 0 1 2 1 0 1 1 0 0 0 0 0 2 1 0 1 0 0 0 0 0 0 0 0 0 0 0 0 0 0 0 0 0 0 0 0 0 0 0 0 0 0 0 0 0 0 0 0 0 0 0 0 0 0 0 0 0 0 0 0 0 0 0 0 0 0 0 0 0 0 0 0 0 0 0 0 0 0 0 0 
profileWomen_7: 5 4 4 3 6 7 7 2 4 0 1 2 3 3 2 3 1 1 0 0 1 1 2 1 1 0 2 4 2 2 0 2 0 0 0 1 0 1 1 2 0 1 2 0 0 0 0 0 0 0 0 0 0 1 0 0 0 1 1 0 1 0 0 0 0 0 0 0 0 0 0 0 1 0 0 0 0 0 0 0 0 0 0 0 1 0 0 0 0 0 
profileCombined_7: 23 18 17 11 13 18 13 4 4 1 1 3 5 4 2 4 2 1 0 0 1 1 4 2 1 1 2 4 2 2 0 2 0 0 0 1 0 1 1 2 0 1 2 0 0 0 0 0 0 0 0 0 0 1 0 0 0 1 1 0 1 0 0 0 0 0 0 0 0 0 0 0 1 0 0 0 0 0 0 0 0 0 0 0 1 0 0 0 0 0 
costMen_7: 467
costWomen_7: 1636
costCombined_7: 2103
sexEquality_7: 1169

 --- 
matching_8: 77 46 52 58 11 60 51 14 27 47 35 17 9 71 1 74 30 3 12 15 38 75 43 55 29 84 32 36 23 85 7 40 53 5 8 24 81 59 90 42 50 39 57 54 82 18 16 66 79 31 28 62 19 25 63 4 33 20 87 6 89 45 76 72 69 10 67 88 64 73 68 34 78 49 65 2 22 61 70 26 80 13 21 41 56 48 86 83 37 44 
profileMen_8: 18 13 13 8 6 10 6 2 0 1 1 1 2 1 0 1 2 0 1 0 0 0 2 1 0 1 0 0 0 0 0 0 0 0 0 0 0 0 0 0 0 0 0 0 0 0 0 0 0 0 0 0 0 0 0 0 0 0 0 0 0 0 0 0 0 0 0 0 0 0 0 0 0 0 0 0 0 0 0 0 0 0 0 0 0 0 0 0 0 0 
profileWomen_8: 5 4 4 3 6 7 7 2 5 0 1 2 3 2 3 3 1 1 0 0 1 1 2 2 2 0 1 4 2 2 0 2 0 0 0 0 0 1 1 2 0 1 2 0 0 0 0 0 0 0 0 0 0 1 0 0 0 1 1 0 0 0 0 0 0 0 0 0 0 0 0 0 1 0 0 0 0 0 0 0 0 0 0 0 1 0 0 0 0 0 
profileCombined_8: 23 17 17 11 12 17 13 4 5 1 2 3 5 3 3 4 3 1 1 0 1 1 4 3 2 1 1 4 2 2 0 2 0 0 0 0 0 1 1 2 0 1 2 0 0 0 0 0 0 0 0 0 0 1 0 0 0 1 1 0 0 0 0 0 0 0 0 0 0 0 0 0 1 0 0 0 0 0 0 0 0 0 0 0 1 0 0 0 0 0 
costMen_8: 501
costWomen_8: 1571
costCombined_8: 2072
sexEquality_8: 1070

 --- 
matching_9: 77 46 52 58 11 60 51 47 27 15 35 17 9 71 50 74 30 3 12 1 38 84 43 55 29 14 32 36 23 85 7 40 53 5 8 24 81 59 90 42 75 39 57 54 82 18 16 66 79 31 28 62 19 25 63 4 33 20 87 6 89 45 76 72 69 10 67 88 64 73 68 34 78 49 65 2 22 61 70 26 80 13 21 41 56 48 86 83 37 44 
profileMen_9: 18 12 10 8 6 9 6 2 0 3 1 2 3 1 0 1 2 1 0 1 0 0 2 1 0 1 0 0 0 0 0 0 0 0 0 0 0 0 0 0 0 0 0 0 0 0 0 0 0 0 0 0 0 0 0 0 0 0 0 0 0 0 0 0 0 0 0 0 0 0 0 0 0 0 0 0 0 0 0 0 0 0 0 0 0 0 0 0 0 0 
profileWomen_9: 5 4 4 3 6 7 7 2 5 1 2 2 3 2 4 3 1 1 0 0 1 2 2 2 1 0 1 4 1 2 0 3 0 0 0 0 0 1 1 1 0 0 2 0 0 0 0 0 0 0 0 0 0 1 0 0 0 0 1 0 0 0 0 0 0 0 0 0 0 0 0 0 1 0 0 0 0 0 0 0 0 0 0 0 1 0 0 0 0 0 
profileCombined_9: 23 16 14 11 12 16 13 4 5 4 3 4 6 3 4 4 3 2 0 1 1 2 4 3 1 1 1 4 1 2 0 3 0 0 0 0 0 1 1 1 0 0 2 0 0 0 0 0 0 0 0 0 0 1 0 0 0 0 1 0 0 0 0 0 0 0 0 0 0 0 0 0 1 0 0 0 0 0 0 0 0 0 0 0 1 0 0 0 0 0 
costMen_9: 548
costWomen_9: 1467
costCombined_9: 2015
sexEquality_9: 919

 --- 
matching_10: 77 46 52 58 11 60 51 47 27 15 35 17 9 71 50 74 30 3 12 57 38 84 43 55 29 14 32 36 23 85 7 40 53 5 8 24 81 59 90 42 75 39 1 54 82 18 16 66 79 31 28 62 19 25 63 4 33 20 87 6 89 45 76 72 69 10 67 88 64 73 68 34 78 49 65 2 22 61 70 26 80 13 21 41 56 48 86 83 37 44 
profileMen_10: 17 13 10 8 6 9 6 2 0 3 1 2 2 1 0 1 2 1 1 1 0 0 2 1 0 1 0 0 0 0 0 0 0 0 0 0 0 0 0 0 0 0 0 0 0 0 0 0 0 0 0 0 0 0 0 0 0 0 0 0 0 0 0 0 0 0 0 0 0 0 0 0 0 0 0 0 0 0 0 0 0 0 0 0 0 0 0 0 0 0 
profileWomen_10: 5 4 4 3 6 7 7 2 5 2 2 2 3 2 4 3 1 1 0 0 1 1 2 2 1 0 1 4 1 2 0 4 0 0 0 0 0 1 1 1 0 0 2 0 0 0 0 0 0 0 0 0 0 1 0 0 0 0 1 0 0 0 0 0 0 0 0 0 0 0 0 0 1 0 0 0 0 0 0 0 0 0 0 0 0 0 0 0 0 0 
profileCombined_10: 22 17 14 11 12 16 13 4 5 5 3 4 5 3 4 4 3 2 1 1 1 1 4 3 1 1 1 4 1 2 0 4 0 0 0 0 0 1 1 1 0 0 2 0 0 0 0 0 0 0 0 0 0 1 0 0 0 0 1 0 0 0 0 0 0 0 0 0 0 0 0 0 1 0 0 0 0 0 0 0 0 0 0 0 0 0 0 0 0 0 
costMen_10: 555
costWomen_10: 1402
costCombined_10: 1957
sexEquality_10: 847

 --- 
matching_11: 42 46 44 58 11 68 51 47 27 15 35 17 9 71 50 74 30 86 12 57 38 84 43 55 29 14 32 3 23 85 7 40 53 5 8 24 81 59 90 36 75 39 1 54 82 18 16 66 77 31 28 62 19 25 63 4 33 20 60 6 87 45 76 72 69 10 67 88 64 73 52 34 78 49 65 2 21 61 70 26 80 13 89 41 56 48 22 83 37 79 
profileMen_11: 15 11 9 9 6 6 5 5 0 3 2 1 2 2 0 1 2 2 1 1 0 0 3 2 0 1 0 0 0 0 0 0 0 0 0 0 1 0 0 0 0 0 0 0 0 0 0 0 0 0 0 0 0 0 0 0 0 0 0 0 0 0 0 0 0 0 0 0 0 0 0 0 0 0 0 0 0 0 0 0 0 0 0 0 0 0 0 0 0 0 
profileWomen_11: 6 4 5 3 7 7 7 2 5 2 2 2 3 2 3 5 1 2 1 0 0 1 2 1 0 1 2 4 1 1 0 3 0 0 0 0 0 1 1 1 0 0 0 0 0 0 0 0 0 0 0 0 0 0 0 0 0 1 0 0 0 0 0 0 0 1 0 0 0 0 0 0 0 0 0 0 0 0 0 0 0 0 0 0 0 0 0 0 0 0 
profileCombined_11: 21 15 14 12 13 13 12 7 5 5 4 3 5 4 3 6 3 4 2 1 0 1 5 3 0 2 2 4 1 1 0 3 0 0 0 0 1 1 1 1 0 0 0 0 0 0 0 0 0 0 0 0 0 0 0 0 0 1 0 0 0 0 0 0 0 1 0 0 0 0 0 0 0 0 0 0 0 0 0 0 0 0 0 0 0 0 0 0 0 0 
costMen_11: 664
costWomen_11: 1238
costCombined_11: 1902
sexEquality_11: 574

 --- 
matching_12: 42 46 44 58 11 68 51 47 8 15 34 17 9 71 50 74 30 86 12 57 38 84 43 55 29 14 32 72 3 85 7 40 53 5 35 24 81 59 90 36 75 39 1 54 82 18 16 66 77 31 28 62 19 25 63 4 33 20 60 6 87 45 76 27 69 10 67 88 64 73 52 23 78 49 65 2 21 61 70 26 80 13 89 41 56 48 22 83 37 79 
profileMen_12: 12 10 9 9 6 5 7 6 0 4 1 1 3 2 0 1 2 2 1 2 0 0 3 2 0 1 0 0 0 0 0 0 0 0 0 0 1 0 0 0 0 0 0 0 0 0 0 0 0 0 0 0 0 0 0 0 0 0 0 0 0 0 0 0 0 0 0 0 0 0 0 0 0 0 0 0 0 0 0 0 0 0 0 0 0 0 0 0 0 0 
profileWomen_12: 6 4 5 3 7 9 7 3 6 2 2 2 3 2 3 4 1 1 0 1 1 1 2 1 0 1 2 4 0 1 0 3 0 0 0 0 0 0 1 0 0 0 0 0 0 0 0 0 0 0 0 0 0 0 0 0 0 1 0 0 0 0 0 0 0 1 0 0 0 0 0 0 0 0 0 0 0 0 0 0 0 0 0 0 0 0 0 0 0 0 
profileCombined_12: 18 14 14 12 13 14 14 9 6 6 3 3 6 4 3 5 3 3 1 3 1 1 5 3 0 2 2 4 0 1 0 3 0 0 0 0 1 0 1 0 0 0 0 0 0 0 0 0 0 0 0 0 0 0 0 0 0 1 0 0 0 0 0 0 0 1 0 0 0 0 0 0 0 0 0 0 0 0 0 0 0 0 0 0 0 0 0 0 0 0 
costMen_12: 707
costWomen_12: 1148
costCombined_12: 1855
sexEquality_12: 441

 --- 
matching_13: 42 46 44 58 11 68 51 47 8 15 34 17 9 71 50 74 30 86 12 57 38 84 43 55 29 14 39 72 3 85 7 40 53 5 35 24 81 59 90 36 75 32 1 54 82 18 16 66 77 31 28 62 19 25 63 4 33 20 60 6 87 45 76 27 69 10 67 88 64 73 52 23 78 49 65 2 21 61 70 26 80 13 89 41 56 48 22 83 37 79 
profileMen_13: 12 10 8 8 6 5 7 6 0 4 1 1 3 3 0 1 2 2 1 2 0 0 3 2 0 1 0 0 1 0 0 0 0 0 0 0 1 0 0 0 0 0 0 0 0 0 0 0 0 0 0 0 0 0 0 0 0 0 0 0 0 0 0 0 0 0 0 0 0 0 0 0 0 0 0 0 0 0 0 0 0 0 0 0 0 0 0 0 0 0 
profileWomen_13: 6 4 6 3 7 9 7 3 7 2 2 2 3 2 3 4 1 1 0 1 1 1 2 1 0 1 1 3 0 1 0 3 0 0 0 0 0 0 1 0 0 0 0 0 0 0 0 0 0 0 0 0 0 0 0 0 0 1 0 0 0 0 0 0 0 1 0 0 0 0 0 0 0 0 0 0 0 0 0 0 0 0 0 0 0 0 0 0 0 0 
profileCombined_13: 18 14 14 11 13 14 14 9 7 6 3 3 6 5 3 5 3 3 1 3 1 1 5 3 0 2 1 3 1 1 0 3 0 0 0 0 1 0 1 0 0 0 0 0 0 0 0 0 0 0 0 0 0 0 0 0 0 1 0 0 0 0 0 0 0 1 0 0 0 0 0 0 0 0 0 0 0 0 0 0 0 0 0 0 0 0 0 0 0 0 
costMen_13: 743
costWomen_13: 1105
costCombined_13: 1848
sexEquality_13: 362

 --- 
matching_14: 42 46 53 58 50 68 75 47 8 15 34 17 9 71 62 74 30 86 12 57 38 84 43 55 29 14 39 72 3 85 7 40 27 5 35 24 81 59 90 36 44 32 1 54 82 18 16 66 77 31 28 51 19 25 63 4 33 20 60 6 87 45 76 89 69 10 67 88 64 73 52 23 78 49 65 2 21 61 70 26 80 13 11 41 56 48 22 83 37 79 
profileMen_14: 11 10 8 7 6 5 6 6 1 3 1 2 3 3 0 1 2 1 2 2 0 0 2 2 0 1 0 1 1 0 0 0 0 0 0 0 0 0 0 1 2 0 0 0 0 0 0 0 0 0 0 0 0 0 0 0 0 0 0 0 0 0 0 0 0 0 0 0 0 0 0 0 0 0 0 0 0 0 0 0 0 0 0 0 0 0 0 0 0 0 
profileWomen_14: 6 5 7 4 7 9 7 3 7 2 2 3 3 2 3 5 1 2 0 1 0 1 1 0 0 1 1 2 0 0 0 2 0 0 0 0 0 0 1 0 0 0 0 0 0 0 0 0 0 0 0 0 0 0 1 0 0 1 0 0 0 0 0 0 0 0 0 0 0 0 0 0 0 0 0 0 0 0 0 0 0 0 0 0 0 0 0 0 0 0 
profileCombined_14: 17 15 15 11 13 14 13 9 8 5 3 5 6 5 3 6 3 3 2 3 0 1 3 2 0 2 1 3 1 0 0 2 0 0 0 0 0 0 1 1 2 0 0 0 0 0 0 0 0 0 0 0 0 0 1 0 0 1 0 0 0 0 0 0 0 0 0 0 0 0 0 0 0 0 0 0 0 0 0 0 0 0 0 0 0 0 0 0 0 0 
costMen_14: 833
costWomen_14: 991
costCombined_14: 1824
sexEquality_14: 158

 --- 
matching_15: 42 46 53 58 50 68 87 47 8 15 34 17 9 71 62 74 30 86 12 57 38 84 43 55 29 14 39 72 3 85 7 40 27 5 35 24 81 59 90 36 44 32 1 54 82 18 16 66 77 31 75 51 19 25 28 4 33 20 60 6 63 45 76 89 69 10 67 88 64 73 52 23 78 49 65 2 21 61 70 26 80 13 11 41 56 48 22 83 37 79 
profileMen_15: 10 9 8 7 7 5 6 5 1 3 1 2 3 3 0 1 3 1 2 2 0 0 2 2 0 1 0 1 1 0 0 0 0 0 1 0 0 0 0 1 1 0 0 0 0 0 0 0 0 0 0 0 0 1 0 0 0 0 0 0 0 0 0 0 0 0 0 0 0 0 0 0 0 0 0 0 0 0 0 0 0 0 0 0 0 0 0 0 0 0 
profileWomen_15: 6 5 8 4 7 9 7 3 7 2 2 2 3 2 4 4 1 3 0 1 0 0 1 0 0 1 1 2 0 0 0 2 0 0 0 0 0 0 1 0 0 0 0 0 0 0 1 0 0 0 0 0 0 0 1 0 0 0 0 0 0 0 0 0 0 0 0 0 0 0 0 0 0 0 0 0 0 0 0 0 0 0 0 0 0 0 0 0 0 0 
profileCombined_15: 16 14 16 11 14 14 13 8 8 5 3 4 6 5 4 5 4 4 2 3 0 0 3 2 0 2 1 3 1 0 0 2 0 0 1 0 0 0 1 1 1 0 0 0 0 0 1 0 0 0 0 0 0 1 1 0 0 0 0 0 0 0 0 0 0 0 0 0 0 0 0 0 0 0 0 0 0 0 0 0 0 0 0 0 0 0 0 0 0 0 
costMen_15: 892
costWomen_15: 966
costCombined_15: 1858
sexEquality_15: 74

 --- 
matching_16: 42 46 53 58 50 68 72 47 25 44 34 17 9 71 62 74 30 86 12 57 38 84 43 55 29 14 39 41 3 85 7 40 27 5 35 24 81 59 87 36 18 32 22 54 82 90 16 66 77 31 75 51 19 60 28 4 33 20 1 6 63 45 76 89 69 10 67 88 64 73 52 23 78 49 65 2 21 61 8 26 80 13 11 70 56 48 15 83 37 79 
profileMen_16: 9 8 7 7 7 5 5 4 1 3 2 2 3 2 1 1 3 2 3 1 0 0 2 3 0 1 0 1 2 0 0 0 0 1 1 0 0 0 0 0 1 1 0 0 0 0 0 0 0 0 0 0 0 0 0 0 0 0 0 1 0 0 0 0 0 0 0 0 0 0 0 0 0 0 0 0 0 0 0 0 0 0 0 0 0 0 0 0 0 0 
profileWomen_16: 8 5 9 6 8 10 7 3 5 2 2 2 2 3 3 3 0 3 0 1 0 0 1 0 0 1 1 1 0 0 0 2 0 0 1 0 0 0 0 0 0 0 0 0 0 0 0 0 0 0 0 0 1 0 0 0 0 0 0 0 0 0 0 0 0 0 0 0 0 0 0 0 0 0 0 0 0 0 0 0 0 0 0 0 0 0 0 0 0 0 
profileCombined_16: 17 13 16 13 15 15 12 7 6 5 4 4 5 5 4 4 3 5 3 2 0 0 3 3 0 2 1 2 2 0 0 2 0 1 2 0 0 0 0 0 1 1 0 0 0 0 0 0 0 0 0 0 1 0 0 0 0 0 0 1 0 0 0 0 0 0 0 0 0 0 0 0 0 0 0 0 0 0 0 0 0 0 0 0 0 0 0 0 0 0 
costMen_16: 995
costWomen_16: 844
costCombined_16: 1839
sexEquality_16: 151

 --- 
matching_17: 42 46 53 58 50 68 72 47 25 44 34 17 9 71 62 74 30 86 12 57 38 84 43 55 29 14 39 41 3 85 7 40 27 5 35 24 81 59 87 36 18 32 22 54 82 90 16 66 77 28 75 51 19 60 31 4 33 20 1 6 63 45 76 89 69 10 67 88 64 73 52 23 78 49 65 2 21 61 8 26 80 13 11 70 56 48 15 83 37 79 
profileMen_17: 9 8 7 7 7 5 5 4 1 3 2 2 3 2 1 1 3 2 3 1 0 0 1 3 0 1 0 2 2 0 0 0 0 1 0 0 0 0 0 0 1 1 0 0 0 1 0 0 0 0 0 0 0 0 0 0 0 0 0 1 0 0 0 0 0 0 0 0 0 0 0 0 0 0 0 0 0 0 0 0 0 0 0 0 0 0 0 0 0 0 
profileWomen_17: 8 5 9 6 8 10 7 3 6 2 2 2 2 3 3 4 0 2 0 1 0 0 0 0 0 1 1 1 0 0 0 2 0 0 1 0 0 0 0 0 0 0 0 0 0 0 0 0 0 0 0 0 1 0 0 0 0 0 0 0 0 0 0 0 0 0 0 0 0 0 0 0 0 0 0 0 0 0 0 0 0 0 0 0 0 0 0 0 0 0 
profileCombined_17: 17 13 16 13 15 15 12 7 7 5 4 4 5 5 4 5 3 4 3 2 0 0 1 3 0 2 1 3 2 0 0 2 0 1 1 0 0 0 0 0 1 1 0 0 0 1 0 0 0 0 0 0 1 0 0 0 0 0 0 1 0 0 0 0 0 0 0 0 0 0 0 0 0 0 0 0 0 0 0 0 0 0 0 0 0 0 0 0 0 0 
costMen_17: 1011
costWomen_17: 828
costCombined_17: 1839
sexEquality_17: 183

 --- 
matching_18: 42 46 53 58 50 68 72 47 25 44 34 17 9 71 62 74 30 86 12 57 38 84 43 55 29 14 39 41 3 85 7 40 27 5 35 24 81 59 87 36 18 32 22 54 82 90 16 66 77 28 75 51 19 60 31 4 33 20 1 6 63 45 76 89 69 10 67 26 64 73 52 23 78 49 65 2 21 61 8 88 80 13 11 70 56 48 15 83 37 79 
profileMen_18: 9 8 6 7 7 5 5 4 1 4 2 2 2 2 1 1 3 2 3 2 0 0 1 3 0 1 0 2 2 0 0 0 0 1 0 0 0 0 0 0 1 1 0 0 0 1 0 0 0 0 0 0 0 0 0 0 0 0 0 1 0 0 0 0 0 0 0 0 0 0 0 0 0 0 0 0 0 0 0 0 0 0 0 0 0 0 0 0 0 0 
profileWomen_18: 8 5 10 6 8 10 7 4 4 2 2 2 2 3 3 4 0 2 0 1 0 0 0 0 0 1 1 1 0 0 0 2 0 0 1 0 0 0 0 0 0 0 0 0 0 0 0 0 0 0 0 0 1 0 0 0 0 0 0 0 0 0 0 0 0 0 0 0 0 0 0 0 0 0 0 0 0 0 0 0 0 0 0 0 0 0 0 0 0 0 
profileCombined_18: 17 13 16 13 15 15 12 8 5 6 4 4 4 5 4 5 3 4 3 3 0 0 1 3 0 2 1 3 2 0 0 2 0 1 1 0 0 0 0 0 1 1 0 0 0 1 0 0 0 0 0 0 1 0 0 0 0 0 0 1 0 0 0 0 0 0 0 0 0 0 0 0 0 0 0 0 0 0 0 0 0 0 0 0 0 0 0 0 0 0 
costMen_18: 1025
costWomen_18: 821
costCombined_18: 1846
sexEquality_18: 204

 --- 
matching_19: 42 46 53 58 50 68 72 47 25 63 34 17 9 71 62 74 30 44 12 57 38 84 43 55 83 14 39 41 3 85 7 40 27 5 35 24 81 59 87 52 18 32 86 54 82 90 16 66 77 31 75 51 19 60 28 4 33 20 1 6 29 45 76 89 69 10 67 88 64 73 22 23 78 49 65 2 21 61 8 26 80 13 11 70 56 48 15 36 37 79 
profileMen_19: 8 8 5 7 7 5 6 4 2 4 1 2 3 2 1 2 2 2 3 1 1 0 1 3 0 1 1 1 2 0 0 0 0 0 1 0 1 0 0 0 1 1 0 0 0 0 0 0 0 0 0 0 0 0 0 0 0 0 0 1 0 0 0 0 0 0 0 0 0 0 0 0 0 0 0 0 0 0 0 0 0 0 0 0 0 0 0 0 0 0 
profileWomen_19: 8 6 9 6 8 12 7 3 5 2 3 4 2 2 2 3 0 2 0 1 0 2 1 0 0 1 0 0 0 0 0 1 0 0 0 0 0 0 0 0 0 0 0 0 0 0 0 0 0 0 0 0 0 0 0 0 0 0 0 0 0 0 0 0 0 0 0 0 0 0 0 0 0 0 0 0 0 0 0 0 0 0 0 0 0 0 0 0 0 0 
profileCombined_19: 16 14 14 13 15 17 13 7 7 6 4 6 5 4 3 5 2 4 3 2 1 2 2 3 0 2 1 1 2 0 0 1 0 0 1 0 1 0 0 0 1 1 0 0 0 0 0 0 0 0 0 0 0 0 0 0 0 0 0 1 0 0 0 0 0 0 0 0 0 0 0 0 0 0 0 0 0 0 0 0 0 0 0 0 0 0 0 0 0 0 
costMen_19: 1030
costWomen_19: 715
costCombined_19: 1745
sexEquality_19: 315

 --- 
matching_20: 42 46 53 58 50 68 72 47 25 63 34 17 9 71 62 74 30 44 12 57 38 84 43 55 83 14 39 41 3 85 7 40 27 5 35 24 81 59 87 52 18 32 86 54 82 90 16 66 77 28 75 51 19 60 31 4 33 20 1 6 29 45 76 89 69 10 67 88 64 73 22 23 78 49 65 2 21 61 8 26 80 13 11 70 56 48 15 36 37 79 
profileMen_20: 8 8 5 7 7 5 6 4 2 4 1 2 3 2 1 2 2 2 3 1 1 0 0 3 0 1 1 2 2 0 0 0 0 0 0 0 1 0 0 0 1 1 0 0 0 1 0 0 0 0 0 0 0 0 0 0 0 0 0 1 0 0 0 0 0 0 0 0 0 0 0 0 0 0 0 0 0 0 0 0 0 0 0 0 0 0 0 0 0 0 
profileWomen_20: 8 6 9 6 8 12 7 3 6 2 3 4 2 2 2 4 0 1 0 1 0 2 0 0 0 1 0 0 0 0 0 1 0 0 0 0 0 0 0 0 0 0 0 0 0 0 0 0 0 0 0 0 0 0 0 0 0 0 0 0 0 0 0 0 0 0 0 0 0 0 0 0 0 0 0 0 0 0 0 0 0 0 0 0 0 0 0 0 0 0 
profileCombined_20: 16 14 14 13 15 17 13 7 8 6 4 6 5 4 3 6 2 3 3 2 1 2 0 3 0 2 1 2 2 0 0 1 0 0 0 0 1 0 0 0 1 1 0 0 0 1 0 0 0 0 0 0 0 0 0 0 0 0 0 1 0 0 0 0 0 0 0 0 0 0 0 0 0 0 0 0 0 0 0 0 0 0 0 0 0 0 0 0 0 0 
costMen_20: 1046
costWomen_20: 699
costCombined_20: 1745
sexEquality_20: 347

 --- 
matching_21: 42 46 53 58 50 68 72 47 25 63 34 17 9 71 62 74 30 44 12 57 38 84 43 55 83 14 39 41 3 85 7 40 27 5 35 24 81 59 87 52 18 32 86 54 82 90 16 66 77 28 75 51 19 60 31 4 33 20 1 6 29 45 76 89 69 10 67 26 64 73 22 23 78 49 65 2 21 61 8 88 80 13 11 70 56 48 15 36 37 79 
profileMen_21: 8 8 4 7 7 5 6 4 2 5 1 2 2 2 1 2 2 2 3 2 1 0 0 3 0 1 1 2 2 0 0 0 0 0 0 0 1 0 0 0 1 1 0 0 0 1 0 0 0 0 0 0 0 0 0 0 0 0 0 1 0 0 0 0 0 0 0 0 0 0 0 0 0 0 0 0 0 0 0 0 0 0 0 0 0 0 0 0 0 0 
profileWomen_21: 8 6 10 6 8 12 7 4 4 2 3 4 2 2 2 4 0 1 0 1 0 2 0 0 0 1 0 0 0 0 0 1 0 0 0 0 0 0 0 0 0 0 0 0 0 0 0 0 0 0 0 0 0 0 0 0 0 0 0 0 0 0 0 0 0 0 0 0 0 0 0 0 0 0 0 0 0 0 0 0 0 0 0 0 0 0 0 0 0 0 
profileCombined_21: 16 14 14 13 15 17 13 8 6 7 4 6 4 4 3 6 2 3 3 3 1 2 0 3 0 2 1 2 2 0 0 1 0 0 0 0 1 0 0 0 1 1 0 0 0 1 0 0 0 0 0 0 0 0 0 0 0 0 0 1 0 0 0 0 0 0 0 0 0 0 0 0 0 0 0 0 0 0 0 0 0 0 0 0 0 0 0 0 0 0 
costMen_21: 1060
costWomen_21: 692
costCombined_21: 1752
sexEquality_21: 368

 --- 
matching_22: 42 46 63 58 50 68 72 47 25 38 34 17 9 71 62 74 30 44 12 57 31 84 43 55 83 14 39 41 3 85 7 40 27 5 35 24 81 59 87 52 18 32 86 54 82 90 16 66 77 28 75 51 19 60 53 4 33 20 1 6 29 45 76 89 69 10 67 88 64 73 22 23 78 49 65 2 21 61 8 26 80 13 11 70 56 48 15 36 37 79 
profileMen_22: 8 8 5 7 7 5 6 4 2 4 1 2 3 2 1 1 2 2 3 1 1 0 0 4 0 1 1 2 2 0 0 0 0 0 0 0 0 0 1 0 0 1 0 1 0 0 0 0 0 0 0 0 1 0 0 0 0 0 0 1 0 0 0 0 0 0 0 0 0 0 0 0 0 0 0 0 0 0 0 0 0 0 0 0 0 0 0 0 0 0 
profileWomen_22: 9 6 10 6 9 12 7 4 5 2 3 3 2 2 2 2 0 1 0 1 0 2 0 0 0 1 0 0 0 0 0 1 0 0 0 0 0 0 0 0 0 0 0 0 0 0 0 0 0 0 0 0 0 0 0 0 0 0 0 0 0 0 0 0 0 0 0 0 0 0 0 0 0 0 0 0 0 0 0 0 0 0 0 0 0 0 0 0 0 0 
profileCombined_22: 17 14 15 13 16 17 13 8 7 6 4 5 5 4 3 3 2 3 3 2 1 2 0 4 0 2 1 2 2 0 0 1 0 0 0 0 0 0 1 0 0 1 0 1 0 0 0 0 0 0 0 0 1 0 0 0 0 0 0 1 0 0 0 0 0 0 0 0 0 0 0 0 0 0 0 0 0 0 0 0 0 0 0 0 0 0 0 0 0 0 
costMen_22: 1066
costWomen_22: 663
costCombined_22: 1729
sexEquality_22: 403

 --- 
matching_23: 42 46 63 58 50 68 72 47 25 38 34 17 9 71 62 74 30 44 12 57 31 84 43 55 83 14 39 41 3 85 7 40 27 5 35 24 81 59 87 52 18 32 86 54 82 90 16 66 77 28 75 51 19 60 53 4 33 20 1 6 29 45 76 89 69 10 67 26 64 73 22 23 78 49 65 2 21 61 8 88 80 13 11 70 56 48 15 36 37 79 
profileMen_23: 8 8 4 7 7 5 6 4 2 5 1 2 2 2 1 1 2 2 3 2 1 0 0 4 0 1 1 2 2 0 0 0 0 0 0 0 0 0 1 0 0 1 0 1 0 0 0 0 0 0 0 0 1 0 0 0 0 0 0 1 0 0 0 0 0 0 0 0 0 0 0 0 0 0 0 0 0 0 0 0 0 0 0 0 0 0 0 0 0 0 
profileWomen_23: 9 6 11 6 9 12 7 5 3 2 3 3 2 2 2 2 0 1 0 1 0 2 0 0 0 1 0 0 0 0 0 1 0 0 0 0 0 0 0 0 0 0 0 0 0 0 0 0 0 0 0 0 0 0 0 0 0 0 0 0 0 0 0 0 0 0 0 0 0 0 0 0 0 0 0 0 0 0 0 0 0 0 0 0 0 0 0 0 0 0 
profileCombined_23: 17 14 15 13 16 17 13 9 5 7 4 5 4 4 3 3 2 3 3 3 1 2 0 4 0 2 1 2 2 0 0 1 0 0 0 0 0 0 1 0 0 1 0 1 0 0 0 0 0 0 0 0 1 0 0 0 0 0 0 1 0 0 0 0 0 0 0 0 0 0 0 0 0 0 0 0 0 0 0 0 0 0 0 0 0 0 0 0 0 0 
costMen_23: 1080
costWomen_23: 656
costCombined_23: 1736
sexEquality_23: 424

 --- 
matching_24: 42 46 53 58 50 68 72 47 25 63 34 17 9 71 62 74 30 44 12 57 38 84 43 55 83 14 39 41 3 85 7 40 27 5 35 24 81 59 87 52 18 32 86 54 82 90 16 66 77 31 75 51 19 60 28 4 33 20 1 6 29 45 76 89 69 10 67 26 64 73 22 23 78 49 65 2 21 61 8 88 80 13 11 70 56 48 15 36 37 79 
profileMen_24: 8 8 4 7 7 5 6 4 2 5 1 2 2 2 1 2 2 2 3 2 1 0 1 3 0 1 1 1 2 0 0 0 0 0 1 0 1 0 0 0 1 1 0 0 0 0 0 0 0 0 0 0 0 0 0 0 0 0 0 1 0 0 0 0 0 0 0 0 0 0 0 0 0 0 0 0 0 0 0 0 0 0 0 0 0 0 0 0 0 0 
profileWomen_24: 8 6 10 6 8 12 7 4 3 2 3 4 2 2 2 3 0 2 0 1 0 2 1 0 0 1 0 0 0 0 0 1 0 0 0 0 0 0 0 0 0 0 0 0 0 0 0 0 0 0 0 0 0 0 0 0 0 0 0 0 0 0 0 0 0 0 0 0 0 0 0 0 0 0 0 0 0 0 0 0 0 0 0 0 0 0 0 0 0 0 
profileCombined_24: 16 14 14 13 15 17 13 8 5 7 4 6 4 4 3 5 2 4 3 3 1 2 2 3 0 2 1 1 2 0 0 1 0 0 1 0 1 0 0 0 1 1 0 0 0 0 0 0 0 0 0 0 0 0 0 0 0 0 0 1 0 0 0 0 0 0 0 0 0 0 0 0 0 0 0 0 0 0 0 0 0 0 0 0 0 0 0 0 0 0 
costMen_24: 1044
costWomen_24: 708
costCombined_24: 1752
sexEquality_24: 336

 --- 
matching_25: 42 46 53 58 50 68 72 47 25 44 34 17 9 71 62 74 30 86 12 57 38 84 43 55 29 14 39 41 3 85 7 40 27 5 35 24 81 59 87 36 18 32 22 54 82 90 16 66 77 31 75 51 19 60 28 4 33 20 1 6 63 45 76 89 69 10 67 26 64 73 52 23 78 49 65 2 21 61 8 88 80 13 11 70 56 48 15 83 37 79 
profileMen_25: 9 8 6 7 7 5 5 4 1 4 2 2 2 2 1 1 3 2 3 2 0 0 2 3 0 1 0 1 2 0 0 0 0 1 1 0 0 0 0 0 1 1 0 0 0 0 0 0 0 0 0 0 0 0 0 0 0 0 0 1 0 0 0 0 0 0 0 0 0 0 0 0 0 0 0 0 0 0 0 0 0 0 0 0 0 0 0 0 0 0 
profileWomen_25: 8 5 10 6 8 10 7 4 3 2 2 2 2 3 3 3 0 3 0 1 0 0 1 0 0 1 1 1 0 0 0 2 0 0 1 0 0 0 0 0 0 0 0 0 0 0 0 0 0 0 0 0 1 0 0 0 0 0 0 0 0 0 0 0 0 0 0 0 0 0 0 0 0 0 0 0 0 0 0 0 0 0 0 0 0 0 0 0 0 0 
profileCombined_25: 17 13 16 13 15 15 12 8 4 6 4 4 4 5 4 4 3 5 3 3 0 0 3 3 0 2 1 2 2 0 0 2 0 1 2 0 0 0 0 0 1 1 0 0 0 0 0 0 0 0 0 0 1 0 0 0 0 0 0 1 0 0 0 0 0 0 0 0 0 0 0 0 0 0 0 0 0 0 0 0 0 0 0 0 0 0 0 0 0 0 
costMen_25: 1009
costWomen_25: 837
costCombined_25: 1846
sexEquality_25: 172

 --- 
matching_26: 42 46 53 58 50 68 87 47 8 15 34 17 9 71 62 74 30 86 12 57 38 84 43 55 29 14 39 72 3 85 7 40 27 5 35 24 81 59 90 36 44 32 1 54 82 18 16 66 77 28 75 51 19 25 31 4 33 20 60 6 63 45 76 89 69 10 67 88 64 73 52 23 78 49 65 2 21 61 70 26 80 13 11 41 56 48 22 83 37 79 
profileMen_26: 10 9 8 7 7 5 6 5 1 3 1 2 3 3 0 1 3 1 2 2 0 0 1 2 0 1 0 2 1 0 0 0 0 0 0 0 0 0 0 1 1 0 0 0 0 1 0 0 0 0 0 0 0 1 0 0 0 0 0 0 0 0 0 0 0 0 0 0 0 0 0 0 0 0 0 0 0 0 0 0 0 0 0 0 0 0 0 0 0 0 
profileWomen_26: 6 5 8 4 7 9 7 3 8 2 2 2 3 2 4 5 1 2 0 1 0 0 0 0 0 1 1 2 0 0 0 2 0 0 0 0 0 0 1 0 0 0 0 0 0 0 1 0 0 0 0 0 0 0 1 0 0 0 0 0 0 0 0 0 0 0 0 0 0 0 0 0 0 0 0 0 0 0 0 0 0 0 0 0 0 0 0 0 0 0 
profileCombined_26: 16 14 16 11 14 14 13 8 9 5 3 4 6 5 4 6 4 3 2 3 0 0 1 2 0 2 1 4 1 0 0 2 0 0 0 0 0 0 1 1 1 0 0 0 0 1 1 0 0 0 0 0 0 1 1 0 0 0 0 0 0 0 0 0 0 0 0 0 0 0 0 0 0 0 0 0 0 0 0 0 0 0 0 0 0 0 0 0 0 0 
costMen_26: 908
costWomen_26: 950
costCombined_26: 1858
sexEquality_26: 42

 --- 
matching_27: 42 46 44 58 11 68 51 47 27 15 35 17 9 71 50 74 30 86 12 57 38 84 43 55 29 14 39 3 23 85 7 40 53 5 8 24 81 59 90 36 75 32 1 54 82 18 16 66 77 31 28 62 19 25 63 4 33 20 60 6 87 45 76 72 69 10 67 88 64 73 52 34 78 49 65 2 21 61 70 26 80 13 89 41 56 48 22 83 37 79 
profileMen_27: 15 11 8 8 6 6 5 5 0 3 2 1 2 3 0 1 2 2 1 1 0 0 3 2 0 1 0 0 1 0 0 0 0 0 0 0 1 0 0 0 0 0 0 0 0 0 0 0 0 0 0 0 0 0 0 0 0 0 0 0 0 0 0 0 0 0 0 0 0 0 0 0 0 0 0 0 0 0 0 0 0 0 0 0 0 0 0 0 0 0 
profileWomen_27: 6 4 6 3 7 7 7 2 6 2 2 2 3 2 3 5 1 2 1 0 0 1 2 1 0 1 1 3 1 1 0 3 0 0 0 0 0 1 1 1 0 0 0 0 0 0 0 0 0 0 0 0 0 0 0 0 0 1 0 0 0 0 0 0 0 1 0 0 0 0 0 0 0 0 0 0 0 0 0 0 0 0 0 0 0 0 0 0 0 0 
profileCombined_27: 21 15 14 11 13 13 12 7 6 5 4 3 5 5 3 6 3 4 2 1 0 1 5 3 0 2 1 3 2 1 0 3 0 0 0 0 1 1 1 1 0 0 0 0 0 0 0 0 0 0 0 0 0 0 0 0 0 1 0 0 0 0 0 0 0 1 0 0 0 0 0 0 0 0 0 0 0 0 0 0 0 0 0 0 0 0 0 0 0 0 
costMen_27: 700
costWomen_27: 1195
costCombined_27: 1895
sexEquality_27: 495

 --- 
matching_28: 77 46 52 58 11 60 51 14 27 86 35 17 9 71 1 74 30 3 12 15 10 75 43 55 45 20 32 36 23 81 7 40 53 5 8 24 84 59 90 42 50 39 57 54 82 18 16 66 79 85 28 38 19 22 63 4 33 47 87 6 89 64 76 72 69 31 67 88 29 73 68 34 78 49 65 2 25 61 70 26 80 13 21 41 56 48 62 83 37 44 
profileMen_28: 20 17 11 10 9 8 4 4 0 1 0 0 1 1 0 1 1 0 0 0 0 0 1 0 0 1 0 0 0 0 0 0 0 0 0 0 0 0 0 0 0 0 0 0 0 0 0 0 0 0 0 0 0 0 0 0 0 0 0 0 0 0 0 0 0 0 0 0 0 0 0 0 0 0 0 0 0 0 0 0 0 0 0 0 0 0 0 0 0 0 
profileWomen_28: 5 4 3 2 4 7 6 2 4 1 1 3 2 3 3 3 0 1 0 0 2 1 1 1 1 0 1 5 2 2 0 2 0 0 0 1 0 1 3 2 0 1 1 0 0 0 0 0 0 1 0 0 0 1 0 0 0 0 1 0 1 1 0 1 0 1 0 0 0 0 0 0 1 0 0 0 0 0 0 0 0 0 0 0 1 0 0 0 0 0 
profileCombined_28: 25 21 14 12 13 15 10 6 4 2 1 3 3 4 3 4 1 1 0 0 2 1 2 1 1 1 1 5 2 2 0 2 0 0 0 1 0 1 3 2 0 1 1 0 0 0 0 0 0 1 0 0 0 1 0 0 0 0 1 0 1 1 0 1 0 1 0 0 0 0 0 0 1 0 0 0 0 0 0 0 0 0 0 0 1 0 0 0 0 0 
costMen_28: 399
costWomen_28: 1837
costCombined_28: 2236
sexEquality_28: 1438

 --- 
matching_29: 77 46 52 58 11 60 51 14 27 86 35 17 9 71 1 74 30 3 12 15 10 75 43 55 29 20 32 36 23 81 7 40 53 5 8 24 84 59 90 42 50 39 57 54 82 18 16 66 79 85 28 38 19 22 63 4 33 47 87 6 89 45 76 72 69 31 67 88 64 73 68 34 78 49 65 2 25 61 70 26 80 13 21 41 56 48 62 83 37 44 
profileMen_29: 19 16 13 9 9 9 4 4 0 1 0 0 1 1 0 1 1 0 0 0 0 0 1 0 0 1 0 0 0 0 0 0 0 0 0 0 0 0 0 0 0 0 0 0 0 0 0 0 0 0 0 0 0 0 0 0 0 0 0 0 0 0 0 0 0 0 0 0 0 0 0 0 0 0 0 0 0 0 0 0 0 0 0 0 0 0 0 0 0 0 
profileWomen_29: 5 4 3 2 6 7 6 2 4 0 1 3 2 3 3 3 0 1 0 0 2 1 1 1 1 0 1 5 2 2 0 3 0 0 0 1 0 1 2 2 0 1 1 0 0 0 0 0 0 0 0 0 0 1 0 0 0 0 1 0 1 1 0 1 0 1 0 0 0 0 0 0 1 0 0 0 0 0 0 0 0 0 0 0 1 0 0 0 0 0 
profileCombined_29: 24 20 16 11 15 16 10 6 4 1 1 3 3 4 3 4 1 1 0 0 2 1 2 1 1 1 1 5 2 2 0 3 0 0 0 1 0 1 2 2 0 1 1 0 0 0 0 0 0 0 0 0 0 1 0 0 0 0 1 0 1 1 0 1 0 1 0 0 0 0 0 0 1 0 0 0 0 0 0 0 0 0 0 0 1 0 0 0 0 0 
costMen_29: 404
costWomen_29: 1780
costCombined_29: 2184
sexEquality_29: 1376

 --- 
Digraph 
(0,0) (0,1) (1,1) (1,0) (0,0) (0,0) (1,0) (0,0) (1,1) (1,0) (0,0) (0,0) (0,1) (0,1) (0,0) (0,0) (0,0) (0,0) 
(0,0) (0,0) (0,1) (0,0) (0,0) (0,0) (0,0) (0,0) (1,0) (0,0) (0,0) (0,1) (0,0) (1,0) (0,0) (0,0) (0,0) (0,0) 
(0,0) (0,0) (0,0) (0,0) (0,0) (1,0) (1,0) (0,0) (0,1) (0,0) (0,1) (0,0) (0,0) (0,1) (0,1) (1,0) (0,0) (0,0) 
(0,0) (0,0) (0,0) (0,0) (1,0) (0,0) (0,0) (0,0) (0,1) (0,0) (0,0) (0,0) (0,0) (0,0) (0,0) (0,0) (0,0) (0,0) 
(0,0) (0,0) (0,0) (0,0) (0,0) (0,1) (0,0) (0,1) (0,1) (0,0) (0,0) (0,0) (0,0) (0,1) (1,1) (0,0) (0,0) (0,0) 
(0,0) (0,0) (0,0) (0,0) (0,0) (0,0) (1,0) (0,0) (1,1) (0,0) (0,1) (1,1) (0,1) (0,0) (0,0) (0,0) (1,0) (0,0) 
(0,0) (0,0) (0,0) (0,0) (0,0) (0,0) (0,0) (1,0) (0,1) (0,1) (0,1) (1,0) (0,1) (1,1) (0,1) (0,0) (0,0) (0,0) 
(0,0) (0,0) (0,0) (0,0) (0,0) (0,0) (0,0) (0,0) (0,1) (0,1) (0,0) (0,1) (0,1) (1,0) (0,1) (0,0) (0,0) (0,0) 
(0,0) (0,0) (0,0) (0,0) (0,0) (0,0) (0,0) (0,0) (0,0) (1,0) (0,1) (1,1) (1,1) (1,1) (1,0) (0,0) (0,0) (0,0) 
(0,0) (0,0) (0,0) (0,0) (0,0) (0,0) (0,0) (0,0) (0,0) (0,0) (0,0) (1,0) (0,0) (1,1) (0,1) (0,1) (0,0) (0,0) 
(0,0) (0,0) (0,0) (0,0) (0,0) (0,0) (0,0) (0,0) (0,0) (0,0) (0,0) (0,1) (0,1) (0,0) (0,0) (0,0) (0,0) (0,0) 
(0,0) (0,0) (0,0) (0,0) (0,0) (0,0) (0,0) (0,0) (0,0) (0,0) (0,0) (0,0) (1,1) (1,1) (0,0) (0,1) (1,0) (0,0) 
(0,0) (0,0) (0,0) (0,0) (0,0) (0,0) (0,0) (0,0) (0,0) (0,0) (0,0) (0,0) (0,0) (1,1) (1,0) (1,0) (0,0) (0,0) 
(0,0) (0,0) (0,0) (0,0) (0,0) (0,0) (0,0) (0,0) (0,0) (0,0) (0,0) (0,0) (0,0) (0,0) (1,1) (0,0) (0,0) (0,1) 
(0,0) (0,0) (0,0) (0,0) (0,0) (0,0) (0,0) (0,0) (0,0) (0,0) (0,0) (0,0) (0,0) (0,0) (0,0) (0,0) (1,0) (0,0) 
(0,0) (0,0) (0,0) (0,0) (0,0) (0,0) (0,0) (0,0) (0,0) (0,0) (0,0) (0,0) (0,0) (0,0) (0,0) (0,0) (1,0) (0,0) 
(0,0) (0,0) (0,0) (0,0) (0,0) (0,0) (0,0) (0,0) (0,0) (0,0) (0,0) (0,0) (0,0) (0,0) (0,0) (0,0) (0,0) (0,0) 
(0,0) (0,0) (0,0) (0,0) (0,0) (0,0) (0,0) (0,0) (0,0) (0,0) (0,0) (0,0) (0,0) (0,0) (0,0) (0,0) (0,0) (0,0) 

Simple digraph 
1 2 3 6 8 9 12 13 
2 8 11 13 
5 6 8 10 13 14 15 
4 8 
5 7 8 13 14 
6 8 10 11 12 16 
7 8 9 10 11 12 13 14 
8 9 11 12 13 14 
9 10 11 12 13 14 
11 13 14 15 
11 12 
12 13 15 16 
13 14 15 
14 17 
16 
16 






Duration_ModCreation_milliseconds: 335
Duration_GetSolution_milliseconds: 181
Duration_CollectRes_milliseconds: 0

Duration_Total_milliseconds: 785

exitCode 0
code/Main_GetStableMatchings completed
