// General stats
numRotations: 16
numStableMatchings: 29


// Rotations
rotation_0: (11, 82) (32, 77) 
rotProfileMen_0: 0 0 0 -1 0 0 -1 0 0 0 0 0 0 1 0 1 0 0 0 0 0 0 0 0 0 0 0 0 0 0 0 0 0 0 0 0 0 0 0 0 0 0 0 0 0 0 0 0 0 0 0 0 0 0 0 0 0 0 0 0 0 0 0 0 0 0 0 0 0 0 0 0 0 0 0 0 0 0 0 0 0 0 0 0 0 0 0 0 0 0 
rotProfileWomen_0: 0 0 0 0 0 1 0 0 0 0 0 0 0 -1 0 0 0 0 0 0 0 0 0 0 0 1 0 0 0 0 0 0 0 0 0 0 0 0 0 0 0 0 0 0 0 0 0 0 0 0 0 0 0 0 0 0 0 0 0 0 0 0 0 0 0 -1 0 0 0 0 0 0 0 0 0 0 0 0 0 0 0 0 0 0 0 0 0 0 0 0 
rotProfileCombined_0: 0 0 0 -1 0 1 -1 0 0 0 0 0 0 0 0 1 0 0 0 0 0 0 0 0 0 1 0 0 0 0 0 0 0 0 0 0 0 0 0 0 0 0 0 0 0 0 0 0 0 0 0 0 0 0 0 0 0 0 0 0 0 0 0 0 0 -1 0 0 0 0 0 0 0 0 0 0 0 0 0 0 0 0 0 0 0 0 0 0 0 0 
 --- 
rotation_1: (79, 83) (40, 79) (43, 29) (14, 73) (16, 84) (86, 2) (65, 49) (23, 65) 
rotProfileMen_1: -2 -1 1 -1 0 -1 0 0 2 0 0 2 0 0 0 -1 1 0 0 0 0 0 -1 0 0 0 1 0 0 0 0 0 0 0 0 0 0 0 0 0 0 0 0 0 0 0 0 0 0 0 0 0 0 0 0 0 0 0 0 0 0 0 0 0 0 0 0 0 0 0 0 0 0 0 0 0 0 0 0 0 0 0 0 0 0 0 0 0 0 0 
rotProfileWomen_1: 0 1 1 0 0 0 0 1 0 0 -1 1 0 -1 0 0 0 0 0 1 0 0 -1 0 -1 0 0 0 1 0 0 0 0 1 0 -2 0 0 0 0 0 0 0 0 0 1 0 0 0 0 0 0 0 0 0 0 0 0 0 0 0 0 0 0 0 0 0 0 0 0 0 0 -1 0 0 0 0 0 0 0 0 0 0 0 0 -1 0 0 0 0 
rotProfileCombined_1: -2 0 2 -1 0 -1 0 1 2 0 -1 3 0 -1 0 -1 1 0 0 1 0 0 -2 0 -1 0 1 0 1 0 0 0 0 1 0 -2 0 0 0 0 0 0 0 0 0 1 0 0 0 0 0 0 0 0 0 0 0 0 0 0 0 0 0 0 0 0 0 0 0 0 0 0 -1 0 0 0 0 0 0 0 0 0 0 0 0 -1 0 0 0 0 
 --- 
rotation_2: (1, 22) (40, 29) 
rotProfileMen_2: 0 0 0 0 0 0 0 0 0 0 0 0 0 0 0 0 0 0 0 0 0 0 0 0 -1 0 -1 0 0 0 0 0 0 0 1 0 0 1 0 0 0 0 0 0 0 0 0 0 0 0 0 0 0 0 0 0 0 0 0 0 0 0 0 0 0 0 0 0 0 0 0 0 0 0 0 0 0 0 0 0 0 0 0 0 0 0 0 0 0 0 
rotProfileWomen_2: 0 0 0 0 0 0 0 0 0 0 1 0 1 0 0 0 -1 0 0 -1 0 0 0 0 0 0 0 0 0 0 0 0 0 0 0 0 0 0 0 0 0 0 0 0 0 0 0 0 0 0 0 0 0 0 0 0 0 0 0 0 0 0 0 0 0 0 0 0 0 0 0 0 0 0 0 0 0 0 0 0 0 0 0 0 0 0 0 0 0 0 
rotProfileCombined_2: 0 0 0 0 0 0 0 0 0 0 1 0 1 0 0 0 -1 0 0 -1 0 0 0 0 -1 0 -1 0 0 0 0 0 0 0 1 0 0 1 0 0 0 0 0 0 0 0 0 0 0 0 0 0 0 0 0 0 0 0 0 0 0 0 0 0 0 0 0 0 0 0 0 0 0 0 0 0 0 0 0 0 0 0 0 0 0 0 0 0 0 0 
 --- 
rotation_3: (36, 42) (17, 51) (32, 82) (39, 60) 
rotProfileMen_3: 0 0 -1 -1 0 0 0 0 1 0 0 0 0 -1 0 0 1 0 0 0 0 0 0 0 0 0 0 0 0 0 0 1 0 0 0 0 0 0 0 0 0 0 0 0 0 0 0 0 0 0 0 0 0 0 0 0 0 0 0 0 0 0 0 0 0 0 0 0 0 0 0 0 0 0 0 0 0 0 0 0 0 0 0 0 0 0 0 0 0 0 
rotProfileWomen_3: 0 0 0 1 0 -1 0 0 0 0 0 0 0 0 0 0 1 0 0 -1 0 0 0 0 0 0 0 0 0 0 1 0 0 -1 0 0 0 0 0 0 0 0 0 0 0 1 0 0 0 0 0 0 0 0 0 0 0 0 0 0 0 0 0 0 0 0 0 0 0 0 0 0 0 0 0 0 0 0 0 0 0 0 0 0 0 0 -1 0 0 0 
rotProfileCombined_3: 0 0 -1 0 0 -1 0 0 1 0 0 0 0 -1 0 0 2 0 0 -1 0 0 0 0 0 0 0 0 0 0 1 1 0 -1 0 0 0 0 0 0 0 0 0 0 0 1 0 0 0 0 0 0 0 0 0 0 0 0 0 0 0 0 0 0 0 0 0 0 0 0 0 0 0 0 0 0 0 0 0 0 0 0 0 0 0 0 -1 0 0 0 
 --- 
rotation_4: (37, 87) (88, 31) (71, 26) (73, 35) (16, 2) (22, 5) 
rotProfileMen_4: 0 -1 -1 2 0 -1 0 -1 -1 0 0 0 0 0 0 0 0 0 3 0 0 0 0 0 0 0 0 0 0 0 0 0 0 0 0 0 0 0 0 0 0 0 0 0 0 0 0 0 0 0 0 0 0 0 0 0 0 0 0 0 0 0 0 0 0 0 0 0 0 0 0 0 0 0 0 0 0 0 0 0 0 0 0 0 0 0 0 0 0 0 
rotProfileWomen_4: 1 0 0 0 0 1 1 0 1 0 0 0 0 0 -1 0 0 -1 0 0 0 1 0 0 0 0 0 0 -1 0 0 0 0 0 0 0 0 0 0 0 0 0 -1 -1 0 0 0 0 0 0 0 0 0 0 0 0 0 0 0 0 0 0 0 0 0 0 0 0 0 0 0 0 0 0 0 0 0 0 0 0 0 0 0 0 0 0 0 0 0 0 
rotProfileCombined_4: 1 -1 -1 2 0 0 1 -1 0 0 0 0 0 0 -1 0 0 -1 3 0 0 1 0 0 0 0 0 0 -1 0 0 0 0 0 0 0 0 0 0 0 0 0 -1 -1 0 0 0 0 0 0 0 0 0 0 0 0 0 0 0 0 0 0 0 0 0 0 0 0 0 0 0 0 0 0 0 0 0 0 0 0 0 0 0 0 0 0 0 0 0 0 
 --- 
rotation_5: (2, 9) (86, 49) (55, 86) (16, 5) (50, 19) (38, 3) 
rotProfileMen_5: -3 0 0 0 0 0 0 1 -1 0 0 1 0 1 0 -1 0 0 -1 0 1 0 0 1 0 0 0 0 0 0 0 0 1 0 0 0 0 0 0 0 0 0 0 0 0 0 0 0 0 0 0 0 0 0 0 0 0 0 0 0 0 0 0 0 0 0 0 0 0 0 0 0 0 0 0 0 0 0 0 0 0 0 0 0 0 0 0 0 0 0 
rotProfileWomen_5: 1 1 0 1 0 0 -1 0 0 0 1 0 0 -1 0 0 1 0 0 0 -1 0 0 0 -1 0 0 0 0 0 0 0 0 0 0 0 0 0 0 0 0 1 -1 0 0 -1 0 0 0 0 0 0 0 0 0 0 0 0 0 0 0 0 0 0 0 0 0 0 0 0 0 0 0 0 0 0 0 0 0 0 0 0 0 0 0 0 0 0 0 0 
rotProfileCombined_5: -2 1 0 1 0 0 -1 1 -1 0 1 1 0 0 0 -1 1 0 -1 0 0 0 0 1 -1 0 0 0 0 0 0 0 1 0 0 0 0 0 0 0 0 1 -1 0 0 -1 0 0 0 0 0 0 0 0 0 0 0 0 0 0 0 0 0 0 0 0 0 0 0 0 0 0 0 0 0 0 0 0 0 0 0 0 0 0 0 0 0 0 0 0 
 --- 
rotation_6: (2, 49) (42, 81) (76, 39) (29, 62) (20, 14) (32, 60) (4, 4) (55, 5) (28, 23) 
rotProfileMen_6: 0 -1 -2 1 -1 0 -1 -1 0 2 1 0 0 1 0 0 0 0 1 0 0 0 0 0 0 0 0 0 0 0 0 -1 -1 0 0 1 0 0 1 0 0 0 0 0 0 0 0 0 0 0 0 0 0 0 0 0 0 0 0 0 0 0 0 0 0 0 0 0 0 0 0 0 0 0 0 0 0 0 0 0 0 0 0 0 0 0 0 0 0 0 
rotProfileWomen_6: 0 0 2 -1 0 0 1 0 0 0 2 0 0 -1 1 0 -2 0 0 -1 0 0 0 0 0 0 0 0 0 0 0 0 0 0 0 0 0 0 0 0 0 -1 0 0 1 0 0 0 0 0 0 -1 0 0 0 0 0 0 1 0 0 0 0 0 0 0 0 0 0 0 0 0 0 0 0 0 0 0 0 0 0 0 0 -1 0 0 0 0 0 0 
rotProfileCombined_6: 0 -1 0 0 -1 0 0 -1 0 2 3 0 0 0 1 0 -2 0 1 -1 0 0 0 0 0 0 0 0 0 0 0 -1 -1 0 0 1 0 0 1 0 0 -1 0 0 1 0 0 0 0 0 0 -1 0 0 0 0 0 0 1 0 0 0 0 0 0 0 0 0 0 0 0 0 0 0 0 0 0 0 0 0 0 0 0 -1 0 0 0 0 0 0 
 --- 
rotation_7: (72, 15) (69, 25) (21, 59) (32, 4) 
rotProfileMen_7: -1 0 -1 0 0 0 0 0 2 0 0 0 0 0 0 0 0 0 0 0 0 0 0 0 0 0 0 0 0 0 0 0 0 0 0 0 0 0 -1 0 0 0 0 0 0 0 0 0 1 0 0 0 0 0 0 0 0 0 0 0 0 0 0 0 0 0 0 0 0 0 0 0 0 0 0 0 0 0 0 0 0 0 0 0 0 0 0 0 0 0 
rotProfileWomen_7: 0 0 1 1 0 0 0 0 0 1 -1 -1 0 0 0 0 0 0 0 0 0 0 -1 0 0 0 0 0 0 0 0 0 0 0 0 0 0 0 0 0 1 0 0 0 0 0 0 0 0 0 0 0 0 0 0 0 0 0 -1 0 0 0 0 0 0 0 0 0 0 0 0 0 0 0 0 0 0 0 0 0 0 0 0 0 0 0 0 0 0 0 
rotProfileCombined_7: -1 0 0 1 0 0 0 0 2 1 -1 -1 0 0 0 0 0 0 0 0 0 0 -1 0 0 0 0 0 0 0 0 0 0 0 0 0 0 0 -1 0 1 0 0 0 0 0 0 0 1 0 0 0 0 0 0 0 0 0 -1 0 0 0 0 0 0 0 0 0 0 0 0 0 0 0 0 0 0 0 0 0 0 0 0 0 0 0 0 0 0 0 
 --- 
rotation_8: (2, 81) (39, 42) (32, 15) (67, 43) (55, 23) 
rotProfileMen_8: -1 0 0 0 0 0 0 0 -1 0 0 0 0 -1 0 1 0 1 1 0 0 0 0 0 0 0 0 0 0 0 0 0 0 0 0 -1 0 0 0 0 0 1 0 0 0 0 0 0 -1 0 0 0 0 1 0 0 0 0 0 0 0 0 0 0 0 0 0 0 0 0 0 0 0 0 0 0 0 0 0 0 0 0 0 0 0 0 0 0 0 0 
rotProfileWomen_8: 0 0 1 0 0 0 1 0 0 -1 0 -1 1 0 0 0 0 0 0 0 0 1 0 0 0 0 0 0 0 1 0 0 0 0 0 0 0 0 0 0 0 0 -1 0 -1 -1 0 0 0 0 0 0 0 0 0 0 0 0 0 0 0 0 0 0 0 0 0 0 0 0 0 0 0 0 0 0 0 0 0 0 0 0 0 0 0 0 0 0 0 0 
rotProfileCombined_8: -1 0 1 0 0 0 1 0 -1 -1 0 -1 1 -1 0 1 0 1 1 0 0 1 0 0 0 0 0 0 0 1 0 0 0 0 0 -1 0 0 0 0 0 1 -1 0 -1 -1 0 0 -1 0 0 0 0 1 0 0 0 0 0 0 0 0 0 0 0 0 0 0 0 0 0 0 0 0 0 0 0 0 0 0 0 0 0 0 0 0 0 0 0 0 
 --- 
rotation_9: (10, 16) (53, 44) (38, 9) (23, 83) (22, 87) (30, 13) (80, 24) (33, 27) 
rotProfileMen_9: -2 0 0 -1 1 -1 0 -1 1 0 0 1 1 -2 1 0 0 0 0 0 0 0 0 0 0 0 0 1 0 0 0 0 0 1 0 0 0 0 0 0 0 0 0 0 0 0 0 0 0 0 0 0 0 0 0 0 0 0 0 0 0 0 0 0 0 0 0 0 0 0 0 0 0 0 0 0 0 0 0 0 0 0 0 0 0 0 0 0 0 0 
rotProfileWomen_9: 1 -1 2 0 0 1 -1 0 3 0 0 -1 -1 0 0 0 -1 0 0 0 0 -1 0 -1 0 0 0 0 0 0 0 0 0 0 0 0 0 0 0 0 0 0 0 0 0 0 0 0 0 0 0 0 0 0 0 0 0 0 0 0 0 0 0 0 0 0 0 0 0 0 0 0 0 0 0 0 0 0 0 0 0 0 0 0 0 0 0 0 0 0 
rotProfileCombined_9: -1 -1 2 -1 1 0 -1 -1 4 0 0 0 0 -2 1 0 -1 0 0 0 0 -1 0 -1 0 0 0 1 0 0 0 0 0 1 0 0 0 0 0 0 0 0 0 0 0 0 0 0 0 0 0 0 0 0 0 0 0 0 0 0 0 0 0 0 0 0 0 0 0 0 0 0 0 0 0 0 0 0 0 0 0 0 0 0 0 0 0 0 0 0 
 --- 
rotation_10: (36, 51) (32, 43) (67, 23) (58, 52) (88, 26) (57, 56) (28, 49) 
rotProfileMen_10: -1 0 0 0 0 -1 0 1 0 -1 0 0 0 0 0 0 -1 -1 -1 0 0 0 0 2 1 0 0 0 0 0 0 0 0 0 0 0 1 0 0 0 1 0 0 0 0 0 0 0 0 0 0 0 0 -1 0 0 0 0 0 0 0 0 1 0 0 0 0 0 0 0 0 0 0 0 0 0 0 0 0 0 0 0 0 0 0 0 0 0 0 0 
rotProfileWomen_10: 0 0 1 0 0 0 0 2 -1 1 0 1 0 0 0 0 -1 0 0 0 0 -1 0 -1 0 0 1 0 0 -1 -1 0 0 0 0 0 0 0 0 0 0 0 0 0 0 0 0 0 0 0 0 0 0 0 0 0 0 0 0 0 0 0 0 0 0 0 0 0 0 0 0 0 0 0 0 0 0 0 0 0 0 0 0 0 0 0 0 0 0 0 
rotProfileCombined_10: -1 0 1 0 0 -1 0 3 -1 0 0 1 0 0 0 0 -2 -1 -1 0 0 -1 0 1 1 0 1 0 0 -1 -1 0 0 0 0 0 1 0 0 0 1 0 0 0 0 0 0 0 0 0 0 0 0 -1 0 0 0 0 0 0 0 0 1 0 0 0 0 0 0 0 0 0 0 0 0 0 0 0 0 0 0 0 0 0 0 0 0 0 0 0 
 --- 
rotation_11: (2, 42) (28, 51) (38, 83) (80, 27) (19, 32) (48, 88) (21, 4) (6, 18) (67, 52) (43, 73) (3, 50) (79, 79) (47, 12) (73, 2) (42, 39) (56, 7) (20, 60) (15, 11) (11, 77) 
rotProfileMen_11: -1 -2 -1 -1 0 1 1 1 2 0 -1 -2 -2 0 -1 -1 2 0 -2 0 1 1 0 -1 0 1 0 0 0 0 0 0 2 0 1 0 -1 0 0 0 0 0 0 0 1 0 0 1 0 0 0 0 0 0 0 0 0 0 0 0 0 0 1 0 0 0 0 0 0 0 0 0 0 0 0 0 0 0 0 0 0 0 0 0 0 0 0 0 0 0 
rotProfileWomen_11: 0 0 3 0 1 1 1 0 0 0 -3 0 2 0 -1 0 2 -1 0 -1 0 -1 -1 0 1 -1 0 0 0 0 0 0 0 -1 0 0 0 0 0 0 -1 0 0 0 0 0 0 0 0 0 0 0 0 0 0 0 0 0 0 0 0 0 0 0 0 0 0 0 0 0 0 0 0 0 0 0 0 0 0 0 0 0 0 0 0 0 0 0 0 0 
rotProfileCombined_11: -1 -2 2 -1 1 2 2 1 2 0 -4 -2 0 0 -2 -1 4 -1 -2 -1 1 0 -1 -1 1 0 0 0 0 0 0 0 2 -1 1 0 -1 0 0 0 -1 0 0 0 1 0 0 1 0 0 0 0 0 0 0 0 0 0 0 0 0 0 1 0 0 0 0 0 0 0 0 0 0 0 0 0 0 0 0 0 0 0 0 0 0 0 0 0 0 0 
 --- 
rotation_12: (4, 5) (75, 76) (29, 14) (72, 25) (17, 82) (11, 42) (61, 90) (46, 71) (21, 18) (63, 69) (18, 28) 
rotProfileMen_12: 0 -2 0 0 -3 -2 -1 0 2 0 -1 0 0 1 1 0 0 0 -1 0 0 0 1 0 0 0 0 0 1 1 1 0 0 0 0 0 0 0 0 0 0 0 0 0 0 0 1 0 0 0 0 0 0 0 0 0 1 0 0 0 0 0 0 0 0 0 0 0 0 0 0 0 0 0 0 0 0 0 0 0 0 0 0 0 0 0 0 0 0 0 
rotProfileWomen_12: 2 2 -1 -1 0 3 -1 -1 1 0 0 -2 0 1 -1 -1 -1 0 0 0 0 0 0 0 0 0 0 0 0 0 0 0 0 0 0 0 0 0 0 0 0 0 0 0 0 0 0 0 0 0 0 0 0 0 0 0 0 0 0 0 0 0 0 0 0 0 0 0 0 0 0 0 0 0 0 0 0 0 0 0 0 0 0 0 0 0 0 0 0 0 
rotProfileCombined_12: 2 0 -1 -1 -3 1 -2 -1 3 0 -1 -2 0 2 0 -1 -1 0 -1 0 0 0 1 0 0 0 0 0 1 1 1 0 0 0 0 0 0 0 0 0 0 0 0 0 0 0 1 0 0 0 0 0 0 0 0 0 1 0 0 0 0 0 0 0 0 0 0 0 0 0 0 0 0 0 0 0 0 0 0 0 0 0 0 0 0 0 0 0 0 0 
 --- 
rotation_13: (4, 76) (32, 23) 
rotProfileMen_13: 0 0 0 0 0 0 0 0 0 0 0 0 0 0 0 0 0 0 0 0 0 0 0 0 0 0 0 0 -1 0 0 0 0 0 0 0 0 0 0 0 1 0 0 0 0 0 0 0 0 0 0 0 0 0 0 0 0 0 0 0 0 0 -1 0 0 0 0 1 0 0 0 0 0 0 0 0 0 0 0 0 0 0 0 0 0 0 0 0 0 0 
rotProfileWomen_13: 0 0 1 0 0 0 0 0 0 0 0 0 0 0 0 0 0 0 0 0 0 0 0 0 0 0 -1 0 0 0 0 0 0 0 0 0 0 0 0 0 0 0 0 0 0 0 0 0 0 0 0 0 0 0 0 0 0 0 0 0 0 0 0 0 0 0 0 0 0 0 0 0 0 0 0 0 0 0 0 0 0 0 0 0 0 0 0 0 0 0 
rotProfileCombined_13: 0 0 1 0 0 0 0 0 0 0 0 0 0 0 0 0 0 0 0 0 0 0 0 0 0 0 -1 0 -1 0 0 0 0 0 0 0 0 0 0 0 1 0 0 0 0 0 0 0 0 0 0 0 0 0 0 0 0 0 0 0 0 0 -1 0 0 0 0 1 0 0 0 0 0 0 0 0 0 0 0 0 0 0 0 0 0 0 0 0 0 0 
 --- 
rotation_14: (11, 90) (80, 32) 
rotProfileMen_14: 0 0 0 0 0 0 0 0 0 0 0 0 0 0 0 0 0 0 0 0 0 0 -1 0 0 0 0 0 0 0 0 0 0 0 -1 0 0 0 0 0 0 1 0 0 0 0 0 1 0 0 0 0 0 0 0 0 0 0 0 0 0 0 0 0 0 0 0 0 0 0 0 0 0 0 0 0 0 0 0 0 0 0 0 0 0 0 0 0 0 0 
rotProfileWomen_14: 0 0 0 0 0 0 0 0 1 0 -1 0 0 0 1 -1 0 0 0 0 0 0 0 0 0 0 0 0 0 0 0 0 0 0 0 0 0 0 0 0 0 0 0 0 0 0 0 0 0 0 0 0 0 0 0 0 0 0 0 0 0 0 0 0 0 0 0 0 0 0 0 0 0 0 0 0 0 0 0 0 0 0 0 0 0 0 0 0 0 0 
rotProfileCombined_14: 0 0 0 0 0 0 0 0 1 0 -1 0 0 0 1 -1 0 0 0 0 0 0 -1 0 0 0 0 0 0 0 0 0 0 0 -1 0 0 0 0 0 0 1 0 0 0 0 0 1 0 0 0 0 0 0 0 0 0 0 0 0 0 0 0 0 0 0 0 0 0 0 0 0 0 0 0 0 0 0 0 0 0 0 0 0 0 0 0 0 0 0 
 --- 
rotation_15: (16, 19) (71, 35) (20, 11) (40, 22) 
rotProfileMen_15: 0 0 0 0 0 0 0 0 -1 0 0 0 0 0 0 0 -1 0 0 0 0 0 0 0 0 0 0 0 1 0 0 0 0 0 0 0 0 -1 0 0 0 0 0 0 0 0 0 0 0 0 0 0 0 0 1 0 0 0 0 0 0 0 0 0 1 0 0 0 0 0 0 0 0 0 0 0 0 0 0 0 0 0 0 0 0 0 0 0 0 0 
rotProfileWomen_15: 0 0 0 0 2 -1 0 1 0 1 -3 0 0 0 0 0 0 0 0 0 0 0 0 0 0 0 0 0 0 0 0 0 0 0 0 0 0 0 0 0 0 0 0 0 0 0 0 0 0 0 0 0 0 0 0 0 0 0 0 0 0 0 0 0 0 0 0 0 0 0 0 0 0 0 0 0 0 0 0 0 0 0 0 0 0 0 0 0 0 0 
rotProfileCombined_15: 0 0 0 0 2 -1 0 1 -1 1 -3 0 0 0 0 0 -1 0 0 0 0 0 0 0 0 0 0 0 1 0 0 0 0 0 0 0 0 -1 0 0 0 0 0 0 0 0 0 0 0 0 0 0 0 0 1 0 0 0 0 0 0 0 0 0 1 0 0 0 0 0 0 0 0 0 0 0 0 0 0 0 0 0 0 0 0 0 0 0 0 0 
 --- 


// Stable matchings
// found using rotations not digraph

optimal_stable_matchings: 
rank-maximal_index: 0
generous_index: 27
sex_equal_index: 10
egalitarian_index: 9
generalisedMedian_index: 8

stable_matching_list:
22 9 50 4 10 18 70 85 17 16 82 33 75 73 11 84 51 28 32 14 59 5 65 8 64 38 41 23 62 13 48 77 27 54 57 42 87 3 60 79 89 81 29 37 66 71 12 88 1 19 47 36 44 40 86 7 56 52 68 21 90 45 69 78 49 61 43 6 25 34 26 15 35 74 76 39 55 58 83 24 53 72 80 67 63 2 46 31 30 20 
22 9 50 4 10 18 70 85 17 16 77 33 75 73 11 84 51 28 32 14 59 5 65 8 64 38 41 23 62 13 48 82 27 54 57 42 87 3 60 79 89 81 29 37 66 71 12 88 1 19 47 36 44 40 86 7 56 52 68 21 90 45 69 78 49 61 43 6 25 34 26 15 35 74 76 39 55 58 83 24 53 72 80 67 63 2 46 31 30 20 
22 9 50 4 10 18 70 85 17 16 77 33 75 84 11 2 51 28 32 14 59 5 83 8 64 38 41 23 62 13 48 82 27 54 57 42 87 3 60 29 89 81 73 37 66 71 12 88 1 19 47 36 44 40 86 7 56 52 68 21 90 45 69 78 65 61 43 6 25 34 26 15 35 74 76 39 55 58 79 24 53 72 80 67 63 49 46 31 30 20 
29 9 50 4 10 18 70 85 17 16 77 33 75 84 11 2 51 28 32 14 59 5 83 8 64 38 41 23 62 13 48 82 27 54 57 42 87 3 60 22 89 81 73 37 66 71 12 88 1 19 47 36 44 40 86 7 56 52 68 21 90 45 69 78 65 61 43 6 25 34 26 15 35 74 76 39 55 58 79 24 53 72 80 67 63 49 46 31 30 20 
29 9 50 4 10 18 70 85 17 16 77 33 75 84 11 2 82 28 32 14 59 5 83 8 64 38 41 23 62 13 48 60 27 54 57 51 87 3 42 22 89 81 73 37 66 71 12 88 1 19 47 36 44 40 86 7 56 52 68 21 90 45 69 78 65 61 43 6 25 34 26 15 35 74 76 39 55 58 79 24 53 72 80 67 63 49 46 31 30 20 
29 9 50 4 10 18 70 85 17 16 77 33 75 84 11 5 82 28 32 14 59 87 83 8 64 38 41 23 62 13 48 60 27 54 57 51 31 3 42 22 89 81 73 37 66 71 12 88 1 19 47 36 44 40 86 7 56 52 68 21 90 45 69 78 65 61 43 6 25 34 35 15 2 74 76 39 55 58 79 24 53 72 80 67 63 49 46 26 30 20 
29 49 50 4 10 18 70 85 17 16 77 33 75 84 11 19 82 28 32 14 59 87 83 8 64 38 41 23 62 13 48 60 27 54 57 51 31 9 42 22 89 81 73 37 66 71 12 88 1 3 47 36 44 40 5 7 56 52 68 21 90 45 69 78 65 61 43 6 25 34 35 15 2 74 76 39 55 58 79 24 53 72 80 67 63 86 46 26 30 20 
29 81 50 5 10 18 70 85 17 16 77 33 75 84 11 19 82 28 32 60 59 87 83 8 64 38 41 49 14 13 48 4 27 54 57 51 31 9 42 22 89 39 73 37 66 71 12 88 1 3 47 36 44 40 23 7 56 52 68 21 90 45 69 78 65 61 43 6 25 34 35 15 2 74 76 62 55 58 79 24 53 72 80 67 63 86 46 26 30 20 
29 81 50 5 10 18 70 85 17 16 77 33 75 84 11 19 82 28 32 60 4 87 83 8 64 38 41 49 14 13 48 15 27 54 57 51 31 9 42 22 89 39 73 37 66 71 12 88 1 3 47 36 44 40 23 7 56 52 68 21 90 45 69 78 65 61 43 6 59 34 35 25 2 74 76 62 55 58 79 24 53 72 80 67 63 86 46 26 30 20 
29 42 50 5 10 18 70 85 17 16 77 33 75 84 11 19 82 28 32 60 4 87 83 8 64 38 41 49 14 13 48 43 27 54 57 51 31 9 15 22 89 39 73 37 66 71 12 88 1 3 47 36 44 40 81 7 56 52 68 21 90 45 69 78 65 61 23 6 59 34 35 25 2 74 76 62 55 58 79 24 53 72 80 67 63 86 46 26 30 20 
29 42 50 5 10 18 70 85 17 44 77 33 75 84 11 19 82 28 32 60 4 13 87 8 64 38 41 49 14 24 48 43 16 54 57 51 31 83 15 22 89 39 73 37 66 71 12 88 1 3 47 36 9 40 81 7 56 52 68 21 90 45 69 78 65 61 23 6 59 34 35 25 2 74 76 62 55 58 79 27 53 72 80 67 63 86 46 26 30 20 
29 42 50 5 10 18 70 85 17 44 77 33 75 84 11 19 82 28 32 60 4 13 87 8 64 38 41 51 14 24 48 23 16 54 57 43 31 83 15 22 89 39 73 37 66 71 12 88 1 3 47 36 9 40 81 7 49 26 68 21 90 45 69 78 65 61 52 6 59 34 35 25 2 74 76 62 55 58 79 27 53 72 80 67 63 86 46 56 30 20 
29 51 79 5 10 52 70 85 17 44 42 33 75 84 77 19 82 28 88 11 18 13 87 8 64 38 41 83 14 24 48 23 16 54 57 43 31 27 15 22 89 7 50 37 66 71 2 4 1 3 47 36 9 40 81 60 49 26 68 21 90 45 69 78 65 61 73 6 59 34 35 25 39 74 76 62 55 58 12 32 53 72 80 67 63 86 46 56 30 20 
29 51 79 76 10 52 70 85 17 44 90 33 75 84 77 19 42 5 88 11 69 13 87 8 64 38 41 83 25 24 48 23 16 54 57 43 31 27 15 22 89 7 50 37 66 18 2 4 1 3 47 36 9 40 81 60 49 26 68 21 71 45 28 78 65 61 73 6 59 34 35 82 39 74 14 62 55 58 12 32 53 72 80 67 63 86 46 56 30 20 
29 51 79 76 10 52 70 85 17 44 90 33 75 84 77 35 42 5 88 22 69 13 87 8 64 38 41 83 25 24 48 23 16 54 57 43 31 27 15 19 89 7 50 37 66 18 2 4 1 3 47 36 9 40 81 60 49 26 68 21 71 45 28 78 65 61 73 6 59 34 11 82 39 74 14 62 55 58 12 32 53 72 80 67 63 86 46 56 30 20 
29 51 79 23 10 52 70 85 17 44 90 33 75 84 77 19 42 5 88 11 69 13 87 8 64 38 41 83 25 24 48 76 16 54 57 43 31 27 15 22 89 7 50 37 66 18 2 4 1 3 47 36 9 40 81 60 49 26 68 21 71 45 28 78 65 61 73 6 59 34 35 82 39 74 14 62 55 58 12 32 53 72 80 67 63 86 46 56 30 20 
29 51 79 23 10 52 70 85 17 44 90 33 75 84 77 35 42 5 88 22 69 13 87 8 64 38 41 83 25 24 48 76 16 54 57 43 31 27 15 19 89 7 50 37 66 18 2 4 1 3 47 36 9 40 81 60 49 26 68 21 71 45 28 78 65 61 73 6 59 34 11 82 39 74 14 62 55 58 12 32 53 72 80 67 63 86 46 56 30 20 
29 51 79 23 10 52 70 85 17 44 32 33 75 84 77 19 42 5 88 11 69 13 87 8 64 38 41 83 25 24 48 76 16 54 57 43 31 27 15 22 89 7 50 37 66 18 2 4 1 3 47 36 9 40 81 60 49 26 68 21 71 45 28 78 65 61 73 6 59 34 35 82 39 74 14 62 55 58 12 90 53 72 80 67 63 86 46 56 30 20 
29 51 79 23 10 52 70 85 17 44 32 33 75 84 77 35 42 5 88 22 69 13 87 8 64 38 41 83 25 24 48 76 16 54 57 43 31 27 15 19 89 7 50 37 66 18 2 4 1 3 47 36 9 40 81 60 49 26 68 21 71 45 28 78 65 61 73 6 59 34 11 82 39 74 14 62 55 58 12 90 53 72 80 67 63 86 46 56 30 20 
29 51 79 76 10 52 70 85 17 44 32 33 75 84 77 19 42 5 88 11 69 13 87 8 64 38 41 83 25 24 48 23 16 54 57 43 31 27 15 22 89 7 50 37 66 18 2 4 1 3 47 36 9 40 81 60 49 26 68 21 71 45 28 78 65 61 73 6 59 34 35 82 39 74 14 62 55 58 12 90 53 72 80 67 63 86 46 56 30 20 
29 51 79 76 10 52 70 85 17 44 32 33 75 84 77 35 42 5 88 22 69 13 87 8 64 38 41 83 25 24 48 23 16 54 57 43 31 27 15 19 89 7 50 37 66 18 2 4 1 3 47 36 9 40 81 60 49 26 68 21 71 45 28 78 65 61 73 6 59 34 11 82 39 74 14 62 55 58 12 90 53 72 80 67 63 86 46 56 30 20 
29 51 79 5 10 52 70 85 17 44 42 33 75 84 77 35 82 28 88 22 18 13 87 8 64 38 41 83 14 24 48 23 16 54 57 43 31 27 15 19 89 7 50 37 66 71 2 4 1 3 47 36 9 40 81 60 49 26 68 21 90 45 69 78 65 61 73 6 59 34 11 25 39 74 76 62 55 58 12 32 53 72 80 67 63 86 46 56 30 20 
29 9 50 4 10 18 70 85 17 16 77 33 75 84 11 5 51 28 32 14 59 87 83 8 64 38 41 23 62 13 48 82 27 54 57 42 31 3 60 22 89 81 73 37 66 71 12 88 1 19 47 36 44 40 86 7 56 52 68 21 90 45 69 78 65 61 43 6 25 34 35 15 2 74 76 39 55 58 79 24 53 72 80 67 63 49 46 26 30 20 
22 9 50 4 10 18 70 85 17 16 77 33 75 84 11 2 82 28 32 14 59 5 83 8 64 38 41 23 62 13 48 60 27 54 57 51 87 3 42 29 89 81 73 37 66 71 12 88 1 19 47 36 44 40 86 7 56 52 68 21 90 45 69 78 65 61 43 6 25 34 26 15 35 74 76 39 55 58 79 24 53 72 80 67 63 49 46 31 30 20 
22 9 50 4 10 18 70 85 17 16 77 33 75 84 11 5 82 28 32 14 59 87 83 8 64 38 41 23 62 13 48 60 27 54 57 51 31 3 42 29 89 81 73 37 66 71 12 88 1 19 47 36 44 40 86 7 56 52 68 21 90 45 69 78 65 61 43 6 25 34 35 15 2 74 76 39 55 58 79 24 53 72 80 67 63 49 46 26 30 20 
22 49 50 4 10 18 70 85 17 16 77 33 75 84 11 19 82 28 32 14 59 87 83 8 64 38 41 23 62 13 48 60 27 54 57 51 31 9 42 29 89 81 73 37 66 71 12 88 1 3 47 36 44 40 5 7 56 52 68 21 90 45 69 78 65 61 43 6 25 34 35 15 2 74 76 39 55 58 79 24 53 72 80 67 63 86 46 26 30 20 
22 81 50 5 10 18 70 85 17 16 77 33 75 84 11 19 82 28 32 60 59 87 83 8 64 38 41 49 14 13 48 4 27 54 57 51 31 9 42 29 89 39 73 37 66 71 12 88 1 3 47 36 44 40 23 7 56 52 68 21 90 45 69 78 65 61 43 6 25 34 35 15 2 74 76 62 55 58 79 24 53 72 80 67 63 86 46 26 30 20 
22 81 50 5 10 18 70 85 17 16 77 33 75 84 11 19 82 28 32 60 4 87 83 8 64 38 41 49 14 13 48 15 27 54 57 51 31 9 42 29 89 39 73 37 66 71 12 88 1 3 47 36 44 40 23 7 56 52 68 21 90 45 69 78 65 61 43 6 59 34 35 25 2 74 76 62 55 58 79 24 53 72 80 67 63 86 46 26 30 20 
22 9 50 4 10 18 70 85 17 16 77 33 75 84 11 5 51 28 32 14 59 87 83 8 64 38 41 23 62 13 48 82 27 54 57 42 31 3 60 29 89 81 73 37 66 71 12 88 1 19 47 36 44 40 86 7 56 52 68 21 90 45 69 78 65 61 43 6 25 34 35 15 2 74 76 39 55 58 79 24 53 72 80 67 63 49 46 26 30 20 


matching_0: 22 9 50 4 10 18 70 85 17 16 82 33 75 73 11 84 51 28 32 14 59 5 65 8 64 38 41 23 62 13 48 77 27 54 57 42 87 3 60 79 89 81 29 37 66 71 12 88 1 19 47 36 44 40 86 7 56 52 68 21 90 45 69 78 49 61 43 6 25 34 26 15 35 74 76 39 55 58 83 24 53 72 80 67 63 2 46 31 30 20 
profileMen_0: 20 17 8 5 8 12 3 5 1 2 1 1 1 2 0 2 0 0 0 0 0 0 1 0 1 0 0 0 0 0 0 0 0 0 0 0 0 0 0 0 0 0 0 0 0 0 0 0 0 0 0 0 0 0 0 0 0 0 0 0 0 0 0 0 0 0 0 0 0 0 0 0 0 0 0 0 0 0 0 0 0 0 0 0 0 0 0 0 0 0 
profileWomen_0: 8 6 4 8 3 2 3 1 0 1 6 3 2 5 3 2 3 2 1 3 2 1 3 3 2 0 0 0 0 0 0 0 0 1 0 2 0 0 0 0 0 0 3 1 0 0 0 0 0 0 0 1 0 0 0 0 0 0 0 0 0 0 0 0 0 1 0 0 0 0 0 0 1 0 0 0 0 0 0 0 0 0 0 1 0 1 1 0 0 0 
profileCombined_0: 28 23 12 13 11 14 6 6 1 3 7 4 3 7 3 4 3 2 1 3 2 1 4 3 3 0 0 0 0 0 0 0 0 1 0 2 0 0 0 0 0 0 3 1 0 0 0 0 0 0 0 1 0 0 0 0 0 0 0 0 0 0 0 0 0 1 0 0 0 0 0 0 1 0 0 0 0 0 0 0 0 0 0 1 0 1 1 0 0 0 
costMen_0: 444
costWomen_0: 1553
costCombined_0: 1997
sexEquality_0: 1109

 --- 
matching_1: 22 9 50 4 10 18 70 85 17 16 77 33 75 73 11 84 51 28 32 14 59 5 65 8 64 38 41 23 62 13 48 82 27 54 57 42 87 3 60 79 89 81 29 37 66 71 12 88 1 19 47 36 44 40 86 7 56 52 68 21 90 45 69 78 49 61 43 6 25 34 26 15 35 74 76 39 55 58 83 24 53 72 80 67 63 2 46 31 30 20 
profileMen_1: 20 17 8 4 8 12 2 5 1 2 1 1 1 3 0 3 0 0 0 0 0 0 1 0 1 0 0 0 0 0 0 0 0 0 0 0 0 0 0 0 0 0 0 0 0 0 0 0 0 0 0 0 0 0 0 0 0 0 0 0 0 0 0 0 0 0 0 0 0 0 0 0 0 0 0 0 0 0 0 0 0 0 0 0 0 0 0 0 0 0 
profileWomen_1: 8 6 4 8 3 3 3 1 0 1 6 3 2 4 3 2 3 2 1 3 2 1 3 3 2 1 0 0 0 0 0 0 0 1 0 2 0 0 0 0 0 0 3 1 0 0 0 0 0 0 0 1 0 0 0 0 0 0 0 0 0 0 0 0 0 0 0 0 0 0 0 0 1 0 0 0 0 0 0 0 0 0 0 1 0 1 1 0 0 0 
profileCombined_1: 28 23 12 12 11 15 5 6 1 3 7 4 3 7 3 5 3 2 1 3 2 1 4 3 3 1 0 0 0 0 0 0 0 1 0 2 0 0 0 0 0 0 3 1 0 0 0 0 0 0 0 1 0 0 0 0 0 0 0 0 0 0 0 0 0 0 0 0 0 0 0 0 1 0 0 0 0 0 0 0 0 0 0 1 0 1 1 0 0 0 
costMen_1: 463
costWomen_1: 1505
costCombined_1: 1968
sexEquality_1: 1042

 --- 
matching_2: 22 9 50 4 10 18 70 85 17 16 77 33 75 84 11 2 51 28 32 14 59 5 83 8 64 38 41 23 62 13 48 82 27 54 57 42 87 3 60 29 89 81 73 37 66 71 12 88 1 19 47 36 44 40 86 7 56 52 68 21 90 45 69 78 65 61 43 6 25 34 26 15 35 74 76 39 55 58 79 24 53 72 80 67 63 49 46 31 30 20 
profileMen_2: 18 16 9 3 8 11 2 5 3 2 1 3 1 3 0 2 1 0 0 0 0 0 0 0 1 0 1 0 0 0 0 0 0 0 0 0 0 0 0 0 0 0 0 0 0 0 0 0 0 0 0 0 0 0 0 0 0 0 0 0 0 0 0 0 0 0 0 0 0 0 0 0 0 0 0 0 0 0 0 0 0 0 0 0 0 0 0 0 0 0 
profileWomen_2: 8 7 5 8 3 3 3 2 0 1 5 4 2 3 3 2 3 2 1 4 2 1 2 3 1 1 0 0 1 0 0 0 0 2 0 0 0 0 0 0 0 0 3 1 0 1 0 0 0 0 0 1 0 0 0 0 0 0 0 0 0 0 0 0 0 0 0 0 0 0 0 0 0 0 0 0 0 0 0 0 0 0 0 1 0 0 1 0 0 0 
profileCombined_2: 26 23 14 11 11 14 5 7 3 3 6 7 3 6 3 4 4 2 1 4 2 1 2 3 2 1 1 0 1 0 0 0 0 2 0 0 0 0 0 0 0 0 3 1 0 1 0 0 0 0 0 1 0 0 0 0 0 0 0 0 0 0 0 0 0 0 0 0 0 0 0 0 0 0 0 0 0 0 0 0 0 0 0 1 0 0 1 0 0 0 
costMen_2: 499
costWomen_2: 1355
costCombined_2: 1854
sexEquality_2: 856

 --- 
matching_3: 29 9 50 4 10 18 70 85 17 16 77 33 75 84 11 2 51 28 32 14 59 5 83 8 64 38 41 23 62 13 48 82 27 54 57 42 87 3 60 22 89 81 73 37 66 71 12 88 1 19 47 36 44 40 86 7 56 52 68 21 90 45 69 78 65 61 43 6 25 34 26 15 35 74 76 39 55 58 79 24 53 72 80 67 63 49 46 31 30 20 
profileMen_3: 18 16 9 3 8 11 2 5 3 2 1 3 1 3 0 2 1 0 0 0 0 0 0 0 0 0 0 0 0 0 0 0 0 0 1 0 0 1 0 0 0 0 0 0 0 0 0 0 0 0 0 0 0 0 0 0 0 0 0 0 0 0 0 0 0 0 0 0 0 0 0 0 0 0 0 0 0 0 0 0 0 0 0 0 0 0 0 0 0 0 
profileWomen_3: 8 7 5 8 3 3 3 2 0 1 6 4 3 3 3 2 2 2 1 3 2 1 2 3 1 1 0 0 1 0 0 0 0 2 0 0 0 0 0 0 0 0 3 1 0 1 0 0 0 0 0 1 0 0 0 0 0 0 0 0 0 0 0 0 0 0 0 0 0 0 0 0 0 0 0 0 0 0 0 0 0 0 0 1 0 0 1 0 0 0 
profileCombined_3: 26 23 14 11 11 14 5 7 3 3 7 7 4 6 3 4 3 2 1 3 2 1 2 3 1 1 0 0 1 0 0 0 0 2 1 0 0 1 0 0 0 0 3 1 0 1 0 0 0 0 0 1 0 0 0 0 0 0 0 0 0 0 0 0 0 0 0 0 0 0 0 0 0 0 0 0 0 0 0 0 0 0 0 1 0 0 1 0 0 0 
costMen_3: 520
costWomen_3: 1342
costCombined_3: 1862
sexEquality_3: 822

 --- 
matching_4: 29 9 50 4 10 18 70 85 17 16 77 33 75 84 11 2 82 28 32 14 59 5 83 8 64 38 41 23 62 13 48 60 27 54 57 51 87 3 42 22 89 81 73 37 66 71 12 88 1 19 47 36 44 40 86 7 56 52 68 21 90 45 69 78 65 61 43 6 25 34 26 15 35 74 76 39 55 58 79 24 53 72 80 67 63 49 46 31 30 20 
profileMen_4: 18 16 8 2 8 11 2 5 4 2 1 3 1 2 0 2 2 0 0 0 0 0 0 0 0 0 0 0 0 0 0 1 0 0 1 0 0 1 0 0 0 0 0 0 0 0 0 0 0 0 0 0 0 0 0 0 0 0 0 0 0 0 0 0 0 0 0 0 0 0 0 0 0 0 0 0 0 0 0 0 0 0 0 0 0 0 0 0 0 0 
profileWomen_4: 8 7 5 9 3 2 3 2 0 1 6 4 3 3 3 2 3 2 1 2 2 1 2 3 1 1 0 0 1 0 1 0 0 1 0 0 0 0 0 0 0 0 3 1 0 2 0 0 0 0 0 1 0 0 0 0 0 0 0 0 0 0 0 0 0 0 0 0 0 0 0 0 0 0 0 0 0 0 0 0 0 0 0 1 0 0 0 0 0 0 
profileCombined_4: 26 23 13 11 11 13 5 7 4 3 7 7 4 5 3 4 5 2 1 2 2 1 2 3 1 1 0 0 1 0 1 1 0 1 1 0 0 1 0 0 0 0 3 1 0 2 0 0 0 0 0 1 0 0 0 0 0 0 0 0 0 0 0 0 0 0 0 0 0 0 0 0 0 0 0 0 0 0 0 0 0 0 0 1 0 0 0 0 0 0 
costMen_4: 557
costWomen_4: 1293
costCombined_4: 1850
sexEquality_4: 736

 --- 
matching_5: 29 9 50 4 10 18 70 85 17 16 77 33 75 84 11 5 82 28 32 14 59 87 83 8 64 38 41 23 62 13 48 60 27 54 57 51 31 3 42 22 89 81 73 37 66 71 12 88 1 19 47 36 44 40 86 7 56 52 68 21 90 45 69 78 65 61 43 6 25 34 35 15 2 74 76 39 55 58 79 24 53 72 80 67 63 49 46 26 30 20 
profileMen_5: 18 15 7 4 8 10 2 4 3 2 1 3 1 2 0 2 2 0 3 0 0 0 0 0 0 0 0 0 0 0 0 1 0 0 1 0 0 1 0 0 0 0 0 0 0 0 0 0 0 0 0 0 0 0 0 0 0 0 0 0 0 0 0 0 0 0 0 0 0 0 0 0 0 0 0 0 0 0 0 0 0 0 0 0 0 0 0 0 0 0 
profileWomen_5: 9 7 5 9 3 3 4 2 1 1 6 4 3 3 2 2 3 1 1 2 2 2 2 3 1 1 0 0 0 0 1 0 0 1 0 0 0 0 0 0 0 0 2 0 0 2 0 0 0 0 0 1 0 0 0 0 0 0 0 0 0 0 0 0 0 0 0 0 0 0 0 0 0 0 0 0 0 0 0 0 0 0 0 1 0 0 0 0 0 0 
profileCombined_5: 27 22 12 13 11 13 6 6 4 3 7 7 4 5 2 4 5 1 4 2 2 2 2 3 1 1 0 0 0 0 1 1 0 1 1 0 0 1 0 0 0 0 2 0 0 2 0 0 0 0 0 1 0 0 0 0 0 0 0 0 0 0 0 0 0 0 0 0 0 0 0 0 0 0 0 0 0 0 0 0 0 0 0 1 0 0 0 0 0 0 
costMen_5: 594
costWomen_5: 1189
costCombined_5: 1783
sexEquality_5: 595

 --- 
matching_6: 29 49 50 4 10 18 70 85 17 16 77 33 75 84 11 19 82 28 32 14 59 87 83 8 64 38 41 23 62 13 48 60 27 54 57 51 31 9 42 22 89 81 73 37 66 71 12 88 1 3 47 36 44 40 5 7 56 52 68 21 90 45 69 78 65 61 43 6 25 34 35 15 2 74 76 39 55 58 79 24 53 72 80 67 63 86 46 26 30 20 
profileMen_6: 15 15 7 4 8 10 2 5 2 2 1 4 1 3 0 1 2 0 2 0 1 0 0 1 0 0 0 0 0 0 0 1 1 0 1 0 0 1 0 0 0 0 0 0 0 0 0 0 0 0 0 0 0 0 0 0 0 0 0 0 0 0 0 0 0 0 0 0 0 0 0 0 0 0 0 0 0 0 0 0 0 0 0 0 0 0 0 0 0 0 
profileWomen_6: 10 8 5 10 3 3 3 2 1 1 7 4 3 2 2 2 4 1 1 2 1 2 2 3 0 1 0 0 0 0 1 0 0 1 0 0 0 0 0 0 0 1 1 0 0 1 0 0 0 0 0 1 0 0 0 0 0 0 0 0 0 0 0 0 0 0 0 0 0 0 0 0 0 0 0 0 0 0 0 0 0 0 0 1 0 0 0 0 0 0 
profileCombined_6: 25 23 12 14 11 13 5 7 3 3 8 8 4 5 2 3 6 1 3 2 2 2 2 4 0 1 0 0 0 0 1 1 1 1 1 0 0 1 0 0 0 1 1 0 0 1 0 0 0 0 0 1 0 0 0 0 0 0 0 0 0 0 0 0 0 0 0 0 0 0 0 0 0 0 0 0 0 0 0 0 0 0 0 1 0 0 0 0 0 0 
costMen_6: 659
costWomen_6: 1110
costCombined_6: 1769
sexEquality_6: 451

 --- 
matching_7: 29 81 50 5 10 18 70 85 17 16 77 33 75 84 11 19 82 28 32 60 59 87 83 8 64 38 41 49 14 13 48 4 27 54 57 51 31 9 42 22 89 39 73 37 66 71 12 88 1 3 47 36 44 40 23 7 56 52 68 21 90 45 69 78 65 61 43 6 25 34 35 15 2 74 76 62 55 58 79 24 53 72 80 67 63 86 46 26 30 20 
profileMen_7: 15 14 5 5 7 10 1 4 2 4 2 4 1 4 0 1 2 0 3 0 1 0 0 1 0 0 0 0 0 0 0 0 0 0 1 1 0 1 1 0 0 0 0 0 0 0 0 0 0 0 0 0 0 0 0 0 0 0 0 0 0 0 0 0 0 0 0 0 0 0 0 0 0 0 0 0 0 0 0 0 0 0 0 0 0 0 0 0 0 0 
profileWomen_7: 10 8 7 9 3 3 4 2 1 1 9 4 3 1 3 2 2 1 1 1 1 2 2 3 0 1 0 0 0 0 1 0 0 1 0 0 0 0 0 0 0 0 1 0 1 1 0 0 0 0 0 0 0 0 0 0 0 0 1 0 0 0 0 0 0 0 0 0 0 0 0 0 0 0 0 0 0 0 0 0 0 0 0 0 0 0 0 0 0 0 
profileCombined_7: 25 22 12 14 10 13 5 6 3 5 11 8 4 5 3 3 4 1 4 1 2 2 2 4 0 1 0 0 0 0 1 0 0 1 1 1 0 1 1 0 0 0 1 0 1 1 0 0 0 0 0 0 0 0 0 0 0 0 1 0 0 0 0 0 0 0 0 0 0 0 0 0 0 0 0 0 0 0 0 0 0 0 0 0 0 0 0 0 0 0 
costMen_7: 709
costWomen_7: 1014
costCombined_7: 1723
sexEquality_7: 305

 --- 
matching_8: 29 81 50 5 10 18 70 85 17 16 77 33 75 84 11 19 82 28 32 60 4 87 83 8 64 38 41 49 14 13 48 15 27 54 57 51 31 9 42 22 89 39 73 37 66 71 12 88 1 3 47 36 44 40 23 7 56 52 68 21 90 45 69 78 65 61 43 6 59 34 35 25 2 74 76 62 55 58 79 24 53 72 80 67 63 86 46 26 30 20 
profileMen_8: 14 14 4 5 7 10 1 4 4 4 2 4 1 4 0 1 2 0 3 0 1 0 0 1 0 0 0 0 0 0 0 0 0 0 1 1 0 1 0 0 0 0 0 0 0 0 0 0 1 0 0 0 0 0 0 0 0 0 0 0 0 0 0 0 0 0 0 0 0 0 0 0 0 0 0 0 0 0 0 0 0 0 0 0 0 0 0 0 0 0 
profileWomen_8: 10 8 8 10 3 3 4 2 1 2 8 3 3 1 3 2 2 1 1 1 1 2 1 3 0 1 0 0 0 0 1 0 0 1 0 0 0 0 0 0 1 0 1 0 1 1 0 0 0 0 0 0 0 0 0 0 0 0 0 0 0 0 0 0 0 0 0 0 0 0 0 0 0 0 0 0 0 0 0 0 0 0 0 0 0 0 0 0 0 0 
profileCombined_8: 24 22 12 15 10 13 5 6 5 6 10 7 4 5 3 3 4 1 4 1 2 2 1 4 0 1 0 0 0 0 1 0 0 1 1 1 0 1 0 0 1 0 1 0 1 1 0 0 1 0 0 0 0 0 0 0 0 0 0 0 0 0 0 0 0 0 0 0 0 0 0 0 0 0 0 0 0 0 0 0 0 0 0 0 0 0 0 0 0 0 
costMen_8: 733
costWomen_8: 967
costCombined_8: 1700
sexEquality_8: 234

 --- 
matching_9: 29 42 50 5 10 18 70 85 17 16 77 33 75 84 11 19 82 28 32 60 4 87 83 8 64 38 41 49 14 13 48 43 27 54 57 51 31 9 15 22 89 39 73 37 66 71 12 88 1 3 47 36 44 40 81 7 56 52 68 21 90 45 69 78 65 61 23 6 59 34 35 25 2 74 76 62 55 58 79 24 53 72 80 67 63 86 46 26 30 20 
profileMen_9: 13 14 4 5 7 10 1 4 3 4 2 4 1 3 0 2 2 1 4 0 1 0 0 1 0 0 0 0 0 0 0 0 0 0 1 0 0 1 0 0 0 1 0 0 0 0 0 0 0 0 0 0 0 1 0 0 0 0 0 0 0 0 0 0 0 0 0 0 0 0 0 0 0 0 0 0 0 0 0 0 0 0 0 0 0 0 0 0 0 0 
profileWomen_9: 10 8 9 10 3 3 5 2 1 1 8 2 4 1 3 2 2 1 1 1 1 3 1 3 0 1 0 0 0 1 1 0 0 1 0 0 0 0 0 0 1 0 0 0 0 0 0 0 0 0 0 0 0 0 0 0 0 0 0 0 0 0 0 0 0 0 0 0 0 0 0 0 0 0 0 0 0 0 0 0 0 0 0 0 0 0 0 0 0 0 
profileCombined_9: 23 22 13 15 10 13 6 6 4 5 10 6 5 4 3 4 4 2 5 1 2 3 1 4 0 1 0 0 0 1 1 0 0 1 1 0 0 1 0 0 1 1 0 0 0 0 0 0 0 0 0 0 0 1 0 0 0 0 0 0 0 0 0 0 0 0 0 0 0 0 0 0 0 0 0 0 0 0 0 0 0 0 0 0 0 0 0 0 0 0 
costMen_9: 773
costWomen_9: 886
costCombined_9: 1659
sexEquality_9: 113

 --- 
matching_10: 29 42 50 5 10 18 70 85 17 44 77 33 75 84 11 19 82 28 32 60 4 13 87 8 64 38 41 49 14 24 48 43 16 54 57 51 31 83 15 22 89 39 73 37 66 71 12 88 1 3 47 36 9 40 81 7 56 52 68 21 90 45 69 78 65 61 23 6 59 34 35 25 2 74 76 62 55 58 79 27 53 72 80 67 63 86 46 26 30 20 
profileMen_10: 11 14 4 4 8 9 1 3 4 4 2 5 2 1 1 2 2 1 4 0 1 0 0 1 0 0 0 1 0 0 0 0 0 1 1 0 0 1 0 0 0 1 0 0 0 0 0 0 0 0 0 0 0 1 0 0 0 0 0 0 0 0 0 0 0 0 0 0 0 0 0 0 0 0 0 0 0 0 0 0 0 0 0 0 0 0 0 0 0 0 
profileWomen_10: 11 7 11 10 3 4 4 2 4 1 8 1 3 1 3 2 1 1 1 1 1 2 1 2 0 1 0 0 0 1 1 0 0 1 0 0 0 0 0 0 1 0 0 0 0 0 0 0 0 0 0 0 0 0 0 0 0 0 0 0 0 0 0 0 0 0 0 0 0 0 0 0 0 0 0 0 0 0 0 0 0 0 0 0 0 0 0 0 0 0 
profileCombined_10: 22 21 15 14 11 13 5 5 8 5 10 6 5 2 4 4 3 2 5 1 2 2 1 3 0 1 0 1 0 1 1 0 0 2 1 0 0 1 0 0 1 1 0 0 0 0 0 0 0 0 0 0 0 1 0 0 0 0 0 0 0 0 0 0 0 0 0 0 0 0 0 0 0 0 0 0 0 0 0 0 0 0 0 0 0 0 0 0 0 0 
costMen_10: 841
costWomen_10: 829
costCombined_10: 1670
sexEquality_10: 12

 --- 
matching_11: 29 42 50 5 10 18 70 85 17 44 77 33 75 84 11 19 82 28 32 60 4 13 87 8 64 38 41 51 14 24 48 23 16 54 57 43 31 83 15 22 89 39 73 37 66 71 12 88 1 3 47 36 9 40 81 7 49 26 68 21 90 45 69 78 65 61 52 6 59 34 35 25 2 74 76 62 55 58 79 27 53 72 80 67 63 86 46 56 30 20 
profileMen_11: 10 14 4 4 8 8 1 4 4 3 2 5 2 1 1 2 1 0 3 0 1 0 0 3 1 0 0 1 0 0 0 0 0 1 1 0 1 1 0 0 1 1 0 0 0 0 0 0 0 0 0 0 0 0 0 0 0 0 0 0 0 0 1 0 0 0 0 0 0 0 0 0 0 0 0 0 0 0 0 0 0 0 0 0 0 0 0 0 0 0 
profileWomen_11: 11 7 12 10 3 4 4 4 3 2 8 2 3 1 3 2 0 1 1 1 1 1 1 1 0 1 1 0 0 0 0 0 0 1 0 0 0 0 0 0 1 0 0 0 0 0 0 0 0 0 0 0 0 0 0 0 0 0 0 0 0 0 0 0 0 0 0 0 0 0 0 0 0 0 0 0 0 0 0 0 0 0 0 0 0 0 0 0 0 0 
profileCombined_11: 21 21 16 14 11 12 5 8 7 5 10 7 5 2 4 4 1 1 4 1 2 1 1 4 1 1 1 1 0 0 0 0 0 2 1 0 1 1 0 0 2 1 0 0 0 0 0 0 0 0 0 0 0 0 0 0 0 0 0 0 0 0 1 0 0 0 0 0 0 0 0 0 0 0 0 0 0 0 0 0 0 0 0 0 0 0 0 0 0 0 
costMen_11: 938
costWomen_11: 764
costCombined_11: 1702
sexEquality_11: 174

 --- 
matching_12: 29 51 79 5 10 52 70 85 17 44 42 33 75 84 77 19 82 28 88 11 18 13 87 8 64 38 41 83 14 24 48 23 16 54 57 43 31 27 15 22 89 7 50 37 66 71 2 4 1 3 47 36 9 40 81 60 49 26 68 21 90 45 69 78 65 61 73 6 59 34 35 25 39 74 76 62 55 58 12 32 53 72 80 67 63 86 46 56 30 20 
profileMen_12: 9 12 3 3 8 9 2 5 6 3 1 3 0 1 0 1 3 0 1 0 2 1 0 2 1 1 0 1 0 0 0 0 2 1 2 0 0 1 0 0 1 1 0 0 1 0 0 1 0 0 0 0 0 0 0 0 0 0 0 0 0 0 2 0 0 0 0 0 0 0 0 0 0 0 0 0 0 0 0 0 0 0 0 0 0 0 0 0 0 0 
profileWomen_12: 11 7 15 10 4 5 5 4 3 2 5 2 5 1 2 2 2 0 1 0 1 0 0 1 1 0 1 0 0 0 0 0 0 0 0 0 0 0 0 0 0 0 0 0 0 0 0 0 0 0 0 0 0 0 0 0 0 0 0 0 0 0 0 0 0 0 0 0 0 0 0 0 0 0 0 0 0 0 0 0 0 0 0 0 0 0 0 0 0 0 
profileCombined_12: 20 19 18 13 12 14 7 9 9 5 6 5 5 2 2 3 5 0 2 0 3 1 0 3 2 1 1 1 0 0 0 0 2 1 2 0 0 1 0 0 1 1 0 0 1 0 0 1 0 0 0 0 0 0 0 0 0 0 0 0 0 0 2 0 0 0 0 0 0 0 0 0 0 0 0 0 0 0 0 0 0 0 0 0 0 0 0 0 0 0 
costMen_12: 1134
costWomen_12: 644
costCombined_12: 1778
sexEquality_12: 490

 --- 
matching_13: 29 51 79 76 10 52 70 85 17 44 90 33 75 84 77 19 42 5 88 11 69 13 87 8 64 38 41 83 25 24 48 23 16 54 57 43 31 27 15 22 89 7 50 37 66 18 2 4 1 3 47 36 9 40 81 60 49 26 68 21 71 45 28 78 65 61 73 6 59 34 35 82 39 74 14 62 55 58 12 32 53 72 80 67 63 86 46 56 30 20 
profileMen_13: 9 10 3 3 5 7 1 5 8 3 0 3 0 2 1 1 3 0 0 0 2 1 1 2 1 1 0 1 1 1 1 0 2 1 2 0 0 1 0 0 1 1 0 0 1 0 1 1 0 0 0 0 0 0 0 0 1 0 0 0 0 0 2 0 0 0 0 0 0 0 0 0 0 0 0 0 0 0 0 0 0 0 0 0 0 0 0 0 0 0 
profileWomen_13: 13 9 14 9 4 8 4 3 4 2 5 0 5 2 1 1 1 0 1 0 1 0 0 1 1 0 1 0 0 0 0 0 0 0 0 0 0 0 0 0 0 0 0 0 0 0 0 0 0 0 0 0 0 0 0 0 0 0 0 0 0 0 0 0 0 0 0 0 0 0 0 0 0 0 0 0 0 0 0 0 0 0 0 0 0 0 0 0 0 0 
profileCombined_13: 22 19 17 12 9 15 5 8 12 5 5 3 5 4 2 2 4 0 1 0 3 1 1 3 2 1 1 1 1 1 1 0 2 1 2 0 0 1 0 0 1 1 0 0 1 0 1 1 0 0 0 0 0 0 0 0 1 0 0 0 0 0 2 0 0 0 0 0 0 0 0 0 0 0 0 0 0 0 0 0 0 0 0 0 0 0 0 0 0 0 
costMen_13: 1330
costWomen_13: 597
costCombined_13: 1927
sexEquality_13: 733

 --- 
matching_14: 29 51 79 76 10 52 70 85 17 44 90 33 75 84 77 35 42 5 88 22 69 13 87 8 64 38 41 83 25 24 48 23 16 54 57 43 31 27 15 19 89 7 50 37 66 18 2 4 1 3 47 36 9 40 81 60 49 26 68 21 71 45 28 78 65 61 73 6 59 34 11 82 39 74 14 62 55 58 12 32 53 72 80 67 63 86 46 56 30 20 
profileMen_14: 9 10 3 3 5 7 1 5 7 3 0 3 0 2 1 1 2 0 0 0 2 1 1 2 1 1 0 1 2 1 1 0 2 1 2 0 0 0 0 0 1 1 0 0 1 0 1 1 0 0 0 0 0 0 1 0 1 0 0 0 0 0 2 0 1 0 0 0 0 0 0 0 0 0 0 0 0 0 0 0 0 0 0 0 0 0 0 0 0 0 
profileWomen_14: 13 9 14 9 6 7 4 4 4 3 2 0 5 2 1 1 1 0 1 0 1 0 0 1 1 0 1 0 0 0 0 0 0 0 0 0 0 0 0 0 0 0 0 0 0 0 0 0 0 0 0 0 0 0 0 0 0 0 0 0 0 0 0 0 0 0 0 0 0 0 0 0 0 0 0 0 0 0 0 0 0 0 0 0 0 0 0 0 0 0 
profileCombined_14: 22 19 17 12 11 14 5 9 11 6 2 3 5 4 2 2 3 0 1 0 3 1 1 3 2 1 1 1 2 1 1 0 2 1 2 0 0 0 0 0 1 1 0 0 1 0 1 1 0 0 0 0 0 0 1 0 1 0 0 0 0 0 2 0 1 0 0 0 0 0 0 0 0 0 0 0 0 0 0 0 0 0 0 0 0 0 0 0 0 0 
costMen_14: 1415
costWomen_14: 586
costCombined_14: 2001
sexEquality_14: 829

 --- 
matching_15: 29 51 79 23 10 52 70 85 17 44 90 33 75 84 77 19 42 5 88 11 69 13 87 8 64 38 41 83 25 24 48 76 16 54 57 43 31 27 15 22 89 7 50 37 66 18 2 4 1 3 47 36 9 40 81 60 49 26 68 21 71 45 28 78 65 61 73 6 59 34 35 82 39 74 14 62 55 58 12 32 53 72 80 67 63 86 46 56 30 20 
profileMen_15: 9 10 3 3 5 7 1 5 8 3 0 3 0 2 1 1 3 0 0 0 2 1 1 2 1 1 0 1 0 1 1 0 2 1 2 0 0 1 0 0 2 1 0 0 1 0 1 1 0 0 0 0 0 0 0 0 1 0 0 0 0 0 1 0 0 0 0 1 0 0 0 0 0 0 0 0 0 0 0 0 0 0 0 0 0 0 0 0 0 0 
profileWomen_15: 13 9 15 9 4 8 4 3 4 2 5 0 5 2 1 1 1 0 1 0 1 0 0 1 1 0 0 0 0 0 0 0 0 0 0 0 0 0 0 0 0 0 0 0 0 0 0 0 0 0 0 0 0 0 0 0 0 0 0 0 0 0 0 0 0 0 0 0 0 0 0 0 0 0 0 0 0 0 0 0 0 0 0 0 0 0 0 0 0 0 
profileCombined_15: 22 19 18 12 9 15 5 8 12 5 5 3 5 4 2 2 4 0 1 0 3 1 1 3 2 1 0 1 0 1 1 0 2 1 2 0 0 1 0 0 2 1 0 0 1 0 1 1 0 0 0 0 0 0 0 0 1 0 0 0 0 0 1 0 0 0 0 1 0 0 0 0 0 0 0 0 0 0 0 0 0 0 0 0 0 0 0 0 0 0 
costMen_15: 1347
costWomen_15: 573
costCombined_15: 1920
sexEquality_15: 774

 --- 
matching_16: 29 51 79 23 10 52 70 85 17 44 90 33 75 84 77 35 42 5 88 22 69 13 87 8 64 38 41 83 25 24 48 76 16 54 57 43 31 27 15 19 89 7 50 37 66 18 2 4 1 3 47 36 9 40 81 60 49 26 68 21 71 45 28 78 65 61 73 6 59 34 11 82 39 74 14 62 55 58 12 32 53 72 80 67 63 86 46 56 30 20 
profileMen_16: 9 10 3 3 5 7 1 5 7 3 0 3 0 2 1 1 2 0 0 0 2 1 1 2 1 1 0 1 1 1 1 0 2 1 2 0 0 0 0 0 2 1 0 0 1 0 1 1 0 0 0 0 0 0 1 0 1 0 0 0 0 0 1 0 1 0 0 1 0 0 0 0 0 0 0 0 0 0 0 0 0 0 0 0 0 0 0 0 0 0 
profileWomen_16: 13 9 15 9 6 7 4 4 4 3 2 0 5 2 1 1 1 0 1 0 1 0 0 1 1 0 0 0 0 0 0 0 0 0 0 0 0 0 0 0 0 0 0 0 0 0 0 0 0 0 0 0 0 0 0 0 0 0 0 0 0 0 0 0 0 0 0 0 0 0 0 0 0 0 0 0 0 0 0 0 0 0 0 0 0 0 0 0 0 0 
profileCombined_16: 22 19 18 12 11 14 5 9 11 6 2 3 5 4 2 2 3 0 1 0 3 1 1 3 2 1 0 1 1 1 1 0 2 1 2 0 0 0 0 0 2 1 0 0 1 0 1 1 0 0 0 0 0 0 1 0 1 0 0 0 0 0 1 0 1 0 0 1 0 0 0 0 0 0 0 0 0 0 0 0 0 0 0 0 0 0 0 0 0 0 
costMen_16: 1432
costWomen_16: 562
costCombined_16: 1994
sexEquality_16: 870

 --- 
matching_17: 29 51 79 23 10 52 70 85 17 44 32 33 75 84 77 19 42 5 88 11 69 13 87 8 64 38 41 83 25 24 48 76 16 54 57 43 31 27 15 22 89 7 50 37 66 18 2 4 1 3 47 36 9 40 81 60 49 26 68 21 71 45 28 78 65 61 73 6 59 34 35 82 39 74 14 62 55 58 12 90 53 72 80 67 63 86 46 56 30 20 
profileMen_17: 9 10 3 3 5 7 1 5 8 3 0 3 0 2 1 1 3 0 0 0 2 1 0 2 1 1 0 1 0 1 1 0 2 1 1 0 0 1 0 0 2 2 0 0 1 0 1 2 0 0 0 0 0 0 0 0 1 0 0 0 0 0 1 0 0 0 0 1 0 0 0 0 0 0 0 0 0 0 0 0 0 0 0 0 0 0 0 0 0 0 
profileWomen_17: 13 9 15 9 4 8 4 3 5 2 4 0 5 2 2 0 1 0 1 0 1 0 0 1 1 0 0 0 0 0 0 0 0 0 0 0 0 0 0 0 0 0 0 0 0 0 0 0 0 0 0 0 0 0 0 0 0 0 0 0 0 0 0 0 0 0 0 0 0 0 0 0 0 0 0 0 0 0 0 0 0 0 0 0 0 0 0 0 0 0 
profileCombined_17: 22 19 18 12 9 15 5 8 13 5 4 3 5 4 3 1 4 0 1 0 3 1 0 3 2 1 0 1 0 1 1 0 2 1 1 0 0 1 0 0 2 2 0 0 1 0 1 2 0 0 0 0 0 0 0 0 1 0 0 0 0 0 1 0 0 0 0 1 0 0 0 0 0 0 0 0 0 0 0 0 0 0 0 0 0 0 0 0 0 0 
costMen_17: 1379
costWomen_17: 570
costCombined_17: 1949
sexEquality_17: 809

 --- 
matching_18: 29 51 79 23 10 52 70 85 17 44 32 33 75 84 77 35 42 5 88 22 69 13 87 8 64 38 41 83 25 24 48 76 16 54 57 43 31 27 15 19 89 7 50 37 66 18 2 4 1 3 47 36 9 40 81 60 49 26 68 21 71 45 28 78 65 61 73 6 59 34 11 82 39 74 14 62 55 58 12 90 53 72 80 67 63 86 46 56 30 20 
profileMen_18: 9 10 3 3 5 7 1 5 7 3 0 3 0 2 1 1 2 0 0 0 2 1 0 2 1 1 0 1 1 1 1 0 2 1 1 0 0 0 0 0 2 2 0 0 1 0 1 2 0 0 0 0 0 0 1 0 1 0 0 0 0 0 1 0 1 0 0 1 0 0 0 0 0 0 0 0 0 0 0 0 0 0 0 0 0 0 0 0 0 0 
profileWomen_18: 13 9 15 9 6 7 4 4 5 3 1 0 5 2 2 0 1 0 1 0 1 0 0 1 1 0 0 0 0 0 0 0 0 0 0 0 0 0 0 0 0 0 0 0 0 0 0 0 0 0 0 0 0 0 0 0 0 0 0 0 0 0 0 0 0 0 0 0 0 0 0 0 0 0 0 0 0 0 0 0 0 0 0 0 0 0 0 0 0 0 
profileCombined_18: 22 19 18 12 11 14 5 9 12 6 1 3 5 4 3 1 3 0 1 0 3 1 0 3 2 1 0 1 1 1 1 0 2 1 1 0 0 0 0 0 2 2 0 0 1 0 1 2 0 0 0 0 0 0 1 0 1 0 0 0 0 0 1 0 1 0 0 1 0 0 0 0 0 0 0 0 0 0 0 0 0 0 0 0 0 0 0 0 0 0 
costMen_18: 1464
costWomen_18: 559
costCombined_18: 2023
sexEquality_18: 905

 --- 
matching_19: 29 51 79 76 10 52 70 85 17 44 32 33 75 84 77 19 42 5 88 11 69 13 87 8 64 38 41 83 25 24 48 23 16 54 57 43 31 27 15 22 89 7 50 37 66 18 2 4 1 3 47 36 9 40 81 60 49 26 68 21 71 45 28 78 65 61 73 6 59 34 35 82 39 74 14 62 55 58 12 90 53 72 80 67 63 86 46 56 30 20 
profileMen_19: 9 10 3 3 5 7 1 5 8 3 0 3 0 2 1 1 3 0 0 0 2 1 0 2 1 1 0 1 1 1 1 0 2 1 1 0 0 1 0 0 1 2 0 0 1 0 1 2 0 0 0 0 0 0 0 0 1 0 0 0 0 0 2 0 0 0 0 0 0 0 0 0 0 0 0 0 0 0 0 0 0 0 0 0 0 0 0 0 0 0 
profileWomen_19: 13 9 14 9 4 8 4 3 5 2 4 0 5 2 2 0 1 0 1 0 1 0 0 1 1 0 1 0 0 0 0 0 0 0 0 0 0 0 0 0 0 0 0 0 0 0 0 0 0 0 0 0 0 0 0 0 0 0 0 0 0 0 0 0 0 0 0 0 0 0 0 0 0 0 0 0 0 0 0 0 0 0 0 0 0 0 0 0 0 0 
profileCombined_19: 22 19 17 12 9 15 5 8 13 5 4 3 5 4 3 1 4 0 1 0 3 1 0 3 2 1 1 1 1 1 1 0 2 1 1 0 0 1 0 0 1 2 0 0 1 0 1 2 0 0 0 0 0 0 0 0 1 0 0 0 0 0 2 0 0 0 0 0 0 0 0 0 0 0 0 0 0 0 0 0 0 0 0 0 0 0 0 0 0 0 
costMen_19: 1362
costWomen_19: 594
costCombined_19: 1956
sexEquality_19: 768

 --- 
matching_20: 29 51 79 76 10 52 70 85 17 44 32 33 75 84 77 35 42 5 88 22 69 13 87 8 64 38 41 83 25 24 48 23 16 54 57 43 31 27 15 19 89 7 50 37 66 18 2 4 1 3 47 36 9 40 81 60 49 26 68 21 71 45 28 78 65 61 73 6 59 34 11 82 39 74 14 62 55 58 12 90 53 72 80 67 63 86 46 56 30 20 
profileMen_20: 9 10 3 3 5 7 1 5 7 3 0 3 0 2 1 1 2 0 0 0 2 1 0 2 1 1 0 1 2 1 1 0 2 1 1 0 0 0 0 0 1 2 0 0 1 0 1 2 0 0 0 0 0 0 1 0 1 0 0 0 0 0 2 0 1 0 0 0 0 0 0 0 0 0 0 0 0 0 0 0 0 0 0 0 0 0 0 0 0 0 
profileWomen_20: 13 9 14 9 6 7 4 4 5 3 1 0 5 2 2 0 1 0 1 0 1 0 0 1 1 0 1 0 0 0 0 0 0 0 0 0 0 0 0 0 0 0 0 0 0 0 0 0 0 0 0 0 0 0 0 0 0 0 0 0 0 0 0 0 0 0 0 0 0 0 0 0 0 0 0 0 0 0 0 0 0 0 0 0 0 0 0 0 0 0 
profileCombined_20: 22 19 17 12 11 14 5 9 12 6 1 3 5 4 3 1 3 0 1 0 3 1 0 3 2 1 1 1 2 1 1 0 2 1 1 0 0 0 0 0 1 2 0 0 1 0 1 2 0 0 0 0 0 0 1 0 1 0 0 0 0 0 2 0 1 0 0 0 0 0 0 0 0 0 0 0 0 0 0 0 0 0 0 0 0 0 0 0 0 0 
costMen_20: 1447
costWomen_20: 583
costCombined_20: 2030
sexEquality_20: 864

 --- 
matching_21: 29 51 79 5 10 52 70 85 17 44 42 33 75 84 77 35 82 28 88 22 18 13 87 8 64 38 41 83 14 24 48 23 16 54 57 43 31 27 15 19 89 7 50 37 66 71 2 4 1 3 47 36 9 40 81 60 49 26 68 21 90 45 69 78 65 61 73 6 59 34 11 25 39 74 76 62 55 58 12 32 53 72 80 67 63 86 46 56 30 20 
profileMen_21: 9 12 3 3 8 9 2 5 5 3 1 3 0 1 0 1 2 0 1 0 2 1 0 2 1 1 0 1 1 0 0 0 2 1 2 0 0 0 0 0 1 1 0 0 1 0 0 1 0 0 0 0 0 0 1 0 0 0 0 0 0 0 2 0 1 0 0 0 0 0 0 0 0 0 0 0 0 0 0 0 0 0 0 0 0 0 0 0 0 0 
profileWomen_21: 11 7 15 10 6 4 5 5 3 3 2 2 5 1 2 2 2 0 1 0 1 0 0 1 1 0 1 0 0 0 0 0 0 0 0 0 0 0 0 0 0 0 0 0 0 0 0 0 0 0 0 0 0 0 0 0 0 0 0 0 0 0 0 0 0 0 0 0 0 0 0 0 0 0 0 0 0 0 0 0 0 0 0 0 0 0 0 0 0 0 
profileCombined_21: 20 19 18 13 14 13 7 10 8 6 3 5 5 2 2 3 4 0 2 0 3 1 0 3 2 1 1 1 1 0 0 0 2 1 2 0 0 0 0 0 1 1 0 0 1 0 0 1 0 0 0 0 0 0 1 0 0 0 0 0 0 0 2 0 1 0 0 0 0 0 0 0 0 0 0 0 0 0 0 0 0 0 0 0 0 0 0 0 0 0 
costMen_21: 1219
costWomen_21: 633
costCombined_21: 1852
sexEquality_21: 586

 --- 
matching_22: 29 9 50 4 10 18 70 85 17 16 77 33 75 84 11 5 51 28 32 14 59 87 83 8 64 38 41 23 62 13 48 82 27 54 57 42 31 3 60 22 89 81 73 37 66 71 12 88 1 19 47 36 44 40 86 7 56 52 68 21 90 45 69 78 65 61 43 6 25 34 35 15 2 74 76 39 55 58 79 24 53 72 80 67 63 49 46 26 30 20 
profileMen_22: 18 15 8 5 8 10 2 4 2 2 1 3 1 3 0 2 1 0 3 0 0 0 0 0 0 0 0 0 0 0 0 0 0 0 1 0 0 1 0 0 0 0 0 0 0 0 0 0 0 0 0 0 0 0 0 0 0 0 0 0 0 0 0 0 0 0 0 0 0 0 0 0 0 0 0 0 0 0 0 0 0 0 0 0 0 0 0 0 0 0 
profileWomen_22: 9 7 5 8 3 4 4 2 1 1 6 4 3 3 2 2 2 1 1 3 2 2 2 3 1 1 0 0 0 0 0 0 0 2 0 0 0 0 0 0 0 0 2 0 0 1 0 0 0 0 0 1 0 0 0 0 0 0 0 0 0 0 0 0 0 0 0 0 0 0 0 0 0 0 0 0 0 0 0 0 0 0 0 1 0 0 1 0 0 0 
profileCombined_22: 27 22 13 13 11 14 6 6 3 3 7 7 4 6 2 4 3 1 4 3 2 2 2 3 1 1 0 0 0 0 0 0 0 2 1 0 0 1 0 0 0 0 2 0 0 1 0 0 0 0 0 1 0 0 0 0 0 0 0 0 0 0 0 0 0 0 0 0 0 0 0 0 0 0 0 0 0 0 0 0 0 0 0 1 0 0 1 0 0 0 
costMen_22: 557
costWomen_22: 1238
costCombined_22: 1795
sexEquality_22: 681

 --- 
matching_23: 22 9 50 4 10 18 70 85 17 16 77 33 75 84 11 2 82 28 32 14 59 5 83 8 64 38 41 23 62 13 48 60 27 54 57 51 87 3 42 29 89 81 73 37 66 71 12 88 1 19 47 36 44 40 86 7 56 52 68 21 90 45 69 78 65 61 43 6 25 34 26 15 35 74 76 39 55 58 79 24 53 72 80 67 63 49 46 31 30 20 
profileMen_23: 18 16 8 2 8 11 2 5 4 2 1 3 1 2 0 2 2 0 0 0 0 0 0 0 1 0 1 0 0 0 0 1 0 0 0 0 0 0 0 0 0 0 0 0 0 0 0 0 0 0 0 0 0 0 0 0 0 0 0 0 0 0 0 0 0 0 0 0 0 0 0 0 0 0 0 0 0 0 0 0 0 0 0 0 0 0 0 0 0 0 
profileWomen_23: 8 7 5 9 3 2 3 2 0 1 5 4 2 3 3 2 4 2 1 3 2 1 2 3 1 1 0 0 1 0 1 0 0 1 0 0 0 0 0 0 0 0 3 1 0 2 0 0 0 0 0 1 0 0 0 0 0 0 0 0 0 0 0 0 0 0 0 0 0 0 0 0 0 0 0 0 0 0 0 0 0 0 0 1 0 0 0 0 0 0 
profileCombined_23: 26 23 13 11 11 13 5 7 4 3 6 7 3 5 3 4 6 2 1 3 2 1 2 3 2 1 1 0 1 0 1 1 0 1 0 0 0 0 0 0 0 0 3 1 0 2 0 0 0 0 0 1 0 0 0 0 0 0 0 0 0 0 0 0 0 0 0 0 0 0 0 0 0 0 0 0 0 0 0 0 0 0 0 1 0 0 0 0 0 0 
costMen_23: 536
costWomen_23: 1306
costCombined_23: 1842
sexEquality_23: 770

 --- 
matching_24: 22 9 50 4 10 18 70 85 17 16 77 33 75 84 11 5 82 28 32 14 59 87 83 8 64 38 41 23 62 13 48 60 27 54 57 51 31 3 42 29 89 81 73 37 66 71 12 88 1 19 47 36 44 40 86 7 56 52 68 21 90 45 69 78 65 61 43 6 25 34 35 15 2 74 76 39 55 58 79 24 53 72 80 67 63 49 46 26 30 20 
profileMen_24: 18 15 7 4 8 10 2 4 3 2 1 3 1 2 0 2 2 0 3 0 0 0 0 0 1 0 1 0 0 0 0 1 0 0 0 0 0 0 0 0 0 0 0 0 0 0 0 0 0 0 0 0 0 0 0 0 0 0 0 0 0 0 0 0 0 0 0 0 0 0 0 0 0 0 0 0 0 0 0 0 0 0 0 0 0 0 0 0 0 0 
profileWomen_24: 9 7 5 9 3 3 4 2 1 1 5 4 2 3 2 2 4 1 1 3 2 2 2 3 1 1 0 0 0 0 1 0 0 1 0 0 0 0 0 0 0 0 2 0 0 2 0 0 0 0 0 1 0 0 0 0 0 0 0 0 0 0 0 0 0 0 0 0 0 0 0 0 0 0 0 0 0 0 0 0 0 0 0 1 0 0 0 0 0 0 
profileCombined_24: 27 22 12 13 11 13 6 6 4 3 6 7 3 5 2 4 6 1 4 3 2 2 2 3 2 1 1 0 0 0 1 1 0 1 0 0 0 0 0 0 0 0 2 0 0 2 0 0 0 0 0 1 0 0 0 0 0 0 0 0 0 0 0 0 0 0 0 0 0 0 0 0 0 0 0 0 0 0 0 0 0 0 0 1 0 0 0 0 0 0 
costMen_24: 573
costWomen_24: 1202
costCombined_24: 1775
sexEquality_24: 629

 --- 
matching_25: 22 49 50 4 10 18 70 85 17 16 77 33 75 84 11 19 82 28 32 14 59 87 83 8 64 38 41 23 62 13 48 60 27 54 57 51 31 9 42 29 89 81 73 37 66 71 12 88 1 3 47 36 44 40 5 7 56 52 68 21 90 45 69 78 65 61 43 6 25 34 35 15 2 74 76 39 55 58 79 24 53 72 80 67 63 86 46 26 30 20 
profileMen_25: 15 15 7 4 8 10 2 5 2 2 1 4 1 3 0 1 2 0 2 0 1 0 0 1 1 0 1 0 0 0 0 1 1 0 0 0 0 0 0 0 0 0 0 0 0 0 0 0 0 0 0 0 0 0 0 0 0 0 0 0 0 0 0 0 0 0 0 0 0 0 0 0 0 0 0 0 0 0 0 0 0 0 0 0 0 0 0 0 0 0 
profileWomen_25: 10 8 5 10 3 3 3 2 1 1 6 4 2 2 2 2 5 1 1 3 1 2 2 3 0 1 0 0 0 0 1 0 0 1 0 0 0 0 0 0 0 1 1 0 0 1 0 0 0 0 0 1 0 0 0 0 0 0 0 0 0 0 0 0 0 0 0 0 0 0 0 0 0 0 0 0 0 0 0 0 0 0 0 1 0 0 0 0 0 0 
profileCombined_25: 25 23 12 14 11 13 5 7 3 3 7 8 3 5 2 3 7 1 3 3 2 2 2 4 1 1 1 0 0 0 1 1 1 1 0 0 0 0 0 0 0 1 1 0 0 1 0 0 0 0 0 1 0 0 0 0 0 0 0 0 0 0 0 0 0 0 0 0 0 0 0 0 0 0 0 0 0 0 0 0 0 0 0 1 0 0 0 0 0 0 
costMen_25: 638
costWomen_25: 1123
costCombined_25: 1761
sexEquality_25: 485

 --- 
matching_26: 22 81 50 5 10 18 70 85 17 16 77 33 75 84 11 19 82 28 32 60 59 87 83 8 64 38 41 49 14 13 48 4 27 54 57 51 31 9 42 29 89 39 73 37 66 71 12 88 1 3 47 36 44 40 23 7 56 52 68 21 90 45 69 78 65 61 43 6 25 34 35 15 2 74 76 62 55 58 79 24 53 72 80 67 63 86 46 26 30 20 
profileMen_26: 15 14 5 5 7 10 1 4 2 4 2 4 1 4 0 1 2 0 3 0 1 0 0 1 1 0 1 0 0 0 0 0 0 0 0 1 0 0 1 0 0 0 0 0 0 0 0 0 0 0 0 0 0 0 0 0 0 0 0 0 0 0 0 0 0 0 0 0 0 0 0 0 0 0 0 0 0 0 0 0 0 0 0 0 0 0 0 0 0 0 
profileWomen_26: 10 8 7 9 3 3 4 2 1 1 8 4 2 1 3 2 3 1 1 2 1 2 2 3 0 1 0 0 0 0 1 0 0 1 0 0 0 0 0 0 0 0 1 0 1 1 0 0 0 0 0 0 0 0 0 0 0 0 1 0 0 0 0 0 0 0 0 0 0 0 0 0 0 0 0 0 0 0 0 0 0 0 0 0 0 0 0 0 0 0 
profileCombined_26: 25 22 12 14 10 13 5 6 3 5 10 8 3 5 3 3 5 1 4 2 2 2 2 4 1 1 1 0 0 0 1 0 0 1 0 1 0 0 1 0 0 0 1 0 1 1 0 0 0 0 0 0 0 0 0 0 0 0 1 0 0 0 0 0 0 0 0 0 0 0 0 0 0 0 0 0 0 0 0 0 0 0 0 0 0 0 0 0 0 0 
costMen_26: 688
costWomen_26: 1027
costCombined_26: 1715
sexEquality_26: 339

 --- 
matching_27: 22 81 50 5 10 18 70 85 17 16 77 33 75 84 11 19 82 28 32 60 4 87 83 8 64 38 41 49 14 13 48 15 27 54 57 51 31 9 42 29 89 39 73 37 66 71 12 88 1 3 47 36 44 40 23 7 56 52 68 21 90 45 69 78 65 61 43 6 59 34 35 25 2 74 76 62 55 58 79 24 53 72 80 67 63 86 46 26 30 20 
profileMen_27: 14 14 4 5 7 10 1 4 4 4 2 4 1 4 0 1 2 0 3 0 1 0 0 1 1 0 1 0 0 0 0 0 0 0 0 1 0 0 0 0 0 0 0 0 0 0 0 0 1 0 0 0 0 0 0 0 0 0 0 0 0 0 0 0 0 0 0 0 0 0 0 0 0 0 0 0 0 0 0 0 0 0 0 0 0 0 0 0 0 0 
profileWomen_27: 10 8 8 10 3 3 4 2 1 2 7 3 2 1 3 2 3 1 1 2 1 2 1 3 0 1 0 0 0 0 1 0 0 1 0 0 0 0 0 0 1 0 1 0 1 1 0 0 0 0 0 0 0 0 0 0 0 0 0 0 0 0 0 0 0 0 0 0 0 0 0 0 0 0 0 0 0 0 0 0 0 0 0 0 0 0 0 0 0 0 
profileCombined_27: 24 22 12 15 10 13 5 6 5 6 9 7 3 5 3 3 5 1 4 2 2 2 1 4 1 1 1 0 0 0 1 0 0 1 0 1 0 0 0 0 1 0 1 0 1 1 0 0 1 0 0 0 0 0 0 0 0 0 0 0 0 0 0 0 0 0 0 0 0 0 0 0 0 0 0 0 0 0 0 0 0 0 0 0 0 0 0 0 0 0 
costMen_27: 712
costWomen_27: 980
costCombined_27: 1692
sexEquality_27: 268

 --- 
matching_28: 22 9 50 4 10 18 70 85 17 16 77 33 75 84 11 5 51 28 32 14 59 87 83 8 64 38 41 23 62 13 48 82 27 54 57 42 31 3 60 29 89 81 73 37 66 71 12 88 1 19 47 36 44 40 86 7 56 52 68 21 90 45 69 78 65 61 43 6 25 34 35 15 2 74 76 39 55 58 79 24 53 72 80 67 63 49 46 26 30 20 
profileMen_28: 18 15 8 5 8 10 2 4 2 2 1 3 1 3 0 2 1 0 3 0 0 0 0 0 1 0 1 0 0 0 0 0 0 0 0 0 0 0 0 0 0 0 0 0 0 0 0 0 0 0 0 0 0 0 0 0 0 0 0 0 0 0 0 0 0 0 0 0 0 0 0 0 0 0 0 0 0 0 0 0 0 0 0 0 0 0 0 0 0 0 
profileWomen_28: 9 7 5 8 3 4 4 2 1 1 5 4 2 3 2 2 3 1 1 4 2 2 2 3 1 1 0 0 0 0 0 0 0 2 0 0 0 0 0 0 0 0 2 0 0 1 0 0 0 0 0 1 0 0 0 0 0 0 0 0 0 0 0 0 0 0 0 0 0 0 0 0 0 0 0 0 0 0 0 0 0 0 0 1 0 0 1 0 0 0 
profileCombined_28: 27 22 13 13 11 14 6 6 3 3 6 7 3 6 2 4 4 1 4 4 2 2 2 3 2 1 1 0 0 0 0 0 0 2 0 0 0 0 0 0 0 0 2 0 0 1 0 0 0 0 0 1 0 0 0 0 0 0 0 0 0 0 0 0 0 0 0 0 0 0 0 0 0 0 0 0 0 0 0 0 0 0 0 1 0 0 1 0 0 0 
costMen_28: 536
costWomen_28: 1251
costCombined_28: 1787
sexEquality_28: 715

 --- 
Digraph 
(0,0) (0,1) (0,0) (1,0) (0,0) (0,0) (0,1) (0,0) (0,0) (0,0) (0,1) (1,0) (0,0) (0,0) (0,0) (0,1) 
(0,0) (0,0) (1,1) (0,1) (1,1) (1,0) (0,1) (0,0) (0,1) (1,0) (0,1) (1,1) (0,1) (0,1) (0,1) (0,1) 
(0,0) (0,0) (0,0) (0,0) (0,0) (0,0) (0,0) (0,0) (0,1) (0,0) (0,0) (0,0) (0,0) (0,0) (0,0) (1,0) 
(0,0) (0,0) (0,0) (0,0) (0,0) (0,1) (1,1) (0,0) (1,0) (0,0) (1,0) (0,1) (1,0) (0,0) (0,0) (0,0) 
(0,0) (0,0) (0,0) (0,0) (0,0) (1,1) (0,0) (0,0) (0,0) (1,1) (1,1) (1,1) (0,1) (0,0) (0,1) (1,1) 
(0,0) (0,0) (0,0) (0,0) (0,0) (0,0) (1,0) (0,0) (0,0) (1,1) (0,1) (0,1) (0,1) (0,0) (0,0) (1,0) 
(0,0) (0,0) (0,0) (0,0) (0,0) (0,0) (0,0) (1,0) (1,0) (0,1) (1,1) (1,1) (1,1) (0,0) (0,0) (0,1) 
(0,0) (0,0) (0,0) (0,0) (0,0) (0,0) (0,0) (0,0) (1,0) (0,1) (0,1) (1,1) (1,1) (0,0) (0,1) (0,1) 
(0,0) (0,0) (0,0) (0,0) (0,0) (0,0) (0,0) (0,0) (0,0) (0,1) (1,0) (1,1) (0,1) (0,1) (0,0) (0,1) 
(0,0) (0,0) (0,0) (0,0) (0,0) (0,0) (0,0) (0,0) (0,0) (0,0) (0,1) (1,1) (0,1) (0,0) (0,0) (0,0) 
(0,0) (0,0) (0,0) (0,0) (0,0) (0,0) (0,0) (0,0) (0,0) (0,0) (0,0) (1,1) (0,1) (1,0) (0,0) (0,1) 
(0,0) (0,0) (0,0) (0,0) (0,0) (0,0) (0,0) (0,0) (0,0) (0,0) (0,0) (0,0) (1,1) (0,0) (1,0) (1,0) 
(0,0) (0,0) (0,0) (0,0) (0,0) (0,0) (0,0) (0,0) (0,0) (0,0) (0,0) (0,0) (0,0) (1,1) (1,0) (0,0) 
(0,0) (0,0) (0,0) (0,0) (0,0) (0,0) (0,0) (0,0) (0,0) (0,0) (0,0) (0,0) (0,0) (0,0) (0,0) (0,0) 
(0,0) (0,0) (0,0) (0,0) (0,0) (0,0) (0,0) (0,0) (0,0) (0,0) (0,0) (0,0) (0,0) (0,0) (0,0) (0,0) 
(0,0) (0,0) (0,0) (0,0) (0,0) (0,0) (0,0) (0,0) (0,0) (0,0) (0,0) (0,0) (0,0) (0,0) (0,0) (0,0) 

Simple digraph 
1 3 6 10 11 15 
2 3 4 5 6 8 9 10 11 12 13 14 15 
8 15 
5 6 8 10 11 12 
5 9 10 11 12 14 15 
6 9 10 11 12 15 
7 8 9 10 11 12 15 
8 9 10 11 12 14 15 
9 10 11 12 13 15 
10 11 12 
11 12 13 15 
12 14 15 
13 14 







Duration_ModCreation_milliseconds: 373
Duration_GetSolution_milliseconds: 159
Duration_CollectRes_milliseconds: 0

Duration_Total_milliseconds: 782

exitCode 0
code/Main_GetStableMatchings completed
