100
1: 2 90 87 49 73 39 83 24 9 21 65 91 70 46 67 10 58 
2: 24 68 72 49 26 77 40 20 44 87 36 70 48 31 65 
3: 89 49 13 65 41 22 37 84 36 6 91 64 63 76 10 61 24 83 97 92 71 78 48 98 
4: 93 9 36 24 22 86 41 55 71 45 66 31 15 48 10 65 2 
5: 73 24 84 45 91 83 71 6 21 37 31 
6: 39 34 87 65 18 49 98 76 2 83 91 41 84 70 97 20 69 1 7 63 33 10 
7: 58 83 24 98 6 36 10 44 66 2 73 55 16 79 28 86 67 70 65 91 22 71 
8: 8 59 10 58 49 63 37 28 31 83 48 4 24 
9: 94 58 26 10 37 50 83 65 82 60 6 84 93 74 24 22 4 55 87 63 1 
10: 50 31 60 24 74 43 65 44 83 97 69 91 1 55 63 78 92 66 21 39 
11: 36 9 87 86 24 71 92 53 32 22 13 66 65 68 91 73 43 98 83 38 27 
12: 3 39 83 65 1 71 11 25 85 91 22 24 78 
13: 71 15 36 55 87 65 48 50 95 22 45 86 91 83 21 80 31 13 9 49 74 
14: 12 39 20 65 83 24 87 63 68 10 88 41 21 99 45 86 13 31 22 71 95 1 
15: 13 71 73 16 49 39 36 82 91 41 83 24 22 87 2 60 65 
16: 34 65 91 1 48 70 66 63 45 5 75 74 98 82 
17: 81 91 9 15 86 39 79 49 97 65 24 71 92 58 21 10 22 55 45 36 95 
18: 47 46 79 65 32 1 86 98 10 24 59 74 29 73 22 95 87 58 19 83 
19: 67 32 59 71 1 68 83 91 55 44 72 21 65 13 57 46 99 10 41 24 
20: 85 79 39 91 28 63 72 26 13 22 40 24 6 65 11 87 
21: 35 63 91 71 24 95 32 31 98 1 85 13 26 
22: 91 87 1 37 95 21 46 30 83 18 7 10 16 58 22 
23: 43 97 65 36 66 68 44 10 24 71 49 22 82 63 70 38 21 78 99 31 25 
24: 48 24 16 71 83 95 45 13 91 65 82 66 87 31 50 
25: 25 31 36 73 22 91 59 68 13 24 82 19 66 16 84 21 71 37 15 97 87 10 65 
26: 65 10 41 39 97 91 31 16 96 44 13 45 24 21 56 71 50 48 9 
27: 87 1 71 60 63 65 41 99 68 48 78 26 13 59 83 91 66 92 24 21 16 10 
28: 46 22 70 86 82 59 24 16 65 25 50 71 13 31 83 
29: 44 55 21 58 79 91 98 24 25 77 83 13 28 9 65 
30: 26 43 91 24 83 16 8 40 28 69 10 22 39 41 63 31 9 79 81 57 34 
31: 66 95 36 85 21 80 26 15 91 83 49 65 34 71 10 41 31 24 73 84 6 39 2 60 79 22 
32: 18 91 26 25 83 97 70 92 98 66 31 84 32 45 71 44 20 65 12 87 24 55 28 
33: 6 34 92 44 16 45 91 53 15 30 88 59 71 70 65 37 9 22 20 66 13 
34: 100 46 48 71 41 50 24 65 15 20 22 90 91 70 
35: 68 42 87 83 79 39 50 71 24 92 74 25 1 70 41 10 91 9 15 65 97 
36: 52 91 59 98 60 38 71 86 87 15 24 69 81 95 16 67 22 13 49 18 65 36 53 10 78 74 
37: 45 22 39 91 49 24 71 81 98 37 3 80 26 65 55 32 44 
38: 4 2 74 30 25 65 55 83 15 43 24 29 21 32 10 13 91 19 1 87 11 31 95 63 
39: 96 41 44 82 76 65 31 15 63 74 8 83 66 9 20 91 90 71 39 48 24 
40: 37 38 39 10 15 49 71 65 1 13 69 99 50 21 92 83 
41: 7 44 87 24 34 71 82 31 96 84 92 30 41 65 83 59 98 91 25 
42: 29 41 16 13 39 69 24 37 21 65 15 22 87 60 84 36 91 95 31 59 20 
43: 64 57 24 69 38 31 1 87 10 73 45 28 44 65 83 98 60 
44: 69 83 58 34 65 87 97 19 51 39 82 91 95 74 49 10 22 24 26 79 31 71 
45: 51 73 45 95 72 13 19 91 97 50 65 28 83 44 39 36 30 
46: 14 79 46 98 19 66 87 82 32 95 41 83 22 65 43 90 70 39 38 59 
47: 5 44 50 10 24 22 38 30 91 19 32 8 6 83 87 69 65 16 31 59 
48: 31 16 65 95 46 60 26 58 55 41 10 91 24 45 70 83 
49: 1 21 65 22 39 41 10 83 74 
50: 98 46 90 15 41 11 71 65 91 21 13 79 6 74 87 10 22 19 37 69 26 83 2 72 60 92 40 
51: 61 81 86 37 44 48 95 36 71 24 99 65 59 31 4 39 26 
52: 72 79 38 24 91 59 44 64 36 9 98 50 97 93 65 58 80 10 
53: 53 8 28 98 10 59 48 50 16 34 83 91 20 58 1 44 22 65 
54: 78 71 40 91 65 13 86 39 67 41 16 24 83 26 57 98 
55: 9 83 87 71 36 65 39 22 96 18 69 45 53 26 91 86 
56: 82 44 91 37 92 83 71 24 26 36 65 74 79 70 69 19 60 10 
57: 80 59 87 21 60 71 65 10 74 91 24 45 79 41 99 15 31 30 95 
58: 60 22 43 16 65 70 83 47 41 48 82 98 24 80 87 71 93 95 32 91 44 20 97 59 
59: 11 91 36 41 86 87 55 78 93 73 65 24 22 16 20 85 32 31 50 83 43 
60: 42 98 20 22 31 53 33 4 37 10 8 69 45 59 90 65 91 13 71 24 30 32 25 15 
61: 83 73 41 31 39 82 91 70 24 55 95 19 
62: 57 67 71 36 74 19 83 32 31 84 65 22 13 49 91 16 88 
63: 21 87 92 26 91 67 65 95 53 34 24 44 83 1 84 31 41 
64: 54 83 87 24 22 39 41 91 55 88 65 15 36 18 59 70 
65: 33 24 59 71 79 4 13 45 55 41 1 65 34 50 36 2 21 11 16 31 
66: 10 32 91 76 16 31 21 59 24 22 29 69 53 79 48 83 87 71 58 70 82 
67: 28 64 13 98 91 22 41 65 83 19 69 71 81 87 24 44 79 15 10 36 38 70 
68: 95 21 92 73 25 36 13 91 32 71 11 48 87 66 86 2 65 83 26 16 
69: 17 31 18 65 34 37 6 16 77 98 15 91 67 97 70 90 22 66 13 28 
70: 15 98 95 22 88 20 24 45 92 83 91 1 68 97 26 76 71 33 65 
71: 41 31 91 32 65 95 86 44 83 27 22 43 24 
72: 99 46 90 71 10 91 59 60 65 43 95 24 79 83 
73: 49 91 71 19 22 65 84 87 9 79 34 48 24 16 
74: 16 79 87 6 48 8 19 83 13 21 55 91 65 
75: 40 49 38 24 21 27 20 66 100 65 16 41 95 91 13 44 31 
76: 77 9 99 22 15 83 70 66 97 71 31 26 91 8 50 87 10 65 64 86 24 49 
77: 97 16 95 88 82 67 39 86 31 10 19 50 24 56 55 91 
78: 90 10 83 73 87 31 36 65 84 98 24 79 55 38 42 51 66 48 74 15 97 20 95 1 91 70 
79: 32 10 71 91 96 83 24 50 68 22 49 87 85 21 16 98 26 65 
80: 23 86 41 87 95 79 24 71 66 93 83 91 2 49 65 39 32 
81: 30 91 55 41 65 19 49 87 46 97 10 59 79 29 22 99 15 70 83 37 
82: 74 24 84 38 71 65 19 91 21 88 37 44 9 95 49 12 83 15 36 41 58 31 
83: 70 65 24 26 22 31 44 9 91 83 37 71 
84: 75 9 65 79 26 13 83 1 87 24 37 99 91 36 11 72 22 38 
85: 22 28 73 55 71 16 20 65 49 98 9 24 39 48 
86: 88 68 10 34 90 83 87 95 91 44 22 70 36 21 65 77 71 24 57 
87: 38 2 98 42 67 22 91 65 31 55 58 79 95 13 24 39 85 10 86 
88: 79 80 24 10 36 4 65 50 59 19 21 92 87 31 74 2 33 1 91 28 
89: 27 49 50 26 55 2 83 34 87 71 65 60 69 59 39 18 48 91 36 10 45 
90: 92 95 28 83 57 15 10 55 87 24 1 74 58 65 91 18 86 71 
91: 84 4 28 24 66 26 53 70 34 41 85 31 98 58 91 71 83 37 
92: 55 65 24 47 86 11 19 71 20 77 36 97 91 68 49 78 26 
93: 19 71 59 65 21 18 41 86 22 44 91 88 87 70 
94: 20 55 86 8 1 22 65 87 83 18 28 91 99 39 
95: 86 95 65 32 25 80 49 15 45 40 10 72 83 56 2 52 
96: 56 54 98 18 84 9 45 24 58 64 50 44 1 49 57 13 2 59 10 91 71 66 
97: 76 69 78 19 25 41 91 45 87 1 65 31 59 89 97 83 55 88 39 22 
98: 63 40 83 50 78 95 36 58 80 9 25 59 71 70 45 97 31 79 66 49 53 65 91 19 24 22 86 26 
99: 59 58 86 92 25 68 72 49 79 81 65 16 71 1 24 82 99 37 87 46 91 34 
100: 62 43 22 36 91 95 83 24 65 16 99 13 71 87 48 42 
1: 88 19 94 99 21 63 97 22 40 78 14 12 18 35 27 9 16 70 38 84 53 96 10 90 6 65 43 49 
2: 88 4 15 80 6 95 89 31 96 68 7 65 50 38 87 1 
3: 37 12 
4: 88 51 91 65 8 9 60 38 
5: 16 47 
6: 31 74 9 7 20 5 3 47 69 50 33 
7: 6 22 41 
8: 30 53 60 39 76 74 47 94 8 
9: 84 29 85 35 13 1 26 30 98 82 33 73 39 4 11 83 76 52 96 17 55 
10: 79 38 76 30 14 77 3 86 95 7 19 26 36 35 22 89 44 1 87 67 81 6 4 43 56 25 9 23 53 88 31 40 47 78 96 18 49 90 27 72 60 50 57 52 17 8 48 66 
11: 12 68 92 84 65 50 20 38 59 
12: 82 32 14 
13: 25 28 19 40 65 21 74 36 13 62 84 26 45 67 24 38 11 14 29 54 87 33 96 50 20 42 69 3 75 68 60 100 27 15 
14: 46 
15: 95 39 35 50 17 81 42 67 69 4 57 76 34 82 78 90 38 60 40 25 33 13 36 31 64 70 
16: 24 62 65 54 30 42 69 15 79 99 59 73 85 26 77 36 22 48 58 7 75 53 25 66 33 28 47 100 27 68 74 
17: 69 
18: 94 89 64 96 93 90 6 69 22 55 36 32 
19: 98 18 45 82 74 81 47 97 46 25 92 73 77 88 62 56 38 50 44 61 67 93 
20: 92 34 42 14 58 33 6 70 53 39 60 59 2 32 75 85 78 94 
21: 42 17 23 29 14 31 79 75 49 82 19 74 22 38 88 68 66 1 86 25 13 5 27 10 40 50 93 57 65 26 63 
22: 55 76 44 31 86 87 7 14 71 60 12 20 11 70 66 3 15 4 9 94 58 50 93 34 53 97 18 42 33 37 23 17 59 30 100 28 83 98 62 73 67 13 79 84 47 69 36 64 46 81 25 49 22 85 
23: 80 
24: 26 1 84 30 7 51 17 38 23 24 37 5 92 70 83 98 15 8 10 79 58 90 66 35 44 64 86 21 20 29 80 48 59 85 60 56 76 63 78 57 61 28 88 39 72 18 75 42 91 25 14 41 54 96 4 27 34 47 3 36 12 52 31 82 65 32 67 9 77 100 87 99 19 73 11 71 43 2 
25: 68 60 99 12 41 98 38 23 97 29 95 32 28 35 25 
26: 48 84 27 83 89 9 79 54 37 56 51 44 92 63 70 68 31 20 21 32 76 98 91 50 55 2 30 
27: 75 71 11 89 
28: 88 94 29 69 91 30 20 45 43 32 53 85 7 90 8 67 
29: 18 38 66 81 42 
30: 22 38 41 47 33 57 60 45 81 
31: 38 62 25 30 23 44 10 28 8 71 51 61 26 57 41 43 63 65 98 66 60 42 13 87 5 97 78 31 76 75 47 24 69 21 83 39 88 4 82 77 91 2 14 59 32 48 
32: 59 11 19 32 46 37 60 18 80 21 58 47 66 68 71 95 38 62 79 
33: 70 88 6 60 65 
34: 63 33 65 6 89 41 86 31 44 53 30 91 69 99 73 16 
35: 21 
36: 67 88 55 25 89 92 15 4 68 84 3 13 42 100 78 45 64 23 59 51 62 82 7 56 36 17 65 86 31 52 2 98 11 
37: 84 83 5 60 82 51 99 3 69 9 37 91 50 81 56 33 22 8 25 42 40 
38: 75 67 46 47 78 52 11 23 82 40 43 84 36 87 
39: 17 97 12 51 26 54 55 35 15 77 39 64 31 30 20 45 42 37 94 49 46 14 89 80 85 61 10 87 40 44 1 6 
40: 54 95 20 30 98 50 2 75 
41: 34 4 19 46 48 80 41 39 54 15 81 26 58 63 65 82 57 50 91 64 27 31 97 75 3 6 49 35 14 30 67 42 59 93 61 71 
42: 78 100 87 35 60 
43: 100 11 46 38 30 59 10 72 71 58 23 
44: 26 51 56 33 63 19 43 67 10 83 23 93 75 47 2 52 37 96 32 58 82 41 7 86 45 39 71 53 29 
45: 32 43 17 5 97 48 98 95 96 55 24 4 60 14 16 70 13 89 33 57 45 65 26 37 
46: 48 1 22 46 19 50 99 81 18 34 72 28 
47: 92 58 18 
48: 16 73 8 53 51 74 26 27 34 78 66 58 39 89 85 13 2 4 3 68 100 24 
49: 75 36 44 89 17 3 81 85 99 82 15 37 40 13 79 2 96 23 62 76 6 8 98 80 31 95 92 1 73 
50: 98 9 65 79 26 28 13 59 88 45 35 77 47 96 24 89 34 76 52 53 40 10 
51: 44 78 45 
52: 95 36 
53: 55 11 36 60 98 91 63 66 33 53 
54: 96 64 
55: 9 64 32 13 81 94 7 38 19 10 85 61 17 37 74 77 65 87 48 59 97 29 78 4 89 90 92 
56: 95 77 26 96 
57: 96 43 90 30 86 19 54 62 
58: 8 96 1 22 90 29 18 82 44 99 53 52 87 98 48 9 17 91 66 7 
59: 51 18 28 98 33 66 96 58 93 42 72 60 36 81 19 25 47 57 27 8 97 41 65 52 46 89 53 88 64 99 
60: 15 56 43 9 48 31 72 27 42 50 89 36 57 10 58 
61: 3 51 
62: 100 
63: 21 30 6 38 27 14 10 39 20 16 8 9 23 3 98 
64: 3 52 76 96 67 43 
65: 92 63 1 67 6 99 44 34 51 82 78 69 47 97 48 86 16 59 25 28 55 70 38 9 4 31 79 68 73 15 42 83 17 75 95 53 71 100 19 49 54 76 7 98 84 65 32 18 74 41 14 90 43 10 2 37 81 88 87 24 20 40 85 13 56 58 94 57 36 50 64 29 35 60 89 39 46 3 93 33 80 27 23 62 72 11 45 52 12 26 
66: 76 80 23 69 68 16 32 39 11 33 7 25 91 75 46 27 24 98 96 10 4 78 31 
67: 77 69 62 36 63 87 54 7 1 19 
68: 14 92 86 79 23 19 2 70 25 99 27 11 35 
69: 47 10 6 43 97 42 66 30 55 89 50 60 67 36 40 56 44 
70: 58 98 1 23 66 46 7 93 61 78 16 34 76 64 35 86 69 91 28 33 81 56 48 2 6 67 32 83 
71: 27 89 55 34 41 40 83 28 44 92 54 51 19 24 58 12 31 25 21 66 68 85 11 32 15 99 35 65 80 5 37 79 96 14 90 26 86 76 72 39 67 56 23 82 60 17 50 100 36 33 7 91 73 70 93 4 98 3 62 57 13 
72: 2 45 95 99 50 84 20 19 52 
73: 25 45 78 7 43 18 15 1 85 61 59 68 31 11 5 
74: 88 49 50 18 10 13 38 56 78 36 44 9 35 39 57 90 16 62 82 
75: 16 84 
76: 70 39 66 3 6 97 
77: 86 69 2 92 29 76 
78: 12 27 92 23 59 98 10 97 3 36 54 
79: 78 65 66 73 35 50 46 72 18 67 98 31 29 57 56 7 87 74 84 20 80 44 81 30 52 17 99 88 
80: 37 58 95 88 13 52 98 31 57 
81: 51 99 37 67 36 30 17 
82: 25 15 58 61 41 16 66 46 23 39 9 28 77 99 44 24 56 
83: 70 89 50 55 6 62 18 80 64 31 47 82 41 30 19 39 68 74 71 38 3 40 79 97 53 56 67 59 13 63 35 86 91 24 8 98 43 95 90 81 14 27 49 11 83 78 9 44 5 48 46 66 94 29 54 7 100 22 12 58 32 72 76 45 28 1 15 10 84 61 
84: 42 41 25 32 82 3 78 5 62 9 96 73 63 6 31 91 
85: 59 91 21 87 79 12 31 20 
86: 13 94 4 98 11 51 77 14 92 99 28 93 36 71 17 54 68 80 87 90 76 7 18 55 59 95 
87: 74 67 1 2 89 57 86 43 81 94 88 99 20 84 38 32 76 14 36 63 41 11 93 13 100 97 59 79 44 22 42 80 73 6 78 50 66 68 9 47 46 24 18 35 55 90 58 25 15 64 27 
88: 93 77 70 97 64 82 62 14 33 86 
89: 97 3 
90: 39 50 69 1 46 72 86 34 60 78 
91: 29 7 20 81 33 100 36 10 41 58 98 80 53 69 35 34 97 74 50 66 77 25 42 96 90 79 39 13 73 86 99 6 3 75 48 45 72 76 52 67 59 55 63 44 87 54 16 61 71 60 92 19 15 1 94 57 32 37 30 12 68 84 27 93 64 89 78 83 21 17 82 26 47 31 38 88 70 5 62 11 91 24 56 22 
92: 88 68 40 3 33 50 63 27 10 70 56 32 99 11 17 41 35 90 
93: 80 9 52 59 58 4 
94: 9 
95: 77 70 21 17 78 45 100 57 13 36 82 18 90 22 58 24 46 51 71 75 80 87 42 72 86 48 44 38 98 63 61 31 14 95 68 
96: 55 26 79 41 39 
97: 92 26 10 32 81 58 35 17 25 98 3 70 52 45 69 78 97 23 44 6 76 77 
98: 37 96 58 53 21 16 91 60 54 79 69 70 67 6 87 29 52 7 18 43 36 3 78 11 41 32 46 85 50 
99: 81 100 84 57 19 14 94 99 23 27 51 76 40 72 
100: 75 34 



Updated preference list above: can be reinput into program.
Duration_ModCreation_milliseconds: 202
Duration_GetSolution_milliseconds: 8
Duration_CollectRes_milliseconds: 0

RawResults: 
2 24 89 93 73 39 58 8 94 50 36 3 71 12 13 34 81 47 67 85 35 91 43 48 25 65 87 46 44 26 66 18 6 100 68 52 45 4 96 37 7 29 64 69 51 14 5 31 1 98 61 72 53 78 9 82 80 60 11 42 83 57 21 54 33 10 28 95 17 15 41 99 49 16 40 77 97 90 32 23 30 74 70 75 22 88 38 79 27 92 84 55 19 20 86 56 76 63 59 62 

Duration_Total_milliseconds: 383

exitCode 0
code/Main_GS completed
