100
1: 22 24 44 94 8 26 43 10 89 42 27 74 73 21 4 35 59 17 99 60 48 
2: 72 10 89 43 58 39 5 40 42 74 47 24 83 13 4 98 
3: 30 58 98 99 48 17 74 8 35 81 97 85 10 50 73 4 83 42 76 65 
4: 69 42 73 28 24 94 46 35 86 38 43 4 99 10 5 100 21 
5: 48 10 73 53 26 32 4 83 35 81 65 70 91 50 58 5 64 16 34 24 38 66 
6: 31 24 50 10 21 99 38 16 85 4 89 86 
7: 55 85 16 21 4 35 38 26 62 68 13 94 10 50 46 57 56 44 5 17 63 
8: 87 34 65 76 81 36 5 4 48 73 45 26 57 38 99 85 42 10 53 
9: 24 6 46 34 21 99 89 25 10 50 41 81 91 73 43 16 65 35 17 62 66 
10: 63 83 81 99 4 5 21 26 36 43 78 77 
11: 36 99 26 97 57 50 65 83 77 4 74 5 58 89 42 61 33 85 73 38 64 94 
12: 56 57 42 5 11 21 45 50 58 35 17 77 99 47 28 13 46 38 37 98 4 
13: 82 4 97 84 34 5 77 51 8 60 38 24 70 10 41 56 99 
14: 91 24 74 42 50 21 31 34 17 100 18 10 78 56 94 46 84 26 97 5 98 70 81 4 
15: 62 86 28 10 42 17 99 74 18 97 49 59 31 92 8 94 35 38 26 63 83 24 73 
16: 33 53 76 4 28 21 43 74 73 99 70 42 84 51 94 81 17 56 35 50 98 97 
17: 85 50 28 67 4 78 24 59 10 5 35 56 
18: 75 56 73 45 10 99 83 26 76 35 42 5 21 17 38 28 81 64 34 
19: 17 50 56 4 26 78 53 77 99 34 36 94 42 98 16 48 85 70 65 35 21 25 13 15 5 
20: 5 4 55 100 73 81 29 98 74 7 10 76 42 28 85 43 
21: 88 62 35 5 99 86 34 42 53 4 17 38 
22: 42 85 58 41 4 24 16 89 28 26 83 21 46 5 
23: 73 56 70 84 4 53 26 57 46 38 10 11 81 99 59 5 90 89 64 42 
24: 51 48 89 76 94 5 55 43 21 58 81 99 67 78 50 85 86 28 4 
25: 47 61 4 70 57 98 91 41 64 16 34 10 21 45 28 
26: 20 16 21 35 14 26 47 81 24 44 65 32 78 10 57 94 89 98 70 77 33 
27: 26 38 64 55 58 70 21 39 74 10 98 24 100 83 52 15 73 
28: 61 26 13 46 56 28 24 10 78 42 25 5 38 98 94 
29: 39 42 57 35 90 99 33 26 100 76 5 73 63 53 58 24 61 10 38 43 47 98 
30: 11 72 57 76 95 21 84 78 4 10 50 13 14 86 5 98 38 
31: 100 53 35 51 61 95 41 76 77 98 42 38 5 73 81 94 4 43 
32: 25 36 5 4 61 38 24 42 97 99 26 50 21 51 65 28 13 81 29 94 86 78 57 
33: 44 84 92 4 73 16 53 42 21 70 50 17 5 99 33 38 32 57 10 41 98 
34: 67 16 50 97 5 28 81 35 85 10 42 59 99 18 74 56 68 94 
35: 13 84 26 61 6 10 15 70 33 35 99 97 98 67 4 51 21 73 
36: 84 99 26 64 56 81 24 50 5 58 44 97 38 98 59 65 
37: 1 13 50 65 34 53 94 32 35 33 89 55 10 21 5 28 18 
38: 21 10 23 4 78 5 28 24 34 35 38 25 83 76 
39: 9 98 65 68 5 89 58 4 18 99 59 83 100 73 91 38 42 53 21 22 70 
40: 93 38 6 91 98 49 85 89 45 5 73 56 41 84 4 99 58 21 10 59 
41: 23 56 78 97 50 4 44 89 70 86 14 5 83 26 84 62 38 
42: 8 58 42 18 60 89 21 16 33 10 73 28 85 63 70 44 
43: 2 26 61 89 4 62 35 44 50 24 78 56 99 81 38 85 28 74 
44: 59 78 11 62 44 58 55 10 83 85 99 65 73 84 4 43 26 5 
45: 64 73 48 63 10 16 31 38 21 5 98 41 4 94 26 33 
46: 99 78 57 97 5 38 81 47 21 65 70 24 33 61 
47: 74 97 38 41 73 77 4 56 53 83 35 42 10 39 89 76 65 30 91 62 17 
48: 43 56 84 98 24 53 10 25 16 42 5 89 50 4 66 17 70 44 28 26 
49: 70 73 98 99 91 26 94 43 17 42 65 4 16 13 59 
50: 92 97 10 16 62 57 38 70 78 4 42 56 13 36 21 5 99 40 100 17 26 65 
51: 12 21 4 85 95 76 17 44 42 24 89 99 83 98 
52: 81 90 62 34 10 35 91 8 16 21 98 13 26 78 24 43 41 70 99 5 58 38 
53: 35 10 58 4 76 86 65 47 85 77 21 89 31 5 
54: 40 74 81 28 26 10 46 89 13 76 25 4 70 5 56 16 99 86 
55: 7 98 57 21 10 4 61 18 46 38 58 84 97 35 81 42 49 85 33 
56: 66 56 35 65 21 26 70 24 64 73 28 5 16 4 31 41 50 12 45 51 90 78 
57: 32 85 81 42 11 55 34 35 53 24 13 43 49 10 58 19 25 70 4 92 21 
58: 41 5 43 17 16 77 85 21 58 99 10 4 97 89 26 48 
59: 14 24 5 26 21 77 10 85 7 28 81 76 91 58 38 4 65 50 
60: 18 28 62 10 87 53 73 36 5 20 14 38 29 99 26 42 81 4 33 98 85 35 86 83 78 
61: 90 36 87 21 17 84 4 13 10 98 77 58 94 100 38 91 70 34 73 16 42 
62: 68 28 34 38 4 74 95 94 21 26 5 76 99 18 25 50 58 83 70 35 31 77 98 
63: 58 5 91 56 66 42 92 99 50 97 24 35 70 10 26 21 
64: 52 26 5 62 74 35 57 8 41 98 16 29 66 85 10 50 81 58 4 17 21 
65: 76 24 50 32 35 100 13 78 45 28 5 21 89 65 42 92 73 10 61 70 
66: 15 94 4 56 28 21 8 26 85 59 81 48 89 34 42 99 11 
67: 16 70 89 85 9 81 59 43 57 44 51 56 42 24 5 12 84 
68: 37 81 16 12 94 85 5 15 74 42 55 57 31 77 58 43 4 30 10 26 76 17 21 38 
69: 89 34 42 51 50 94 10 65 90 36 68 4 58 
70: 34 10 5 46 4 60 58 99 64 21 16 90 98 13 42 26 38 78 
71: 71 77 16 57 26 17 76 5 62 10 97 73 89 
72: 65 24 42 78 89 43 28 91 34 17 77 16 21 4 5 11 10 100 58 36 
73: 86 58 4 21 35 73 41 100 50 36 53 16 26 99 57 5 32 77 1 89 59 
74: 38 56 43 6 4 21 76 16 5 81 53 65 10 98 99 50 58 
75: 57 8 99 90 34 44 38 10 4 89 92 64 42 5 86 28 56 14 91 21 50 78 13 24 39 
76: 83 65 98 10 40 28 25 77 7 34 56 42 94 21 24 70 57 5 36 
77: 46 28 65 26 21 78 91 85 74 56 38 50 77 25 4 95 43 73 17 
78: 19 58 26 8 81 42 61 17 45 12 67 71 47 28 55 24 77 21 10 63 4 
79: 50 33 73 76 17 46 21 97 85 74 58 10 61 4 81 16 5 55 24 64 62 70 99 
80: 98 39 32 58 89 4 45 10 44 76 21 41 94 5 56 16 61 
81: 27 45 81 48 5 58 95 14 53 26 31 59 7 94 4 83 28 
82: 3 38 78 92 70 12 99 89 98 33 21 81 77 86 53 41 17 4 50 
83: 10 35 83 5 22 24 84 74 33 62 26 97 42 56 81 98 18 53 70 21 73 4 
84: 78 65 58 76 81 31 38 24 17 70 22 21 10 28 39 16 
85: 49 18 10 32 53 8 94 16 70 76 87 3 42 58 57 36 91 44 56 98 34 71 38 
86: 29 89 4 70 41 56 47 31 5 50 99 35 10 44 98 32 78 38 43 85 
87: 95 48 4 53 39 17 50 77 10 60 5 91 62 73 86 8 65 99 74 31 34 
88: 97 13 86 10 5 61 35 58 56 4 98 38 25 65 46 48 17 77 70 41 85 26 99 42 31 
89: 45 31 84 5 70 94 85 81 74 99 16 43 24 89 4 38 28 34 
90: 60 100 81 33 99 21 73 24 92 26 8 16 83 62 4 94 98 14 90 38 10 
91: 28 25 98 99 51 10 56 6 92 84 38 65 58 57 78 34 73 24 4 81 15 
92: 80 21 94 16 56 10 24 51 78 20 5 
93: 94 20 42 31 5 35 34 51 77 28 73 4 50 65 10 21 81 11 26 
94: 54 6 4 98 56 77 97 70 58 42 50 25 10 99 28 57 81 24 78 65 5 46 85 17 34 
95: 53 66 89 81 20 36 5 85 55 60 26 25 74 99 59 65 62 44 34 22 77 57 
96: 77 5 57 78 85 18 62 76 17 4 81 99 73 83 70 24 21 50 8 32 10 26 49 
97: 6 36 26 10 5 8 98 21 16 91 50 74 53 65 48 94 99 85 17 38 57 56 51 97 83 
98: 4 76 83 92 42 73 41 63 51 13 10 84 64 16 81 57 43 50 99 48 27 32 70 58 26 
99: 96 41 21 53 28 38 5 35 83 4 65 34 94 98 42 10 76 26 14 99 
100: 79 73 97 81 48 10 89 36 42 59 98 65 85 55 11 33 4 
1: 73 37 
2: 43 
3: 85 82 
4: 53 69 14 82 55 96 31 25 39 62 64 100 54 86 1 68 77 50 16 47 33 81 49 11 6 20 58 30 35 21 60 32 80 91 19 57 79 59 13 5 43 94 8 87 93 83 48 22 61 51 40 3 41 45 44 90 10 23 70 74 17 12 2 75 7 73 78 56 4 38 89 66 24 72 99 88 98 
5: 4 46 56 38 13 97 58 19 31 22 94 10 48 68 37 28 54 34 53 39 92 71 60 72 63 11 86 67 96 79 74 29 73 62 40 5 93 8 88 76 89 24 23 64 12 70 21 45 50 83 75 36 2 14 52 59 32 33 99 87 65 44 80 18 17 7 81 30 41 95 20 
6: 91 9 74 35 94 40 97 
7: 59 81 76 20 55 
8: 78 85 15 66 90 87 3 1 97 96 75 13 64 52 42 
9: 67 39 
10: 2 14 1 76 60 18 5 96 94 80 63 25 13 93 20 33 91 48 61 15 86 17 34 4 87 53 78 59 7 55 75 54 69 47 84 72 100 6 27 79 90 42 70 9 71 74 52 64 88 97 98 50 28 99 23 30 3 29 85 44 35 37 26 57 45 38 8 65 58 40 68 92 83 
11: 72 100 23 93 57 66 12 44 30 
12: 78 67 56 68 82 51 
13: 75 65 50 88 49 2 7 54 52 28 19 57 32 37 12 98 61 30 70 35 
14: 41 60 30 26 81 99 75 90 59 
15: 91 35 19 27 68 66 
16: 34 56 5 22 26 19 64 68 25 50 90 80 74 33 48 54 61 49 7 92 79 97 45 70 6 9 84 58 52 89 73 42 71 72 98 85 67 
17: 15 96 7 1 97 3 49 47 79 77 21 72 88 58 84 14 64 87 18 78 50 51 71 9 61 33 82 68 94 48 12 16 19 
18: 37 39 14 85 96 55 83 42 62 15 34 60 
19: 57 78 
20: 92 93 60 95 26 
21: 72 46 40 97 16 59 7 57 78 39 90 52 92 26 61 27 14 30 75 84 19 63 51 96 80 33 83 6 82 66 1 42 53 22 62 99 73 37 58 24 55 25 65 64 56 76 79 50 12 18 10 68 70 74 77 4 35 93 9 45 32 38 
22: 84 95 83 39 1 
23: 38 41 
24: 84 29 48 92 51 5 17 15 96 72 36 6 38 90 27 26 59 46 57 91 1 2 28 65 43 4 76 83 67 78 14 22 94 56 52 79 32 89 63 13 75 9 
25: 88 76 62 77 95 91 57 54 19 28 48 9 38 94 32 
26: 95 63 93 43 59 90 83 99 78 60 22 71 26 97 45 15 98 81 88 10 36 1 66 19 28 35 48 44 14 58 11 32 56 54 73 77 50 96 68 29 64 23 5 49 52 62 41 8 70 7 18 27 
27: 1 98 81 
28: 99 78 17 22 75 93 56 54 72 42 43 81 48 24 18 25 12 20 28 62 38 16 34 59 77 76 37 4 15 89 32 84 60 66 94 65 91 
29: 32 20 64 60 86 
30: 47 68 3 
31: 88 45 86 87 56 14 15 68 93 81 53 84 89 62 6 
32: 65 86 37 80 98 33 96 26 85 5 73 57 
33: 37 55 45 29 60 83 82 46 79 35 33 11 100 90 26 42 16 
34: 62 38 93 25 13 61 52 9 21 19 99 87 37 95 69 85 57 89 8 72 14 5 18 91 75 66 76 94 70 
35: 12 9 3 17 26 29 83 55 56 31 86 60 1 4 5 93 19 64 7 62 47 21 16 99 43 73 57 38 52 34 37 65 15 63 35 18 88 53 
36: 72 95 32 50 19 60 61 85 97 76 10 100 73 69 8 11 
37: 12 68 
38: 15 30 40 31 6 85 21 18 11 23 43 52 99 27 62 70 88 47 60 32 84 29 86 97 50 28 38 68 12 7 36 8 45 75 55 41 89 46 13 90 39 5 82 77 61 91 33 59 4 74 
39: 75 27 84 2 80 87 47 29 
40: 2 50 76 54 
41: 9 40 64 98 47 45 52 73 86 25 31 82 88 13 33 80 22 56 99 58 
42: 12 50 11 94 42 78 66 23 72 39 99 3 61 16 15 48 1 18 31 4 75 83 47 88 67 55 49 14 70 29 33 34 8 98 85 20 60 28 19 57 32 65 63 68 93 69 51 21 2 76 100 22 
43: 4 10 29 2 57 44 58 31 89 16 1 77 52 20 49 68 86 74 98 72 24 9 67 48 
44: 85 41 26 48 42 86 43 44 1 67 75 7 80 95 51 36 33 
45: 81 8 78 56 80 12 65 40 25 18 89 
46: 55 70 94 14 7 4 28 12 88 79 54 9 23 22 77 
47: 26 46 12 53 78 29 86 2 25 
48: 88 8 24 19 3 45 97 58 66 81 1 100 87 98 5 
49: 15 55 96 57 40 85 
50: 96 37 7 36 97 30 75 41 94 87 77 98 14 9 43 16 5 6 11 62 63 17 64 56 34 82 93 3 24 48 33 73 86 12 32 69 59 65 74 19 79 
51: 35 67 13 98 56 69 91 31 16 93 92 32 97 24 
52: 27 64 
53: 73 21 57 83 16 29 23 97 8 60 33 81 31 74 47 82 5 19 99 85 87 39 48 37 95 
54: 94 
55: 44 78 37 24 57 20 79 100 68 27 95 7 
56: 13 34 75 36 18 47 67 80 76 43 50 41 7 83 54 40 28 66 91 74 86 85 88 19 63 92 77 56 23 16 97 17 48 94 14 12 
57: 30 23 95 94 25 68 46 55 11 33 71 32 64 50 29 67 91 98 96 73 12 97 26 7 76 85 8 75 
58: 2 72 81 44 62 40 58 3 29 73 52 74 85 64 78 42 69 5 36 88 80 70 57 27 61 39 11 22 94 91 59 55 53 12 98 79 24 68 84 63 
59: 66 95 15 1 17 36 34 23 49 40 81 67 73 100 39 44 
60: 95 87 70 13 42 1 90 
61: 78 80 79 88 65 46 29 25 43 31 11 32 55 35 28 
62: 41 7 43 47 90 79 95 64 21 87 52 83 9 50 96 44 71 60 15 
63: 29 42 45 98 78 7 15 10 
64: 18 79 98 36 75 11 27 56 25 70 23 5 45 
65: 99 3 50 46 39 56 49 37 97 100 76 94 65 9 77 93 91 53 95 74 5 11 44 59 69 32 88 19 8 84 47 36 26 87 72 
66: 48 9 95 64 63 5 56 
67: 35 24 78 17 34 
68: 39 69 7 34 62 
69: 4 
70: 98 63 26 13 41 56 23 25 50 19 82 5 57 89 16 62 88 96 42 48 86 94 83 84 52 67 79 14 27 33 76 46 39 54 85 35 65 61 49 
71: 85 78 71 
72: 30 2 
73: 3 91 65 35 100 27 93 83 42 98 20 45 11 29 44 31 40 1 8 39 77 56 49 5 61 60 73 71 79 18 90 9 87 47 4 15 33 96 16 23 
74: 27 20 77 34 43 3 11 15 1 89 14 97 87 95 62 68 64 2 54 16 79 83 47 
75: 18 
76: 30 24 85 20 74 38 54 99 16 53 59 84 18 79 71 29 8 62 47 31 51 96 98 68 80 3 65 
77: 58 62 87 88 77 95 53 47 12 31 76 71 93 78 72 26 94 59 13 73 19 82 68 10 11 61 96 
78: 17 77 70 82 10 41 43 44 75 52 96 94 28 46 91 60 92 14 24 26 32 86 65 50 19 56 30 38 72 84 
79: 100 
80: 92 
81: 59 8 36 23 10 95 66 82 16 26 100 60 3 67 91 96 9 98 20 54 93 46 32 68 81 78 24 94 31 84 18 64 34 55 57 83 90 5 74 14 43 89 79 52 
82: 13 
83: 99 81 47 10 3 2 44 83 38 41 18 97 39 5 96 62 51 11 98 27 22 15 60 90 76 
84: 30 98 14 44 67 91 55 89 48 61 41 33 16 23 13 35 83 40 36 
85: 43 44 86 79 11 20 6 68 57 77 55 53 51 7 59 19 94 97 96 88 8 100 64 24 40 58 89 34 66 22 95 3 67 42 60 17 
86: 75 88 15 53 54 24 4 30 60 32 41 82 87 21 6 73 
87: 60 61 85 8 
88: 21 
89: 43 6 75 89 66 22 82 42 58 2 40 23 95 41 100 72 73 86 53 47 1 11 67 54 80 37 26 24 65 71 9 39 48 51 69 
90: 69 90 56 70 75 23 29 52 61 
91: 25 9 52 5 47 85 87 97 75 39 61 49 63 72 77 40 59 14 
92: 57 63 90 91 15 98 65 82 33 75 50 
93: 40 
94: 11 62 68 16 15 14 37 34 45 49 26 92 31 7 81 4 32 97 69 99 61 80 19 24 28 76 89 66 85 1 90 93 
95: 30 51 81 77 31 62 87 
96: 99 
97: 32 11 14 35 83 3 100 41 55 13 63 79 94 16 36 34 46 58 71 47 50 15 97 88 
98: 28 19 36 39 16 94 55 45 26 29 52 86 64 60 20 12 91 49 62 33 97 3 14 40 48 74 76 35 31 100 2 85 61 88 83 99 90 25 30 51 27 70 82 80 
99: 24 21 91 40 58 6 51 52 74 88 79 23 16 32 73 29 44 89 95 82 97 62 70 11 39 60 98 33 90 15 9 50 10 12 66 34 99 54 35 96 18 8 75 19 4 49 43 1 3 13 63 36 86 87 94 46 
100: 72 29 27 73 4 14 90 61 39 20 65 50 31 



Updated preference list above: can be reinput into program.
Duration_ModCreation_milliseconds: 187
Duration_GetSolution_milliseconds: 5
Duration_CollectRes_milliseconds: 0

RawResults: 
22 72 30 69 48 31 55 87 24 63 36 56 82 91 62 33 85 75 17 5 88 42 73 51 47 20 26 61 39 11 100 25 44 67 13 84 1 21 9 93 23 8 2 59 64 99 74 43 70 92 12 81 35 40 7 66 32 41 14 18 90 68 58 52 76 15 16 37 89 34 71 65 86 38 57 83 46 19 50 98 27 3 10 78 49 29 95 97 45 60 28 80 94 54 53 77 6 4 96 79 

Duration_Total_milliseconds: 358

exitCode 0
code/Main_GS completed
