// General stats
numRotations: 12
numStableMatchings: 37


// Rotations
rotation_0: (66, 33) (40, 68) (5, 6) (80, 9) (14, 19) (2, 18) (56, 50) (35, 10) (6, 53) 
rotProfileMen_0: -2 0 -1 0 -2 1 -1 0 0 1 1 -1 1 0 0 0 0 0 -1 0 1 0 0 0 0 0 0 1 1 0 0 1 0 0 0 0 0 0 0 0 0 0 0 0 0 0 0 0 0 0 0 0 0 0 0 0 0 0 0 0 0 0 0 0 0 0 0 0 0 0 0 0 0 0 0 0 0 0 0 0 
rotProfileWomen_0: 1 1 0 1 0 0 0 0 1 1 0 1 0 0 0 1 0 -1 -2 0 0 0 0 -1 0 0 0 0 0 0 0 -1 0 -1 0 -1 0 0 0 0 0 0 0 0 0 0 0 0 0 0 0 0 0 0 0 0 0 0 0 0 0 0 0 0 0 0 0 0 0 0 0 0 0 0 0 0 0 0 0 0 
rotProfileCombined_0: -1 1 -1 1 -2 1 -1 0 1 2 1 0 1 0 0 1 0 -1 -3 0 1 0 0 -1 0 0 0 1 1 0 0 0 0 -1 0 -1 0 0 0 0 0 0 0 0 0 0 0 0 0 0 0 0 0 0 0 0 0 0 0 0 0 0 0 0 0 0 0 0 0 0 0 0 0 0 0 0 0 0 0 0 
 --- 
rotation_1: (70, 51) (34, 5) 
rotProfileMen_1: 0 -1 0 0 -1 1 1 0 0 0 0 0 0 0 0 0 0 0 0 0 0 0 0 0 0 0 0 0 0 0 0 0 0 0 0 0 0 0 0 0 0 0 0 0 0 0 0 0 0 0 0 0 0 0 0 0 0 0 0 0 0 0 0 0 0 0 0 0 0 0 0 0 0 0 0 0 0 0 0 0 
rotProfileWomen_1: 0 0 0 0 0 0 0 0 0 0 0 0 0 0 0 0 0 1 0 -1 0 0 0 0 0 0 0 0 0 0 0 0 0 0 0 0 0 0 0 0 0 0 0 0 0 0 0 0 0 0 0 0 0 0 0 0 0 0 0 0 0 1 0 0 0 0 0 0 0 0 -1 0 0 0 0 0 0 0 0 0 
rotProfileCombined_1: 0 -1 0 0 -1 1 1 0 0 0 0 0 0 0 0 0 0 1 0 -1 0 0 0 0 0 0 0 0 0 0 0 0 0 0 0 0 0 0 0 0 0 0 0 0 0 0 0 0 0 0 0 0 0 0 0 0 0 0 0 0 0 1 0 0 0 0 0 0 0 0 -1 0 0 0 0 0 0 0 0 0 
 --- 
rotation_2: (34, 51) (39, 46) (71, 29) (13, 56) (62, 12) (50, 78) (76, 54) 
rotProfileMen_2: -1 0 0 0 0 -1 0 0 -2 0 0 0 0 0 1 0 1 0 -1 0 1 0 0 0 0 0 0 0 0 1 1 0 0 0 0 0 0 0 0 0 0 0 0 0 0 0 0 0 0 0 0 0 0 0 0 0 0 0 0 0 0 0 0 0 0 0 0 0 0 0 0 0 0 0 0 0 0 0 0 0 
rotProfileWomen_2: 0 0 2 -1 0 0 2 -1 -1 -1 0 1 0 0 1 -1 -1 0 0 0 0 0 0 0 0 0 0 0 0 0 0 0 0 0 0 0 0 0 0 0 0 0 0 0 0 0 0 0 0 0 0 0 1 0 0 0 0 0 0 0 0 -1 0 0 0 0 0 0 0 0 0 0 0 0 0 0 0 0 0 0 
rotProfileCombined_2: -1 0 2 -1 0 -1 2 -1 -3 -1 0 1 0 0 2 -1 0 0 -1 0 1 0 0 0 0 0 0 0 0 1 1 0 0 0 0 0 0 0 0 0 0 0 0 0 0 0 0 0 0 0 0 0 1 0 0 0 0 0 0 0 0 -1 0 0 0 0 0 0 0 0 0 0 0 0 0 0 0 0 0 0 
 --- 
rotation_3: (1, 23) (73, 70) (20, 28) (61, 35) (48, 39) 
rotProfileMen_3: 0 0 -1 -3 1 0 0 0 0 0 0 0 0 0 0 0 0 0 0 0 0 0 0 0 1 1 0 1 0 0 0 0 0 0 0 0 0 0 0 0 0 0 0 0 0 0 0 0 0 0 0 0 0 0 0 0 0 0 0 0 0 0 0 0 0 0 0 0 0 0 0 0 0 0 0 0 0 0 0 0 
rotProfileWomen_3: 0 0 2 0 0 0 0 0 -1 0 0 0 0 0 0 -1 0 0 0 0 0 0 0 0 0 0 0 0 0 0 0 0 0 0 0 0 0 0 0 0 0 0 0 0 0 0 0 0 0 0 0 0 0 0 0 0 0 0 0 0 0 0 0 0 0 0 0 0 0 0 0 0 0 0 0 0 0 0 0 0 
rotProfileCombined_3: 0 0 1 -3 1 0 0 0 -1 0 0 0 0 0 0 -1 0 0 0 0 0 0 0 0 1 1 0 1 0 0 0 0 0 0 0 0 0 0 0 0 0 0 0 0 0 0 0 0 0 0 0 0 0 0 0 0 0 0 0 0 0 0 0 0 0 0 0 0 0 0 0 0 0 0 0 0 0 0 0 0 
 --- 
rotation_4: (76, 51) (12, 34) (23, 25) (71, 56) (72, 1) 
rotProfileMen_4: 0 0 -1 0 0 -1 0 0 2 0 0 0 0 0 0 0 -2 1 0 1 0 0 0 0 0 0 0 0 0 0 0 0 0 0 0 0 0 0 0 0 0 0 0 0 0 0 0 0 0 0 0 0 0 0 0 0 0 0 0 0 0 0 0 0 0 0 0 0 0 0 0 0 0 0 0 0 0 0 0 0 
rotProfileWomen_4: 0 1 0 0 0 1 0 0 1 1 0 0 -1 -1 -1 0 0 0 0 0 1 0 0 0 0 0 -1 0 0 0 0 0 0 0 0 0 0 0 0 0 0 0 0 0 0 0 0 0 0 0 0 0 -1 0 0 0 0 0 0 0 0 0 0 0 0 0 0 0 0 0 0 0 0 0 0 0 0 0 0 0 
rotProfileCombined_4: 0 1 -1 0 0 0 0 0 3 1 0 0 -1 -1 -1 0 -2 1 0 1 1 0 0 0 0 0 -1 0 0 0 0 0 0 0 0 0 0 0 0 0 0 0 0 0 0 0 0 0 0 0 0 0 -1 0 0 0 0 0 0 0 0 0 0 0 0 0 0 0 0 0 0 0 0 0 0 0 0 0 0 0 
 --- 
rotation_5: (9, 69) (72, 51) (22, 63) (64, 65) (24, 62) (63, 7) 
rotProfileMen_5: -1 -1 0 0 0 0 0 1 0 0 -1 0 0 0 0 0 1 0 0 -1 0 1 1 0 0 0 0 0 0 0 0 0 0 0 0 0 0 0 0 0 0 0 0 0 0 0 0 0 0 0 0 0 0 0 0 0 0 0 0 0 0 0 0 0 0 0 0 0 0 0 0 0 0 0 0 0 0 0 0 0 
rotProfileWomen_5: 0 0 2 1 0 1 0 0 0 0 -2 1 0 -1 0 0 0 0 1 0 -1 -1 0 0 0 -1 0 0 0 0 0 0 0 0 0 0 0 0 0 0 0 0 0 0 0 0 0 0 0 0 0 0 0 0 0 0 0 0 0 0 0 0 0 0 0 0 0 0 0 0 0 0 0 0 0 0 0 0 0 0 
rotProfileCombined_5: -1 -1 2 1 0 1 0 1 0 0 -3 1 0 -1 0 0 1 0 1 -1 -1 0 1 0 0 -1 0 0 0 0 0 0 0 0 0 0 0 0 0 0 0 0 0 0 0 0 0 0 0 0 0 0 0 0 0 0 0 0 0 0 0 0 0 0 0 0 0 0 0 0 0 0 0 0 0 0 0 0 0 0 
 --- 
rotation_6: (29, 3) (35, 53) (24, 7) 
rotProfileMen_6: 0 0 -1 0 0 0 0 0 -1 0 0 0 0 0 0 0 1 0 0 0 -1 0 0 0 0 0 0 0 0 0 0 0 0 1 0 0 0 0 0 0 0 0 0 0 0 1 0 0 0 0 0 0 0 0 0 0 0 0 0 0 0 0 0 0 0 0 0 0 0 0 0 0 0 0 0 0 0 0 0 0 
rotProfileWomen_6: 0 1 -1 1 0 0 0 1 0 0 0 -1 0 0 -1 0 0 0 0 0 0 0 0 0 0 0 0 0 0 0 0 0 0 0 0 0 0 0 0 0 0 0 0 0 0 0 0 0 0 0 0 0 0 0 0 0 0 0 0 0 0 0 0 0 0 0 0 0 0 0 0 0 0 0 0 0 0 0 0 0 
rotProfileCombined_6: 0 1 -2 1 0 0 0 1 -1 0 0 -1 0 0 -1 0 1 0 0 0 -1 0 0 0 0 0 0 0 0 0 0 0 0 1 0 0 0 0 0 0 0 0 0 0 0 1 0 0 0 0 0 0 0 0 0 0 0 0 0 0 0 0 0 0 0 0 0 0 0 0 0 0 0 0 0 0 0 0 0 0 
 --- 
rotation_7: (70, 5) (56, 10) (43, 79) 
rotProfileMen_7: 0 0 0 0 0 0 -1 0 0 1 -1 0 0 1 0 0 0 0 -1 0 0 0 0 0 0 0 0 0 0 0 0 0 0 0 0 0 0 1 0 0 0 0 0 0 0 0 0 0 0 0 0 0 0 0 0 0 0 0 0 0 0 0 0 0 0 0 0 0 0 0 0 0 0 0 0 0 0 0 0 0 
rotProfileWomen_7: 1 0 0 0 1 0 0 0 1 -1 -1 0 0 0 0 0 0 -1 0 0 0 0 0 0 0 0 0 0 0 0 0 0 0 0 0 0 0 0 0 0 0 0 0 0 0 0 0 0 0 0 0 0 0 0 0 0 0 0 0 0 0 0 0 0 0 0 0 0 0 0 0 0 0 0 0 0 0 0 0 0 
rotProfileCombined_7: 1 0 0 0 1 0 -1 0 1 0 -2 0 0 1 0 0 0 -1 -1 0 0 0 0 0 0 0 0 0 0 0 0 0 0 0 0 0 0 1 0 0 0 0 0 0 0 0 0 0 0 0 0 0 0 0 0 0 0 0 0 0 0 0 0 0 0 0 0 0 0 0 0 0 0 0 0 0 0 0 0 0 
 --- 
rotation_8: (5, 9) (78, 22) (24, 3) (80, 19) (76, 34) (10, 27) (11, 26) (60, 74) (67, 45) (57, 76) (31, 2) (20, 35) (36, 80) (40, 6) (74, 61) 
rotProfileMen_8: 0 -1 -1 -1 -2 -1 1 -1 -1 0 0 0 0 2 0 0 1 0 1 1 0 0 1 0 -1 -1 1 0 -1 1 0 0 0 0 1 0 0 0 0 0 0 0 0 0 0 0 0 0 0 0 0 0 0 0 0 0 0 1 0 0 0 0 0 0 0 0 0 0 0 0 0 0 0 0 0 0 0 0 0 0 
rotProfileWomen_8: 5 2 1 1 -1 0 1 -2 0 -1 -2 -1 0 -1 0 -1 0 0 0 0 1 0 0 -1 -1 0 0 0 0 0 0 0 0 0 0 0 0 0 0 0 0 0 0 0 0 0 0 0 0 0 0 0 0 0 0 0 0 0 0 0 0 0 0 0 0 0 0 0 0 0 0 0 0 0 0 0 0 0 0 0 
rotProfileCombined_8: 5 1 0 0 -3 -1 2 -3 -1 -1 -2 -1 0 1 0 -1 1 0 1 1 1 0 1 -1 -2 -1 1 0 -1 1 0 0 0 0 1 0 0 0 0 0 0 0 0 0 0 0 0 0 0 0 0 0 0 0 0 0 0 1 0 0 0 0 0 0 0 0 0 0 0 0 0 0 0 0 0 0 0 0 0 0 
 --- 
rotation_9: (21, 36) (38, 41) 
rotProfileMen_9: -1 0 0 0 0 0 0 0 0 0 0 0 1 0 0 0 0 0 0 0 0 0 0 0 0 0 0 -1 0 0 0 0 0 0 0 0 0 0 0 0 0 0 0 0 0 0 0 0 0 0 0 0 1 0 0 0 0 0 0 0 0 0 0 0 0 0 0 0 0 0 0 0 0 0 0 0 0 0 0 0 
rotProfileWomen_9: 0 0 1 0 -1 0 0 0 1 0 0 0 0 0 0 -1 0 0 0 0 0 0 0 0 0 0 0 0 0 0 0 0 0 0 0 0 0 0 0 0 0 0 0 0 0 0 0 0 0 0 0 0 0 0 0 0 0 0 0 0 0 0 0 0 0 0 0 0 0 0 0 0 0 0 0 0 0 0 0 0 
rotProfileCombined_9: -1 0 1 0 -1 0 0 0 1 0 0 0 1 0 0 -1 0 0 0 0 0 0 0 0 0 0 0 -1 0 0 0 0 0 0 0 0 0 0 0 0 0 0 0 0 0 0 0 0 0 0 0 0 1 0 0 0 0 0 0 0 0 0 0 0 0 0 0 0 0 0 0 0 0 0 0 0 0 0 0 0 
 --- 
rotation_10: (22, 65) (71, 1) (76, 27) 
rotProfileMen_10: 0 0 0 0 0 0 0 -1 0 0 0 0 0 0 0 0 -1 -1 0 1 0 0 1 0 0 0 0 0 0 0 0 0 0 0 0 0 0 0 1 0 0 0 0 0 0 0 0 0 0 0 0 0 0 0 0 0 0 0 0 0 0 0 0 0 0 0 0 0 0 0 0 0 0 0 0 0 0 0 0 0 
rotProfileWomen_10: 1 0 0 0 1 -1 0 0 0 0 0 -1 0 0 0 0 0 0 0 0 0 0 0 0 0 0 0 0 0 0 0 0 0 0 0 0 0 0 0 0 0 0 0 0 0 0 0 0 0 0 0 0 0 0 0 0 0 0 0 0 0 0 0 0 0 0 0 0 0 0 0 0 0 0 0 0 0 0 0 0 
rotProfileCombined_10: 1 0 0 0 1 -1 0 -1 0 0 0 -1 0 0 0 0 -1 -1 0 1 0 0 1 0 0 0 0 0 0 0 0 0 0 0 0 0 0 0 1 0 0 0 0 0 0 0 0 0 0 0 0 0 0 0 0 0 0 0 0 0 0 0 0 0 0 0 0 0 0 0 0 0 0 0 0 0 0 0 0 0 
 --- 
rotation_11: (24, 19) (46, 17) (30, 77) (45, 43) (56, 79) (49, 48) (55, 73) (61, 39) (67, 76) (51, 72) (58, 57) 
rotProfileMen_11: -1 -1 -1 0 -1 -1 0 1 0 1 0 1 0 -1 0 0 0 0 -1 0 0 0 -1 0 1 0 -1 0 1 0 0 0 0 0 0 0 0 0 2 1 0 0 1 0 0 0 0 0 0 0 0 0 0 0 0 0 0 0 0 0 0 0 0 0 0 0 0 0 0 0 0 0 0 0 0 0 0 0 0 0 
rotProfileWomen_11: 2 2 -2 1 1 2 -1 -1 -1 0 0 0 -2 0 0 0 1 0 0 0 -1 -1 0 0 0 0 0 0 0 0 0 0 0 0 0 0 0 0 0 0 0 0 0 0 0 0 0 0 0 0 0 0 0 0 0 0 0 0 0 0 0 0 0 0 0 0 0 0 0 0 0 0 0 0 0 0 0 0 0 0 
rotProfileCombined_11: 1 1 -3 1 0 1 -1 0 -1 1 0 1 -2 -1 0 0 1 0 -1 0 -1 -1 -1 0 1 0 -1 0 1 0 0 0 0 0 0 0 0 0 2 1 0 0 1 0 0 0 0 0 0 0 0 0 0 0 0 0 0 0 0 0 0 0 0 0 0 0 0 0 0 0 0 0 0 0 0 0 0 0 0 0 
 --- 


// Stable matchings
// found using rotations not digraph

optimal_stable_matchings: 
rank-maximal_index: 25
generous_index: 31
sex_equal_index: 29
egalitarian_index: 31
generalisedMedian_index: 13

stable_matching_list:
23 18 31 21 6 53 60 24 69 27 26 34 56 19 30 37 49 16 20 28 36 63 25 62 11 71 66 64 3 77 2 32 47 5 10 80 8 41 46 68 44 52 79 38 43 17 58 39 48 78 72 14 59 75 73 50 76 57 13 74 35 12 7 65 40 33 45 42 55 51 29 1 70 61 4 54 15 22 67 9 
23 50 31 21 9 33 60 24 69 27 26 34 56 18 30 37 49 16 20 28 36 63 25 62 11 71 66 64 3 77 2 32 47 5 53 80 8 41 46 6 44 52 79 38 43 17 58 39 48 78 72 14 59 75 73 10 76 57 13 74 35 12 7 65 40 68 45 42 55 51 29 1 70 61 4 54 15 22 67 19 
23 50 31 21 9 33 60 24 69 27 26 34 56 18 30 37 49 16 20 28 36 63 25 62 11 71 66 64 3 77 2 32 47 51 53 80 8 41 46 6 44 52 79 38 43 17 58 39 48 78 72 14 59 75 73 10 76 57 13 74 35 12 7 65 40 68 45 42 55 5 29 1 70 61 4 54 15 22 67 19 
23 50 31 21 9 33 60 24 69 27 26 34 12 18 30 37 49 16 20 28 36 63 25 62 11 71 66 64 3 77 2 32 47 46 53 80 8 41 29 6 44 52 79 38 43 17 58 39 48 54 72 14 59 75 73 10 76 57 13 74 35 78 7 65 40 68 45 42 55 5 56 1 70 61 4 51 15 22 67 19 
23 50 31 21 9 33 60 24 69 27 26 34 12 18 30 37 49 16 20 28 36 63 25 62 11 71 66 64 3 77 2 32 47 46 53 80 8 41 29 6 44 52 5 38 43 17 58 39 48 54 72 14 59 75 73 79 76 57 13 74 35 78 7 65 40 68 45 42 55 10 56 1 70 61 4 51 15 22 67 19 
70 50 31 21 9 33 60 24 69 27 26 34 12 18 30 37 49 16 20 35 36 63 25 62 11 71 66 64 3 77 2 32 47 46 53 80 8 41 29 6 44 52 79 38 43 17 58 23 48 54 72 14 59 75 73 10 76 57 13 74 39 78 7 65 40 68 45 42 55 5 56 1 28 61 4 51 15 22 67 19 
70 50 31 21 9 33 60 24 69 27 26 34 12 18 30 37 49 16 20 35 36 63 25 62 11 71 66 64 3 77 2 32 47 46 53 80 8 41 29 6 44 52 5 38 43 17 58 23 48 54 72 14 59 75 73 79 76 57 13 74 39 78 7 65 40 68 45 42 55 10 56 1 28 61 4 51 15 22 67 19 
70 50 31 21 9 33 60 24 69 27 26 34 12 18 30 37 49 16 20 35 41 63 25 62 11 71 66 64 3 77 2 32 47 46 53 80 8 36 29 6 44 52 5 38 43 17 58 23 48 54 72 14 59 75 73 79 76 57 13 74 39 78 7 65 40 68 45 42 55 10 56 1 28 61 4 51 15 22 67 19 
70 50 31 21 9 33 60 24 69 27 26 25 12 18 30 37 49 16 20 35 36 63 56 62 11 71 66 64 3 77 2 32 47 46 53 80 8 41 29 6 44 52 79 38 43 17 58 23 48 54 72 14 59 75 73 10 76 57 13 74 39 78 7 65 40 68 45 42 55 5 1 51 28 61 4 34 15 22 67 19 
70 50 31 21 9 33 60 24 69 27 26 25 12 18 30 37 49 16 20 35 36 63 56 62 11 71 66 64 3 77 2 32 47 46 53 80 8 41 29 6 44 52 5 38 43 17 58 23 48 54 72 14 59 75 73 79 76 57 13 74 39 78 7 65 40 68 45 42 55 10 1 51 28 61 4 34 15 22 67 19 
70 50 31 21 9 33 60 24 69 27 26 25 12 18 30 37 49 16 20 35 41 63 56 62 11 71 66 64 3 77 2 32 47 46 53 80 8 36 29 6 44 52 5 38 43 17 58 23 48 54 72 14 59 75 73 79 76 57 13 74 39 78 7 65 40 68 45 42 55 10 1 51 28 61 4 34 15 22 67 19 
70 50 31 21 9 33 60 24 69 27 26 25 12 18 30 37 49 16 20 35 41 63 56 62 11 71 66 64 3 77 2 32 47 46 53 80 8 36 29 6 44 52 79 38 43 17 58 23 48 54 72 14 59 75 73 10 76 57 13 74 39 78 7 65 40 68 45 42 55 5 1 51 28 61 4 34 15 22 67 19 
70 50 31 21 9 33 60 24 51 27 26 25 12 18 30 37 49 16 20 35 36 65 56 7 11 71 66 64 3 77 2 32 47 46 53 80 8 41 29 6 44 52 79 38 43 17 58 23 48 54 72 14 59 75 73 10 76 57 13 74 39 78 69 62 40 68 45 42 55 5 1 63 28 61 4 34 15 22 67 19 
70 50 31 21 9 33 60 24 51 27 26 25 12 18 30 37 49 16 20 35 36 65 56 7 11 71 66 64 3 77 2 32 47 46 53 80 8 41 29 6 44 52 5 38 43 17 58 23 48 54 72 14 59 75 73 79 76 57 13 74 39 78 69 62 40 68 45 42 55 10 1 63 28 61 4 34 15 22 67 19 
70 50 31 21 9 33 60 24 51 27 26 25 12 18 30 37 49 16 20 35 41 65 56 7 11 71 66 64 3 77 2 32 47 46 53 80 8 36 29 6 44 52 5 38 43 17 58 23 48 54 72 14 59 75 73 79 76 57 13 74 39 78 69 62 40 68 45 42 55 10 1 63 28 61 4 34 15 22 67 19 
70 50 31 21 9 33 60 24 51 27 26 25 12 18 30 37 49 16 20 35 41 65 56 7 11 71 66 64 3 77 2 32 47 46 53 80 8 36 29 6 44 52 79 38 43 17 58 23 48 54 72 14 59 75 73 10 76 57 13 74 39 78 69 62 40 68 45 42 55 5 1 63 28 61 4 34 15 22 67 19 
70 50 31 21 9 33 60 24 51 27 26 25 12 18 30 37 49 16 20 35 36 65 56 3 11 71 66 64 53 77 2 32 47 46 7 80 8 41 29 6 44 52 79 38 43 17 58 23 48 54 72 14 59 75 73 10 76 57 13 74 39 78 69 62 40 68 45 42 55 5 1 63 28 61 4 34 15 22 67 19 
70 50 31 21 9 33 60 24 51 27 26 25 12 18 30 37 49 16 20 35 36 65 56 3 11 71 66 64 53 77 2 32 47 46 7 80 8 41 29 6 44 52 5 38 43 17 58 23 48 54 72 14 59 75 73 79 76 57 13 74 39 78 69 62 40 68 45 42 55 10 1 63 28 61 4 34 15 22 67 19 
70 50 31 21 9 33 60 24 51 27 26 25 12 18 30 37 49 16 20 35 41 65 56 3 11 71 66 64 53 77 2 32 47 46 7 80 8 36 29 6 44 52 5 38 43 17 58 23 48 54 72 14 59 75 73 79 76 57 13 74 39 78 69 62 40 68 45 42 55 10 1 63 28 61 4 34 15 22 67 19 
70 50 31 21 22 33 60 24 51 26 74 25 12 18 30 37 49 16 20 80 36 65 56 19 11 71 66 64 53 77 35 32 47 46 7 6 8 41 29 61 44 52 5 38 43 17 58 23 48 54 72 14 59 75 73 79 2 57 13 45 39 78 69 62 40 68 76 42 55 10 1 63 28 9 4 27 15 3 67 34 
70 50 31 21 22 33 60 24 51 26 74 25 12 18 30 37 49 16 20 80 41 65 56 19 11 71 66 64 53 77 35 32 47 46 7 6 8 36 29 61 44 52 5 38 43 17 58 23 48 54 72 14 59 75 73 79 2 57 13 45 39 78 69 62 40 68 76 42 55 10 1 63 28 9 4 27 15 3 67 34 
70 50 31 21 22 33 60 24 51 26 74 25 12 18 30 37 49 16 20 80 41 1 56 19 11 71 66 64 53 77 35 32 47 46 7 6 8 36 29 61 44 52 5 38 43 17 58 23 48 54 72 14 59 75 73 79 2 57 13 45 39 78 69 62 40 68 76 42 55 10 27 63 28 9 4 65 15 3 67 34 
70 50 31 21 22 33 60 24 51 26 74 25 12 18 30 37 49 16 20 80 41 1 56 17 11 71 66 64 53 43 35 32 47 46 7 6 8 36 29 61 44 52 5 38 79 77 58 23 73 54 57 14 59 75 39 48 2 19 13 45 76 78 69 62 40 68 72 42 55 10 27 63 28 9 4 65 15 3 67 34 
70 50 31 21 22 33 60 24 51 26 74 25 12 18 30 37 49 16 20 80 41 65 56 17 11 71 66 64 53 43 35 32 47 46 7 6 8 36 29 61 44 52 5 38 79 77 58 23 73 54 57 14 59 75 39 48 2 19 13 45 76 78 69 62 40 68 72 42 55 10 1 63 28 9 4 27 15 3 67 34 
70 50 31 21 22 33 60 24 51 26 74 25 12 18 30 37 49 16 20 80 36 1 56 19 11 71 66 64 53 77 35 32 47 46 7 6 8 41 29 61 44 52 5 38 43 17 58 23 48 54 72 14 59 75 73 79 2 57 13 45 39 78 69 62 40 68 76 42 55 10 27 63 28 9 4 65 15 3 67 34 
70 50 31 21 22 33 60 24 51 26 74 25 12 18 30 37 49 16 20 80 36 1 56 17 11 71 66 64 53 43 35 32 47 46 7 6 8 41 29 61 44 52 5 38 79 77 58 23 73 54 57 14 59 75 39 48 2 19 13 45 76 78 69 62 40 68 72 42 55 10 27 63 28 9 4 65 15 3 67 34 
70 50 31 21 22 33 60 24 51 26 74 25 12 18 30 37 49 16 20 80 36 65 56 17 11 71 66 64 53 43 35 32 47 46 7 6 8 41 29 61 44 52 5 38 79 77 58 23 73 54 57 14 59 75 39 48 2 19 13 45 76 78 69 62 40 68 72 42 55 10 1 63 28 9 4 27 15 3 67 34 
70 50 31 21 9 33 60 24 51 27 26 25 12 18 30 37 49 16 20 35 41 65 56 3 11 71 66 64 53 77 2 32 47 46 7 80 8 36 29 6 44 52 79 38 43 17 58 23 48 54 72 14 59 75 73 10 76 57 13 74 39 78 69 62 40 68 45 42 55 5 1 63 28 61 4 34 15 22 67 19 
70 50 31 21 9 33 60 24 69 27 26 34 12 18 30 37 49 16 20 35 41 63 25 62 11 71 66 64 3 77 2 32 47 46 53 80 8 36 29 6 44 52 79 38 43 17 58 23 48 54 72 14 59 75 73 10 76 57 13 74 39 78 7 65 40 68 45 42 55 5 56 1 28 61 4 51 15 22 67 19 
23 50 31 21 9 33 60 24 69 27 26 25 12 18 30 37 49 16 20 28 36 63 56 62 11 71 66 64 3 77 2 32 47 46 53 80 8 41 29 6 44 52 79 38 43 17 58 39 48 54 72 14 59 75 73 10 76 57 13 74 35 78 7 65 40 68 45 42 55 5 1 51 70 61 4 34 15 22 67 19 
23 50 31 21 9 33 60 24 69 27 26 25 12 18 30 37 49 16 20 28 36 63 56 62 11 71 66 64 3 77 2 32 47 46 53 80 8 41 29 6 44 52 5 38 43 17 58 39 48 54 72 14 59 75 73 79 76 57 13 74 35 78 7 65 40 68 45 42 55 10 1 51 70 61 4 34 15 22 67 19 
23 50 31 21 9 33 60 24 51 27 26 25 12 18 30 37 49 16 20 28 36 65 56 7 11 71 66 64 3 77 2 32 47 46 53 80 8 41 29 6 44 52 79 38 43 17 58 39 48 54 72 14 59 75 73 10 76 57 13 74 35 78 69 62 40 68 45 42 55 5 1 63 70 61 4 34 15 22 67 19 
23 50 31 21 9 33 60 24 51 27 26 25 12 18 30 37 49 16 20 28 36 65 56 7 11 71 66 64 3 77 2 32 47 46 53 80 8 41 29 6 44 52 5 38 43 17 58 39 48 54 72 14 59 75 73 79 76 57 13 74 35 78 69 62 40 68 45 42 55 10 1 63 70 61 4 34 15 22 67 19 
23 50 31 21 9 33 60 24 51 27 26 25 12 18 30 37 49 16 20 28 36 65 56 3 11 71 66 64 53 77 2 32 47 46 7 80 8 41 29 6 44 52 79 38 43 17 58 39 48 54 72 14 59 75 73 10 76 57 13 74 35 78 69 62 40 68 45 42 55 5 1 63 70 61 4 34 15 22 67 19 
23 50 31 21 9 33 60 24 51 27 26 25 12 18 30 37 49 16 20 28 36 65 56 3 11 71 66 64 53 77 2 32 47 46 7 80 8 41 29 6 44 52 5 38 43 17 58 39 48 54 72 14 59 75 73 79 76 57 13 74 35 78 69 62 40 68 45 42 55 10 1 63 70 61 4 34 15 22 67 19 
23 50 31 21 9 33 60 24 69 27 26 34 56 18 30 37 49 16 20 28 36 63 25 62 11 71 66 64 3 77 2 32 47 51 53 80 8 41 46 6 44 52 5 38 43 17 58 39 48 78 72 14 59 75 73 79 76 57 13 74 35 12 7 65 40 68 45 42 55 10 29 1 70 61 4 54 15 22 67 19 
23 18 31 21 6 53 60 24 69 27 26 34 56 19 30 37 49 16 20 28 36 63 25 62 11 71 66 64 3 77 2 32 47 51 10 80 8 41 46 68 44 52 79 38 43 17 58 39 48 78 72 14 59 75 73 50 76 57 13 74 35 12 7 65 40 33 45 42 55 5 29 1 70 61 4 54 15 22 67 9 


matching_0: 23 18 31 21 6 53 60 24 69 27 26 34 56 19 30 37 49 16 20 28 36 63 25 62 11 71 66 64 3 77 2 32 47 5 10 80 8 41 46 68 44 52 79 38 43 17 58 39 48 78 72 14 59 75 73 50 76 57 13 74 35 12 7 65 40 33 45 42 55 51 29 1 70 61 4 54 15 22 67 9 
profileMen_0: 13 10 8 8 9 7 4 2 4 1 2 4 0 0 0 0 1 0 3 0 1 0 0 0 1 0 1 1 0 0 0 0 0 0 0 0 0 0 0 0 0 0 0 0 0 0 0 0 0 0 0 0 0 0 0 0 0 0 0 0 0 0 0 0 0 0 0 0 0 0 0 0 0 0 0 0 0 0 0 0 
profileWomen_0: 9 6 2 6 5 3 1 5 3 5 5 1 3 3 1 4 1 1 2 1 1 2 1 2 1 1 1 0 0 0 0 1 0 1 0 1 0 0 0 0 0 0 0 0 0 0 0 0 0 0 0 0 0 0 0 0 0 0 0 0 0 0 0 0 0 0 0 0 0 0 1 0 0 0 0 0 0 0 0 0 
profileCombined_0: 22 16 10 14 14 10 5 7 7 6 7 5 3 3 1 4 2 1 5 1 2 2 1 2 2 1 2 1 0 0 0 1 0 1 0 1 0 0 0 0 0 0 0 0 0 0 0 0 0 0 0 0 0 0 0 0 0 0 0 0 0 0 0 0 0 0 0 0 0 0 1 0 0 0 0 0 0 0 0 0 
costMen_0: 511
costWomen_0: 925
costCombined_0: 1436
sexEquality_0: 414

 --- 
matching_1: 23 50 31 21 9 33 60 24 69 27 26 34 56 18 30 37 49 16 20 28 36 63 25 62 11 71 66 64 3 77 2 32 47 5 53 80 8 41 46 6 44 52 79 38 43 17 58 39 48 78 72 14 59 75 73 10 76 57 13 74 35 12 7 65 40 68 45 42 55 51 29 1 70 61 4 54 15 22 67 19 
profileMen_1: 11 10 7 8 7 8 3 2 4 2 3 3 1 0 0 0 1 0 2 0 2 0 0 0 1 0 1 2 1 0 0 1 0 0 0 0 0 0 0 0 0 0 0 0 0 0 0 0 0 0 0 0 0 0 0 0 0 0 0 0 0 0 0 0 0 0 0 0 0 0 0 0 0 0 0 0 0 0 0 0 
profileWomen_1: 10 7 2 7 5 3 1 5 4 6 5 2 3 3 1 5 1 0 0 1 1 2 1 1 1 1 1 0 0 0 0 0 0 0 0 0 0 0 0 0 0 0 0 0 0 0 0 0 0 0 0 0 0 0 0 0 0 0 0 0 0 0 0 0 0 0 0 0 0 0 1 0 0 0 0 0 0 0 0 0 
profileCombined_1: 21 17 9 15 12 11 4 7 8 8 8 5 4 3 1 5 2 0 2 1 3 2 1 1 2 1 2 2 1 0 0 1 0 0 0 0 0 0 0 0 0 0 0 0 0 0 0 0 0 0 0 0 0 0 0 0 0 0 0 0 0 0 0 0 0 0 0 0 0 0 1 0 0 0 0 0 0 0 0 0 
costMen_1: 608
costWomen_1: 797
costCombined_1: 1405
sexEquality_1: 189

 --- 
matching_2: 23 50 31 21 9 33 60 24 69 27 26 34 56 18 30 37 49 16 20 28 36 63 25 62 11 71 66 64 3 77 2 32 47 51 53 80 8 41 46 6 44 52 79 38 43 17 58 39 48 78 72 14 59 75 73 10 76 57 13 74 35 12 7 65 40 68 45 42 55 5 29 1 70 61 4 54 15 22 67 19 
profileMen_2: 11 9 7 8 6 9 4 2 4 2 3 3 1 0 0 0 1 0 2 0 2 0 0 0 1 0 1 2 1 0 0 1 0 0 0 0 0 0 0 0 0 0 0 0 0 0 0 0 0 0 0 0 0 0 0 0 0 0 0 0 0 0 0 0 0 0 0 0 0 0 0 0 0 0 0 0 0 0 0 0 
profileWomen_2: 10 7 2 7 5 3 1 5 4 6 5 2 3 3 1 5 1 1 0 0 1 2 1 1 1 1 1 0 0 0 0 0 0 0 0 0 0 0 0 0 0 0 0 0 0 0 0 0 0 0 0 0 0 0 0 0 0 0 0 0 0 1 0 0 0 0 0 0 0 0 0 0 0 0 0 0 0 0 0 0 
profileCombined_2: 21 16 9 15 11 12 5 7 8 8 8 5 4 3 1 5 2 1 2 0 3 2 1 1 2 1 2 2 1 0 0 1 0 0 0 0 0 0 0 0 0 0 0 0 0 0 0 0 0 0 0 0 0 0 0 0 0 0 0 0 0 1 0 0 0 0 0 0 0 0 0 0 0 0 0 0 0 0 0 0 
costMen_2: 614
costWomen_2: 786
costCombined_2: 1400
sexEquality_2: 172

 --- 
matching_3: 23 50 31 21 9 33 60 24 69 27 26 34 12 18 30 37 49 16 20 28 36 63 25 62 11 71 66 64 3 77 2 32 47 46 53 80 8 41 29 6 44 52 79 38 43 17 58 39 48 54 72 14 59 75 73 10 76 57 13 74 35 78 7 65 40 68 45 42 55 5 56 1 70 61 4 51 15 22 67 19 
profileMen_3: 10 9 7 8 6 8 4 2 2 2 3 3 1 0 1 0 2 0 1 0 3 0 0 0 1 0 1 2 1 1 1 1 0 0 0 0 0 0 0 0 0 0 0 0 0 0 0 0 0 0 0 0 0 0 0 0 0 0 0 0 0 0 0 0 0 0 0 0 0 0 0 0 0 0 0 0 0 0 0 0 
profileWomen_3: 10 7 4 6 5 3 3 4 3 5 5 3 3 3 2 4 0 1 0 0 1 2 1 1 1 1 1 0 0 0 0 0 0 0 0 0 0 0 0 0 0 0 0 0 0 0 0 0 0 0 0 0 1 0 0 0 0 0 0 0 0 0 0 0 0 0 0 0 0 0 0 0 0 0 0 0 0 0 0 0 
profileCombined_3: 20 16 11 14 11 11 7 6 5 7 8 6 4 3 3 4 2 1 1 0 4 2 1 1 2 1 2 2 1 1 1 1 0 0 0 0 0 0 0 0 0 0 0 0 0 0 0 0 0 0 0 0 1 0 0 0 0 0 0 0 0 0 0 0 0 0 0 0 0 0 0 0 0 0 0 0 0 0 0 0 
costMen_3: 684
costWomen_3: 760
costCombined_3: 1444
sexEquality_3: 76

 --- 
matching_4: 23 50 31 21 9 33 60 24 69 27 26 34 12 18 30 37 49 16 20 28 36 63 25 62 11 71 66 64 3 77 2 32 47 46 53 80 8 41 29 6 44 52 5 38 43 17 58 39 48 54 72 14 59 75 73 79 76 57 13 74 35 78 7 65 40 68 45 42 55 10 56 1 70 61 4 51 15 22 67 19 
profileMen_4: 10 9 7 8 6 8 3 2 2 3 2 3 1 1 1 0 2 0 0 0 3 0 0 0 1 0 1 2 1 1 1 1 0 0 0 0 0 1 0 0 0 0 0 0 0 0 0 0 0 0 0 0 0 0 0 0 0 0 0 0 0 0 0 0 0 0 0 0 0 0 0 0 0 0 0 0 0 0 0 0 
profileWomen_4: 11 7 4 6 6 3 3 4 4 4 4 3 3 3 2 4 0 0 0 0 1 2 1 1 1 1 1 0 0 0 0 0 0 0 0 0 0 0 0 0 0 0 0 0 0 0 0 0 0 0 0 0 1 0 0 0 0 0 0 0 0 0 0 0 0 0 0 0 0 0 0 0 0 0 0 0 0 0 0 0 
profileCombined_4: 21 16 11 14 12 11 6 6 6 7 6 6 4 4 3 4 2 0 0 0 4 2 1 1 2 1 2 2 1 1 1 1 0 0 0 0 0 1 0 0 0 0 0 0 0 0 0 0 0 0 0 0 1 0 0 0 0 0 0 0 0 0 0 0 0 0 0 0 0 0 0 0 0 0 0 0 0 0 0 0 
costMen_4: 709
costWomen_4: 736
costCombined_4: 1445
sexEquality_4: 27

 --- 
matching_5: 70 50 31 21 9 33 60 24 69 27 26 34 12 18 30 37 49 16 20 35 36 63 25 62 11 71 66 64 3 77 2 32 47 46 53 80 8 41 29 6 44 52 79 38 43 17 58 23 48 54 72 14 59 75 73 10 76 57 13 74 39 78 7 65 40 68 45 42 55 5 56 1 28 61 4 51 15 22 67 19 
profileMen_5: 10 9 6 5 7 8 4 2 2 2 3 3 1 0 1 0 2 0 1 0 3 0 0 0 2 1 1 3 1 1 1 1 0 0 0 0 0 0 0 0 0 0 0 0 0 0 0 0 0 0 0 0 0 0 0 0 0 0 0 0 0 0 0 0 0 0 0 0 0 0 0 0 0 0 0 0 0 0 0 0 
profileWomen_5: 10 7 6 6 5 3 3 4 2 5 5 3 3 3 2 3 0 1 0 0 1 2 1 1 1 1 1 0 0 0 0 0 0 0 0 0 0 0 0 0 0 0 0 0 0 0 0 0 0 0 0 0 1 0 0 0 0 0 0 0 0 0 0 0 0 0 0 0 0 0 0 0 0 0 0 0 0 0 0 0 
profileCombined_5: 20 16 12 11 12 11 7 6 4 7 8 6 4 3 3 3 2 1 1 0 4 2 1 1 3 2 2 3 1 1 1 1 0 0 0 0 0 0 0 0 0 0 0 0 0 0 0 0 0 0 0 0 1 0 0 0 0 0 0 0 0 0 0 0 0 0 0 0 0 0 0 0 0 0 0 0 0 0 0 0 
costMen_5: 753
costWomen_5: 741
costCombined_5: 1494
sexEquality_5: 12

 --- 
matching_6: 70 50 31 21 9 33 60 24 69 27 26 34 12 18 30 37 49 16 20 35 36 63 25 62 11 71 66 64 3 77 2 32 47 46 53 80 8 41 29 6 44 52 5 38 43 17 58 23 48 54 72 14 59 75 73 79 76 57 13 74 39 78 7 65 40 68 45 42 55 10 56 1 28 61 4 51 15 22 67 19 
profileMen_6: 10 9 6 5 7 8 3 2 2 3 2 3 1 1 1 0 2 0 0 0 3 0 0 0 2 1 1 3 1 1 1 1 0 0 0 0 0 1 0 0 0 0 0 0 0 0 0 0 0 0 0 0 0 0 0 0 0 0 0 0 0 0 0 0 0 0 0 0 0 0 0 0 0 0 0 0 0 0 0 0 
profileWomen_6: 11 7 6 6 6 3 3 4 3 4 4 3 3 3 2 3 0 0 0 0 1 2 1 1 1 1 1 0 0 0 0 0 0 0 0 0 0 0 0 0 0 0 0 0 0 0 0 0 0 0 0 0 1 0 0 0 0 0 0 0 0 0 0 0 0 0 0 0 0 0 0 0 0 0 0 0 0 0 0 0 
profileCombined_6: 21 16 12 11 13 11 6 6 5 7 6 6 4 4 3 3 2 0 0 0 4 2 1 1 3 2 2 3 1 1 1 1 0 0 0 0 0 1 0 0 0 0 0 0 0 0 0 0 0 0 0 0 1 0 0 0 0 0 0 0 0 0 0 0 0 0 0 0 0 0 0 0 0 0 0 0 0 0 0 0 
costMen_6: 778
costWomen_6: 717
costCombined_6: 1495
sexEquality_6: 61

 --- 
matching_7: 70 50 31 21 9 33 60 24 69 27 26 34 12 18 30 37 49 16 20 35 41 63 25 62 11 71 66 64 3 77 2 32 47 46 53 80 8 36 29 6 44 52 5 38 43 17 58 23 48 54 72 14 59 75 73 79 76 57 13 74 39 78 7 65 40 68 45 42 55 10 56 1 28 61 4 51 15 22 67 19 
profileMen_7: 9 9 6 5 7 8 3 2 2 3 2 3 2 1 1 0 2 0 0 0 3 0 0 0 2 1 1 2 1 1 1 1 0 0 0 0 0 1 0 0 0 0 0 0 0 0 0 0 0 0 0 0 1 0 0 0 0 0 0 0 0 0 0 0 0 0 0 0 0 0 0 0 0 0 0 0 0 0 0 0 
profileWomen_7: 11 7 7 6 5 3 3 4 4 4 4 3 3 3 2 2 0 0 0 0 1 2 1 1 1 1 1 0 0 0 0 0 0 0 0 0 0 0 0 0 0 0 0 0 0 0 0 0 0 0 0 0 1 0 0 0 0 0 0 0 0 0 0 0 0 0 0 0 0 0 0 0 0 0 0 0 0 0 0 0 
profileCombined_7: 20 16 13 11 12 11 6 6 6 7 6 6 5 4 3 2 2 0 0 0 4 2 1 1 3 2 2 2 1 1 1 1 0 0 0 0 0 1 0 0 0 0 0 0 0 0 0 0 0 0 0 0 2 0 0 0 0 0 0 0 0 0 0 0 0 0 0 0 0 0 0 0 0 0 0 0 0 0 0 0 
costMen_7: 815
costWomen_7: 708
costCombined_7: 1523
sexEquality_7: 107

 --- 
matching_8: 70 50 31 21 9 33 60 24 69 27 26 25 12 18 30 37 49 16 20 35 36 63 56 62 11 71 66 64 3 77 2 32 47 46 53 80 8 41 29 6 44 52 79 38 43 17 58 23 48 54 72 14 59 75 73 10 76 57 13 74 39 78 7 65 40 68 45 42 55 5 1 51 28 61 4 34 15 22 67 19 
profileMen_8: 10 9 5 5 7 7 4 2 4 2 3 3 1 0 1 0 0 1 1 1 3 0 0 0 2 1 1 3 1 1 1 1 0 0 0 0 0 0 0 0 0 0 0 0 0 0 0 0 0 0 0 0 0 0 0 0 0 0 0 0 0 0 0 0 0 0 0 0 0 0 0 0 0 0 0 0 0 0 0 0 
profileWomen_8: 10 8 6 6 5 4 3 4 3 6 5 3 2 2 1 3 0 1 0 0 2 2 1 1 1 1 0 0 0 0 0 0 0 0 0 0 0 0 0 0 0 0 0 0 0 0 0 0 0 0 0 0 0 0 0 0 0 0 0 0 0 0 0 0 0 0 0 0 0 0 0 0 0 0 0 0 0 0 0 0 
profileCombined_8: 20 17 11 11 12 11 7 6 7 8 8 6 3 2 2 3 0 2 1 1 5 2 1 1 3 2 1 3 1 1 1 1 0 0 0 0 0 0 0 0 0 0 0 0 0 0 0 0 0 0 0 0 0 0 0 0 0 0 0 0 0 0 0 0 0 0 0 0 0 0 0 0 0 0 0 0 0 0 0 0 
costMen_8: 766
costWomen_8: 667
costCombined_8: 1433
sexEquality_8: 99

 --- 
matching_9: 70 50 31 21 9 33 60 24 69 27 26 25 12 18 30 37 49 16 20 35 36 63 56 62 11 71 66 64 3 77 2 32 47 46 53 80 8 41 29 6 44 52 5 38 43 17 58 23 48 54 72 14 59 75 73 79 76 57 13 74 39 78 7 65 40 68 45 42 55 10 1 51 28 61 4 34 15 22 67 19 
profileMen_9: 10 9 5 5 7 7 3 2 4 3 2 3 1 1 1 0 0 1 0 1 3 0 0 0 2 1 1 3 1 1 1 1 0 0 0 0 0 1 0 0 0 0 0 0 0 0 0 0 0 0 0 0 0 0 0 0 0 0 0 0 0 0 0 0 0 0 0 0 0 0 0 0 0 0 0 0 0 0 0 0 
profileWomen_9: 11 8 6 6 6 4 3 4 4 5 4 3 2 2 1 3 0 0 0 0 2 2 1 1 1 1 0 0 0 0 0 0 0 0 0 0 0 0 0 0 0 0 0 0 0 0 0 0 0 0 0 0 0 0 0 0 0 0 0 0 0 0 0 0 0 0 0 0 0 0 0 0 0 0 0 0 0 0 0 0 
profileCombined_9: 21 17 11 11 13 11 6 6 8 8 6 6 3 3 2 3 0 1 0 1 5 2 1 1 3 2 1 3 1 1 1 1 0 0 0 0 0 1 0 0 0 0 0 0 0 0 0 0 0 0 0 0 0 0 0 0 0 0 0 0 0 0 0 0 0 0 0 0 0 0 0 0 0 0 0 0 0 0 0 0 
costMen_9: 791
costWomen_9: 643
costCombined_9: 1434
sexEquality_9: 148

 --- 
matching_10: 70 50 31 21 9 33 60 24 69 27 26 25 12 18 30 37 49 16 20 35 41 63 56 62 11 71 66 64 3 77 2 32 47 46 53 80 8 36 29 6 44 52 5 38 43 17 58 23 48 54 72 14 59 75 73 79 76 57 13 74 39 78 7 65 40 68 45 42 55 10 1 51 28 61 4 34 15 22 67 19 
profileMen_10: 9 9 5 5 7 7 3 2 4 3 2 3 2 1 1 0 0 1 0 1 3 0 0 0 2 1 1 2 1 1 1 1 0 0 0 0 0 1 0 0 0 0 0 0 0 0 0 0 0 0 0 0 1 0 0 0 0 0 0 0 0 0 0 0 0 0 0 0 0 0 0 0 0 0 0 0 0 0 0 0 
profileWomen_10: 11 8 7 6 5 4 3 4 5 5 4 3 2 2 1 2 0 0 0 0 2 2 1 1 1 1 0 0 0 0 0 0 0 0 0 0 0 0 0 0 0 0 0 0 0 0 0 0 0 0 0 0 0 0 0 0 0 0 0 0 0 0 0 0 0 0 0 0 0 0 0 0 0 0 0 0 0 0 0 0 
profileCombined_10: 20 17 12 11 12 11 6 6 9 8 6 6 4 3 2 2 0 1 0 1 5 2 1 1 3 2 1 2 1 1 1 1 0 0 0 0 0 1 0 0 0 0 0 0 0 0 0 0 0 0 0 0 1 0 0 0 0 0 0 0 0 0 0 0 0 0 0 0 0 0 0 0 0 0 0 0 0 0 0 0 
costMen_10: 828
costWomen_10: 634
costCombined_10: 1462
sexEquality_10: 194

 --- 
matching_11: 70 50 31 21 9 33 60 24 69 27 26 25 12 18 30 37 49 16 20 35 41 63 56 62 11 71 66 64 3 77 2 32 47 46 53 80 8 36 29 6 44 52 79 38 43 17 58 23 48 54 72 14 59 75 73 10 76 57 13 74 39 78 7 65 40 68 45 42 55 5 1 51 28 61 4 34 15 22 67 19 
profileMen_11: 9 9 5 5 7 7 4 2 4 2 3 3 2 0 1 0 0 1 1 1 3 0 0 0 2 1 1 2 1 1 1 1 0 0 0 0 0 0 0 0 0 0 0 0 0 0 0 0 0 0 0 0 1 0 0 0 0 0 0 0 0 0 0 0 0 0 0 0 0 0 0 0 0 0 0 0 0 0 0 0 
profileWomen_11: 10 8 7 6 4 4 3 4 4 6 5 3 2 2 1 2 0 1 0 0 2 2 1 1 1 1 0 0 0 0 0 0 0 0 0 0 0 0 0 0 0 0 0 0 0 0 0 0 0 0 0 0 0 0 0 0 0 0 0 0 0 0 0 0 0 0 0 0 0 0 0 0 0 0 0 0 0 0 0 0 
profileCombined_11: 19 17 12 11 11 11 7 6 8 8 8 6 4 2 2 2 0 2 1 1 5 2 1 1 3 2 1 2 1 1 1 1 0 0 0 0 0 0 0 0 0 0 0 0 0 0 0 0 0 0 0 0 1 0 0 0 0 0 0 0 0 0 0 0 0 0 0 0 0 0 0 0 0 0 0 0 0 0 0 0 
costMen_11: 803
costWomen_11: 658
costCombined_11: 1461
sexEquality_11: 145

 --- 
matching_12: 70 50 31 21 9 33 60 24 51 27 26 25 12 18 30 37 49 16 20 35 36 65 56 7 11 71 66 64 3 77 2 32 47 46 53 80 8 41 29 6 44 52 79 38 43 17 58 23 48 54 72 14 59 75 73 10 76 57 13 74 39 78 69 62 40 68 45 42 55 5 1 63 28 61 4 34 15 22 67 19 
profileMen_12: 9 8 5 5 7 7 4 3 4 2 2 3 1 0 1 0 1 1 1 0 3 1 1 0 2 1 1 3 1 1 1 1 0 0 0 0 0 0 0 0 0 0 0 0 0 0 0 0 0 0 0 0 0 0 0 0 0 0 0 0 0 0 0 0 0 0 0 0 0 0 0 0 0 0 0 0 0 0 0 0 
profileWomen_12: 10 8 8 7 5 5 3 4 3 6 3 4 2 1 1 3 0 1 1 0 1 1 1 1 1 0 0 0 0 0 0 0 0 0 0 0 0 0 0 0 0 0 0 0 0 0 0 0 0 0 0 0 0 0 0 0 0 0 0 0 0 0 0 0 0 0 0 0 0 0 0 0 0 0 0 0 0 0 0 0 
profileCombined_12: 19 16 13 12 12 12 7 7 7 8 5 7 3 1 2 3 1 2 2 0 4 2 2 1 3 1 1 3 1 1 1 1 0 0 0 0 0 0 0 0 0 0 0 0 0 0 0 0 0 0 0 0 0 0 0 0 0 0 0 0 0 0 0 0 0 0 0 0 0 0 0 0 0 0 0 0 0 0 0 0 
costMen_12: 802
costWomen_12: 609
costCombined_12: 1411
sexEquality_12: 193

 --- 
matching_13: 70 50 31 21 9 33 60 24 51 27 26 25 12 18 30 37 49 16 20 35 36 65 56 7 11 71 66 64 3 77 2 32 47 46 53 80 8 41 29 6 44 52 5 38 43 17 58 23 48 54 72 14 59 75 73 79 76 57 13 74 39 78 69 62 40 68 45 42 55 10 1 63 28 61 4 34 15 22 67 19 
profileMen_13: 9 8 5 5 7 7 3 3 4 3 1 3 1 1 1 0 1 1 0 0 3 1 1 0 2 1 1 3 1 1 1 1 0 0 0 0 0 1 0 0 0 0 0 0 0 0 0 0 0 0 0 0 0 0 0 0 0 0 0 0 0 0 0 0 0 0 0 0 0 0 0 0 0 0 0 0 0 0 0 0 
profileWomen_13: 11 8 8 7 6 5 3 4 4 5 2 4 2 1 1 3 0 0 1 0 1 1 1 1 1 0 0 0 0 0 0 0 0 0 0 0 0 0 0 0 0 0 0 0 0 0 0 0 0 0 0 0 0 0 0 0 0 0 0 0 0 0 0 0 0 0 0 0 0 0 0 0 0 0 0 0 0 0 0 0 
profileCombined_13: 20 16 13 12 13 12 6 7 8 8 3 7 3 2 2 3 1 1 1 0 4 2 2 1 3 1 1 3 1 1 1 1 0 0 0 0 0 1 0 0 0 0 0 0 0 0 0 0 0 0 0 0 0 0 0 0 0 0 0 0 0 0 0 0 0 0 0 0 0 0 0 0 0 0 0 0 0 0 0 0 
costMen_13: 827
costWomen_13: 585
costCombined_13: 1412
sexEquality_13: 242

 --- 
matching_14: 70 50 31 21 9 33 60 24 51 27 26 25 12 18 30 37 49 16 20 35 41 65 56 7 11 71 66 64 3 77 2 32 47 46 53 80 8 36 29 6 44 52 5 38 43 17 58 23 48 54 72 14 59 75 73 79 76 57 13 74 39 78 69 62 40 68 45 42 55 10 1 63 28 61 4 34 15 22 67 19 
profileMen_14: 8 8 5 5 7 7 3 3 4 3 1 3 2 1 1 0 1 1 0 0 3 1 1 0 2 1 1 2 1 1 1 1 0 0 0 0 0 1 0 0 0 0 0 0 0 0 0 0 0 0 0 0 1 0 0 0 0 0 0 0 0 0 0 0 0 0 0 0 0 0 0 0 0 0 0 0 0 0 0 0 
profileWomen_14: 11 8 9 7 5 5 3 4 5 5 2 4 2 1 1 2 0 0 1 0 1 1 1 1 1 0 0 0 0 0 0 0 0 0 0 0 0 0 0 0 0 0 0 0 0 0 0 0 0 0 0 0 0 0 0 0 0 0 0 0 0 0 0 0 0 0 0 0 0 0 0 0 0 0 0 0 0 0 0 0 
profileCombined_14: 19 16 14 12 12 12 6 7 9 8 3 7 4 2 2 2 1 1 1 0 4 2 2 1 3 1 1 2 1 1 1 1 0 0 0 0 0 1 0 0 0 0 0 0 0 0 0 0 0 0 0 0 1 0 0 0 0 0 0 0 0 0 0 0 0 0 0 0 0 0 0 0 0 0 0 0 0 0 0 0 
costMen_14: 864
costWomen_14: 576
costCombined_14: 1440
sexEquality_14: 288

 --- 
matching_15: 70 50 31 21 9 33 60 24 51 27 26 25 12 18 30 37 49 16 20 35 41 65 56 7 11 71 66 64 3 77 2 32 47 46 53 80 8 36 29 6 44 52 79 38 43 17 58 23 48 54 72 14 59 75 73 10 76 57 13 74 39 78 69 62 40 68 45 42 55 5 1 63 28 61 4 34 15 22 67 19 
profileMen_15: 8 8 5 5 7 7 4 3 4 2 2 3 2 0 1 0 1 1 1 0 3 1 1 0 2 1 1 2 1 1 1 1 0 0 0 0 0 0 0 0 0 0 0 0 0 0 0 0 0 0 0 0 1 0 0 0 0 0 0 0 0 0 0 0 0 0 0 0 0 0 0 0 0 0 0 0 0 0 0 0 
profileWomen_15: 10 8 9 7 4 5 3 4 4 6 3 4 2 1 1 2 0 1 1 0 1 1 1 1 1 0 0 0 0 0 0 0 0 0 0 0 0 0 0 0 0 0 0 0 0 0 0 0 0 0 0 0 0 0 0 0 0 0 0 0 0 0 0 0 0 0 0 0 0 0 0 0 0 0 0 0 0 0 0 0 
profileCombined_15: 18 16 14 12 11 12 7 7 8 8 5 7 4 1 2 2 1 2 2 0 4 2 2 1 3 1 1 2 1 1 1 1 0 0 0 0 0 0 0 0 0 0 0 0 0 0 0 0 0 0 0 0 1 0 0 0 0 0 0 0 0 0 0 0 0 0 0 0 0 0 0 0 0 0 0 0 0 0 0 0 
costMen_15: 839
costWomen_15: 600
costCombined_15: 1439
sexEquality_15: 239

 --- 
matching_16: 70 50 31 21 9 33 60 24 51 27 26 25 12 18 30 37 49 16 20 35 36 65 56 3 11 71 66 64 53 77 2 32 47 46 7 80 8 41 29 6 44 52 79 38 43 17 58 23 48 54 72 14 59 75 73 10 76 57 13 74 39 78 69 62 40 68 45 42 55 5 1 63 28 61 4 34 15 22 67 19 
profileMen_16: 9 8 4 5 7 7 4 3 3 2 2 3 1 0 1 0 2 1 1 0 2 1 1 0 2 1 1 3 1 1 1 1 0 1 0 0 0 0 0 0 0 0 0 0 0 1 0 0 0 0 0 0 0 0 0 0 0 0 0 0 0 0 0 0 0 0 0 0 0 0 0 0 0 0 0 0 0 0 0 0 
profileWomen_16: 10 9 7 8 5 5 3 5 3 6 3 3 2 1 0 3 0 1 1 0 1 1 1 1 1 0 0 0 0 0 0 0 0 0 0 0 0 0 0 0 0 0 0 0 0 0 0 0 0 0 0 0 0 0 0 0 0 0 0 0 0 0 0 0 0 0 0 0 0 0 0 0 0 0 0 0 0 0 0 0 
profileCombined_16: 19 17 11 13 12 12 7 8 6 8 5 6 3 1 1 3 2 2 2 0 3 2 2 1 3 1 1 3 1 1 1 1 0 1 0 0 0 0 0 0 0 0 0 0 0 1 0 0 0 0 0 0 0 0 0 0 0 0 0 0 0 0 0 0 0 0 0 0 0 0 0 0 0 0 0 0 0 0 0 0 
costMen_16: 866
costWomen_16: 593
costCombined_16: 1459
sexEquality_16: 273

 --- 
matching_17: 70 50 31 21 9 33 60 24 51 27 26 25 12 18 30 37 49 16 20 35 36 65 56 3 11 71 66 64 53 77 2 32 47 46 7 80 8 41 29 6 44 52 5 38 43 17 58 23 48 54 72 14 59 75 73 79 76 57 13 74 39 78 69 62 40 68 45 42 55 10 1 63 28 61 4 34 15 22 67 19 
profileMen_17: 9 8 4 5 7 7 3 3 3 3 1 3 1 1 1 0 2 1 0 0 2 1 1 0 2 1 1 3 1 1 1 1 0 1 0 0 0 1 0 0 0 0 0 0 0 1 0 0 0 0 0 0 0 0 0 0 0 0 0 0 0 0 0 0 0 0 0 0 0 0 0 0 0 0 0 0 0 0 0 0 
profileWomen_17: 11 9 7 8 6 5 3 5 4 5 2 3 2 1 0 3 0 0 1 0 1 1 1 1 1 0 0 0 0 0 0 0 0 0 0 0 0 0 0 0 0 0 0 0 0 0 0 0 0 0 0 0 0 0 0 0 0 0 0 0 0 0 0 0 0 0 0 0 0 0 0 0 0 0 0 0 0 0 0 0 
profileCombined_17: 20 17 11 13 13 12 6 8 7 8 3 6 3 2 1 3 2 1 1 0 3 2 2 1 3 1 1 3 1 1 1 1 0 1 0 0 0 1 0 0 0 0 0 0 0 1 0 0 0 0 0 0 0 0 0 0 0 0 0 0 0 0 0 0 0 0 0 0 0 0 0 0 0 0 0 0 0 0 0 0 
costMen_17: 891
costWomen_17: 569
costCombined_17: 1460
sexEquality_17: 322

 --- 
matching_18: 70 50 31 21 9 33 60 24 51 27 26 25 12 18 30 37 49 16 20 35 41 65 56 3 11 71 66 64 53 77 2 32 47 46 7 80 8 36 29 6 44 52 5 38 43 17 58 23 48 54 72 14 59 75 73 79 76 57 13 74 39 78 69 62 40 68 45 42 55 10 1 63 28 61 4 34 15 22 67 19 
profileMen_18: 8 8 4 5 7 7 3 3 3 3 1 3 2 1 1 0 2 1 0 0 2 1 1 0 2 1 1 2 1 1 1 1 0 1 0 0 0 1 0 0 0 0 0 0 0 1 0 0 0 0 0 0 1 0 0 0 0 0 0 0 0 0 0 0 0 0 0 0 0 0 0 0 0 0 0 0 0 0 0 0 
profileWomen_18: 11 9 8 8 5 5 3 5 5 5 2 3 2 1 0 2 0 0 1 0 1 1 1 1 1 0 0 0 0 0 0 0 0 0 0 0 0 0 0 0 0 0 0 0 0 0 0 0 0 0 0 0 0 0 0 0 0 0 0 0 0 0 0 0 0 0 0 0 0 0 0 0 0 0 0 0 0 0 0 0 
profileCombined_18: 19 17 12 13 12 12 6 8 8 8 3 6 4 2 1 2 2 1 1 0 3 2 2 1 3 1 1 2 1 1 1 1 0 1 0 0 0 1 0 0 0 0 0 0 0 1 0 0 0 0 0 0 1 0 0 0 0 0 0 0 0 0 0 0 0 0 0 0 0 0 0 0 0 0 0 0 0 0 0 0 
costMen_18: 928
costWomen_18: 560
costCombined_18: 1488
sexEquality_18: 368

 --- 
matching_19: 70 50 31 21 22 33 60 24 51 26 74 25 12 18 30 37 49 16 20 80 36 65 56 19 11 71 66 64 53 77 35 32 47 46 7 6 8 41 29 61 44 52 5 38 43 17 58 23 48 54 72 14 59 75 73 79 2 57 13 45 39 78 69 62 40 68 76 42 55 10 1 63 28 9 4 27 15 3 67 34 
profileMen_19: 9 7 3 4 5 6 4 2 2 3 1 3 1 3 1 0 3 1 1 1 2 1 2 0 1 0 2 3 0 2 1 1 0 1 1 0 0 1 0 0 0 0 0 0 0 1 0 0 0 0 0 0 0 0 0 0 0 1 0 0 0 0 0 0 0 0 0 0 0 0 0 0 0 0 0 0 0 0 0 0 
profileWomen_19: 16 11 8 9 5 5 4 3 4 4 0 2 2 0 0 2 0 0 1 0 2 1 1 0 0 0 0 0 0 0 0 0 0 0 0 0 0 0 0 0 0 0 0 0 0 0 0 0 0 0 0 0 0 0 0 0 0 0 0 0 0 0 0 0 0 0 0 0 0 0 0 0 0 0 0 0 0 0 0 0 
profileCombined_19: 25 18 11 13 10 11 8 5 6 7 1 5 3 3 1 2 3 1 2 1 4 2 3 0 1 0 2 3 0 2 1 1 0 1 1 0 0 1 0 0 0 0 0 0 0 1 0 0 0 0 0 0 0 0 0 0 0 1 0 0 0 0 0 0 0 0 0 0 0 0 0 0 0 0 0 0 0 0 0 0 
costMen_19: 1033
costWomen_19: 469
costCombined_19: 1502
sexEquality_19: 564

 --- 
matching_20: 70 50 31 21 22 33 60 24 51 26 74 25 12 18 30 37 49 16 20 80 41 65 56 19 11 71 66 64 53 77 35 32 47 46 7 6 8 36 29 61 44 52 5 38 43 17 58 23 48 54 72 14 59 75 73 79 2 57 13 45 39 78 69 62 40 68 76 42 55 10 1 63 28 9 4 27 15 3 67 34 
profileMen_20: 8 7 3 4 5 6 4 2 2 3 1 3 2 3 1 0 3 1 1 1 2 1 2 0 1 0 2 2 0 2 1 1 0 1 1 0 0 1 0 0 0 0 0 0 0 1 0 0 0 0 0 0 1 0 0 0 0 1 0 0 0 0 0 0 0 0 0 0 0 0 0 0 0 0 0 0 0 0 0 0 
profileWomen_20: 16 11 9 9 4 5 4 3 5 4 0 2 2 0 0 1 0 0 1 0 2 1 1 0 0 0 0 0 0 0 0 0 0 0 0 0 0 0 0 0 0 0 0 0 0 0 0 0 0 0 0 0 0 0 0 0 0 0 0 0 0 0 0 0 0 0 0 0 0 0 0 0 0 0 0 0 0 0 0 0 
profileCombined_20: 24 18 12 13 9 11 8 5 7 7 1 5 4 3 1 1 3 1 2 1 4 2 3 0 1 0 2 2 0 2 1 1 0 1 1 0 0 1 0 0 0 0 0 0 0 1 0 0 0 0 0 0 1 0 0 0 0 1 0 0 0 0 0 0 0 0 0 0 0 0 0 0 0 0 0 0 0 0 0 0 
costMen_20: 1070
costWomen_20: 460
costCombined_20: 1530
sexEquality_20: 610

 --- 
matching_21: 70 50 31 21 22 33 60 24 51 26 74 25 12 18 30 37 49 16 20 80 41 1 56 19 11 71 66 64 53 77 35 32 47 46 7 6 8 36 29 61 44 52 5 38 43 17 58 23 48 54 72 14 59 75 73 79 2 57 13 45 39 78 69 62 40 68 76 42 55 10 27 63 28 9 4 65 15 3 67 34 
profileMen_21: 8 7 3 4 5 6 4 1 2 3 1 3 2 3 1 0 2 0 1 2 2 1 3 0 1 0 2 2 0 2 1 1 0 1 1 0 0 1 1 0 0 0 0 0 0 1 0 0 0 0 0 0 1 0 0 0 0 1 0 0 0 0 0 0 0 0 0 0 0 0 0 0 0 0 0 0 0 0 0 0 
profileWomen_21: 17 11 9 9 5 4 4 3 5 4 0 1 2 0 0 1 0 0 1 0 2 1 1 0 0 0 0 0 0 0 0 0 0 0 0 0 0 0 0 0 0 0 0 0 0 0 0 0 0 0 0 0 0 0 0 0 0 0 0 0 0 0 0 0 0 0 0 0 0 0 0 0 0 0 0 0 0 0 0 0 
profileCombined_21: 25 18 12 13 10 10 8 4 7 7 1 4 4 3 1 1 2 0 2 2 4 2 4 0 1 0 2 2 0 2 1 1 0 1 1 0 0 1 1 0 0 0 0 0 0 1 0 0 0 0 0 0 1 0 0 0 0 1 0 0 0 0 0 0 0 0 0 0 0 0 0 0 0 0 0 0 0 0 0 0 
costMen_21: 1109
costWomen_21: 448
costCombined_21: 1557
sexEquality_21: 661

 --- 
matching_22: 70 50 31 21 22 33 60 24 51 26 74 25 12 18 30 37 49 16 20 80 41 1 56 17 11 71 66 64 53 43 35 32 47 46 7 6 8 36 29 61 44 52 5 38 79 77 58 23 73 54 57 14 59 75 39 48 2 19 13 45 76 78 69 62 40 68 72 42 55 10 27 63 28 9 4 65 15 3 67 34 
profileMen_22: 7 6 2 4 4 5 4 2 2 4 1 4 2 2 1 0 2 0 0 2 2 1 2 0 2 0 1 2 1 2 1 1 0 1 1 0 0 1 3 1 0 0 1 0 0 1 0 0 0 0 0 0 1 0 0 0 0 1 0 0 0 0 0 0 0 0 0 0 0 0 0 0 0 0 0 0 0 0 0 0 
profileWomen_22: 19 13 7 10 6 6 3 2 4 4 0 1 0 0 0 1 1 0 1 0 1 0 1 0 0 0 0 0 0 0 0 0 0 0 0 0 0 0 0 0 0 0 0 0 0 0 0 0 0 0 0 0 0 0 0 0 0 0 0 0 0 0 0 0 0 0 0 0 0 0 0 0 0 0 0 0 0 0 0 0 
profileCombined_22: 26 19 9 14 10 11 7 4 6 8 1 5 2 2 1 1 3 0 1 2 3 1 3 0 2 0 1 2 1 2 1 1 0 1 1 0 0 1 3 1 0 0 1 0 0 1 0 0 0 0 0 0 1 0 0 0 0 1 0 0 0 0 0 0 0 0 0 0 0 0 0 0 0 0 0 0 0 0 0 0 
costMen_22: 1254
costWomen_22: 393
costCombined_22: 1647
sexEquality_22: 861

 --- 
matching_23: 70 50 31 21 22 33 60 24 51 26 74 25 12 18 30 37 49 16 20 80 41 65 56 17 11 71 66 64 53 43 35 32 47 46 7 6 8 36 29 61 44 52 5 38 79 77 58 23 73 54 57 14 59 75 39 48 2 19 13 45 76 78 69 62 40 68 72 42 55 10 1 63 28 9 4 27 15 3 67 34 
profileMen_23: 7 6 2 4 4 5 4 3 2 4 1 4 2 2 1 0 3 1 0 1 2 1 1 0 2 0 1 2 1 2 1 1 0 1 1 0 0 1 2 1 0 0 1 0 0 1 0 0 0 0 0 0 1 0 0 0 0 1 0 0 0 0 0 0 0 0 0 0 0 0 0 0 0 0 0 0 0 0 0 0 
profileWomen_23: 18 13 7 10 5 7 3 2 4 4 0 2 0 0 0 1 1 0 1 0 1 0 1 0 0 0 0 0 0 0 0 0 0 0 0 0 0 0 0 0 0 0 0 0 0 0 0 0 0 0 0 0 0 0 0 0 0 0 0 0 0 0 0 0 0 0 0 0 0 0 0 0 0 0 0 0 0 0 0 0 
profileCombined_23: 25 19 9 14 9 12 7 5 6 8 1 6 2 2 1 1 4 1 1 1 3 1 2 0 2 0 1 2 1 2 1 1 0 1 1 0 0 1 2 1 0 0 1 0 0 1 0 0 0 0 0 0 1 0 0 0 0 1 0 0 0 0 0 0 0 0 0 0 0 0 0 0 0 0 0 0 0 0 0 0 
costMen_23: 1215
costWomen_23: 405
costCombined_23: 1620
sexEquality_23: 810

 --- 
matching_24: 70 50 31 21 22 33 60 24 51 26 74 25 12 18 30 37 49 16 20 80 36 1 56 19 11 71 66 64 53 77 35 32 47 46 7 6 8 41 29 61 44 52 5 38 43 17 58 23 48 54 72 14 59 75 73 79 2 57 13 45 39 78 69 62 40 68 76 42 55 10 27 63 28 9 4 65 15 3 67 34 
profileMen_24: 9 7 3 4 5 6 4 1 2 3 1 3 1 3 1 0 2 0 1 2 2 1 3 0 1 0 2 3 0 2 1 1 0 1 1 0 0 1 1 0 0 0 0 0 0 1 0 0 0 0 0 0 0 0 0 0 0 1 0 0 0 0 0 0 0 0 0 0 0 0 0 0 0 0 0 0 0 0 0 0 
profileWomen_24: 17 11 8 9 6 4 4 3 4 4 0 1 2 0 0 2 0 0 1 0 2 1 1 0 0 0 0 0 0 0 0 0 0 0 0 0 0 0 0 0 0 0 0 0 0 0 0 0 0 0 0 0 0 0 0 0 0 0 0 0 0 0 0 0 0 0 0 0 0 0 0 0 0 0 0 0 0 0 0 0 
profileCombined_24: 26 18 11 13 11 10 8 4 6 7 1 4 3 3 1 2 2 0 2 2 4 2 4 0 1 0 2 3 0 2 1 1 0 1 1 0 0 1 1 0 0 0 0 0 0 1 0 0 0 0 0 0 0 0 0 0 0 1 0 0 0 0 0 0 0 0 0 0 0 0 0 0 0 0 0 0 0 0 0 0 
costMen_24: 1072
costWomen_24: 457
costCombined_24: 1529
sexEquality_24: 615

 --- 
matching_25: 70 50 31 21 22 33 60 24 51 26 74 25 12 18 30 37 49 16 20 80 36 1 56 17 11 71 66 64 53 43 35 32 47 46 7 6 8 41 29 61 44 52 5 38 79 77 58 23 73 54 57 14 59 75 39 48 2 19 13 45 76 78 69 62 40 68 72 42 55 10 27 63 28 9 4 65 15 3 67 34 
profileMen_25: 8 6 2 4 4 5 4 2 2 4 1 4 1 2 1 0 2 0 0 2 2 1 2 0 2 0 1 3 1 2 1 1 0 1 1 0 0 1 3 1 0 0 1 0 0 1 0 0 0 0 0 0 0 0 0 0 0 1 0 0 0 0 0 0 0 0 0 0 0 0 0 0 0 0 0 0 0 0 0 0 
profileWomen_25: 19 13 6 10 7 6 3 2 3 4 0 1 0 0 0 2 1 0 1 0 1 0 1 0 0 0 0 0 0 0 0 0 0 0 0 0 0 0 0 0 0 0 0 0 0 0 0 0 0 0 0 0 0 0 0 0 0 0 0 0 0 0 0 0 0 0 0 0 0 0 0 0 0 0 0 0 0 0 0 0 
profileCombined_25: 27 19 8 14 11 11 7 4 5 8 1 5 1 2 1 2 3 0 1 2 3 1 3 0 2 0 1 3 1 2 1 1 0 1 1 0 0 1 3 1 0 0 1 0 0 1 0 0 0 0 0 0 0 0 0 0 0 1 0 0 0 0 0 0 0 0 0 0 0 0 0 0 0 0 0 0 0 0 0 0 
costMen_25: 1217
costWomen_25: 402
costCombined_25: 1619
sexEquality_25: 815

 --- 
matching_26: 70 50 31 21 22 33 60 24 51 26 74 25 12 18 30 37 49 16 20 80 36 65 56 17 11 71 66 64 53 43 35 32 47 46 7 6 8 41 29 61 44 52 5 38 79 77 58 23 73 54 57 14 59 75 39 48 2 19 13 45 76 78 69 62 40 68 72 42 55 10 1 63 28 9 4 27 15 3 67 34 
profileMen_26: 8 6 2 4 4 5 4 3 2 4 1 4 1 2 1 0 3 1 0 1 2 1 1 0 2 0 1 3 1 2 1 1 0 1 1 0 0 1 2 1 0 0 1 0 0 1 0 0 0 0 0 0 0 0 0 0 0 1 0 0 0 0 0 0 0 0 0 0 0 0 0 0 0 0 0 0 0 0 0 0 
profileWomen_26: 18 13 6 10 6 7 3 2 3 4 0 2 0 0 0 2 1 0 1 0 1 0 1 0 0 0 0 0 0 0 0 0 0 0 0 0 0 0 0 0 0 0 0 0 0 0 0 0 0 0 0 0 0 0 0 0 0 0 0 0 0 0 0 0 0 0 0 0 0 0 0 0 0 0 0 0 0 0 0 0 
profileCombined_26: 26 19 8 14 10 12 7 5 5 8 1 6 1 2 1 2 4 1 1 1 3 1 2 0 2 0 1 3 1 2 1 1 0 1 1 0 0 1 2 1 0 0 1 0 0 1 0 0 0 0 0 0 0 0 0 0 0 1 0 0 0 0 0 0 0 0 0 0 0 0 0 0 0 0 0 0 0 0 0 0 
costMen_26: 1178
costWomen_26: 414
costCombined_26: 1592
sexEquality_26: 764

 --- 
matching_27: 70 50 31 21 9 33 60 24 51 27 26 25 12 18 30 37 49 16 20 35 41 65 56 3 11 71 66 64 53 77 2 32 47 46 7 80 8 36 29 6 44 52 79 38 43 17 58 23 48 54 72 14 59 75 73 10 76 57 13 74 39 78 69 62 40 68 45 42 55 5 1 63 28 61 4 34 15 22 67 19 
profileMen_27: 8 8 4 5 7 7 4 3 3 2 2 3 2 0 1 0 2 1 1 0 2 1 1 0 2 1 1 2 1 1 1 1 0 1 0 0 0 0 0 0 0 0 0 0 0 1 0 0 0 0 0 0 1 0 0 0 0 0 0 0 0 0 0 0 0 0 0 0 0 0 0 0 0 0 0 0 0 0 0 0 
profileWomen_27: 10 9 8 8 4 5 3 5 4 6 3 3 2 1 0 2 0 1 1 0 1 1 1 1 1 0 0 0 0 0 0 0 0 0 0 0 0 0 0 0 0 0 0 0 0 0 0 0 0 0 0 0 0 0 0 0 0 0 0 0 0 0 0 0 0 0 0 0 0 0 0 0 0 0 0 0 0 0 0 0 
profileCombined_27: 18 17 12 13 11 12 7 8 7 8 5 6 4 1 1 2 2 2 2 0 3 2 2 1 3 1 1 2 1 1 1 1 0 1 0 0 0 0 0 0 0 0 0 0 0 1 0 0 0 0 0 0 1 0 0 0 0 0 0 0 0 0 0 0 0 0 0 0 0 0 0 0 0 0 0 0 0 0 0 0 
costMen_27: 903
costWomen_27: 584
costCombined_27: 1487
sexEquality_27: 319

 --- 
matching_28: 70 50 31 21 9 33 60 24 69 27 26 34 12 18 30 37 49 16 20 35 41 63 25 62 11 71 66 64 3 77 2 32 47 46 53 80 8 36 29 6 44 52 79 38 43 17 58 23 48 54 72 14 59 75 73 10 76 57 13 74 39 78 7 65 40 68 45 42 55 5 56 1 28 61 4 51 15 22 67 19 
profileMen_28: 9 9 6 5 7 8 4 2 2 2 3 3 2 0 1 0 2 0 1 0 3 0 0 0 2 1 1 2 1 1 1 1 0 0 0 0 0 0 0 0 0 0 0 0 0 0 0 0 0 0 0 0 1 0 0 0 0 0 0 0 0 0 0 0 0 0 0 0 0 0 0 0 0 0 0 0 0 0 0 0 
profileWomen_28: 10 7 7 6 4 3 3 4 3 5 5 3 3 3 2 2 0 1 0 0 1 2 1 1 1 1 1 0 0 0 0 0 0 0 0 0 0 0 0 0 0 0 0 0 0 0 0 0 0 0 0 0 1 0 0 0 0 0 0 0 0 0 0 0 0 0 0 0 0 0 0 0 0 0 0 0 0 0 0 0 
profileCombined_28: 19 16 13 11 11 11 7 6 5 7 8 6 5 3 3 2 2 1 1 0 4 2 1 1 3 2 2 2 1 1 1 1 0 0 0 0 0 0 0 0 0 0 0 0 0 0 0 0 0 0 0 0 2 0 0 0 0 0 0 0 0 0 0 0 0 0 0 0 0 0 0 0 0 0 0 0 0 0 0 0 
costMen_28: 790
costWomen_28: 732
costCombined_28: 1522
sexEquality_28: 58

 --- 
matching_29: 23 50 31 21 9 33 60 24 69 27 26 25 12 18 30 37 49 16 20 28 36 63 56 62 11 71 66 64 3 77 2 32 47 46 53 80 8 41 29 6 44 52 79 38 43 17 58 39 48 54 72 14 59 75 73 10 76 57 13 74 35 78 7 65 40 68 45 42 55 5 1 51 70 61 4 34 15 22 67 19 
profileMen_29: 10 9 6 8 6 7 4 2 4 2 3 3 1 0 1 0 0 1 1 1 3 0 0 0 1 0 1 2 1 1 1 1 0 0 0 0 0 0 0 0 0 0 0 0 0 0 0 0 0 0 0 0 0 0 0 0 0 0 0 0 0 0 0 0 0 0 0 0 0 0 0 0 0 0 0 0 0 0 0 0 
profileWomen_29: 10 8 4 6 5 4 3 4 4 6 5 3 2 2 1 4 0 1 0 0 2 2 1 1 1 1 0 0 0 0 0 0 0 0 0 0 0 0 0 0 0 0 0 0 0 0 0 0 0 0 0 0 0 0 0 0 0 0 0 0 0 0 0 0 0 0 0 0 0 0 0 0 0 0 0 0 0 0 0 0 
profileCombined_29: 20 17 10 14 11 11 7 6 8 8 8 6 3 2 2 4 0 2 1 1 5 2 1 1 2 1 1 2 1 1 1 1 0 0 0 0 0 0 0 0 0 0 0 0 0 0 0 0 0 0 0 0 0 0 0 0 0 0 0 0 0 0 0 0 0 0 0 0 0 0 0 0 0 0 0 0 0 0 0 0 
costMen_29: 697
costWomen_29: 686
costCombined_29: 1383
sexEquality_29: 11

 --- 
matching_30: 23 50 31 21 9 33 60 24 69 27 26 25 12 18 30 37 49 16 20 28 36 63 56 62 11 71 66 64 3 77 2 32 47 46 53 80 8 41 29 6 44 52 5 38 43 17 58 39 48 54 72 14 59 75 73 79 76 57 13 74 35 78 7 65 40 68 45 42 55 10 1 51 70 61 4 34 15 22 67 19 
profileMen_30: 10 9 6 8 6 7 3 2 4 3 2 3 1 1 1 0 0 1 0 1 3 0 0 0 1 0 1 2 1 1 1 1 0 0 0 0 0 1 0 0 0 0 0 0 0 0 0 0 0 0 0 0 0 0 0 0 0 0 0 0 0 0 0 0 0 0 0 0 0 0 0 0 0 0 0 0 0 0 0 0 
profileWomen_30: 11 8 4 6 6 4 3 4 5 5 4 3 2 2 1 4 0 0 0 0 2 2 1 1 1 1 0 0 0 0 0 0 0 0 0 0 0 0 0 0 0 0 0 0 0 0 0 0 0 0 0 0 0 0 0 0 0 0 0 0 0 0 0 0 0 0 0 0 0 0 0 0 0 0 0 0 0 0 0 0 
profileCombined_30: 21 17 10 14 12 11 6 6 9 8 6 6 3 3 2 4 0 1 0 1 5 2 1 1 2 1 1 2 1 1 1 1 0 0 0 0 0 1 0 0 0 0 0 0 0 0 0 0 0 0 0 0 0 0 0 0 0 0 0 0 0 0 0 0 0 0 0 0 0 0 0 0 0 0 0 0 0 0 0 0 
costMen_30: 722
costWomen_30: 662
costCombined_30: 1384
sexEquality_30: 60

 --- 
matching_31: 23 50 31 21 9 33 60 24 51 27 26 25 12 18 30 37 49 16 20 28 36 65 56 7 11 71 66 64 3 77 2 32 47 46 53 80 8 41 29 6 44 52 79 38 43 17 58 39 48 54 72 14 59 75 73 10 76 57 13 74 35 78 69 62 40 68 45 42 55 5 1 63 70 61 4 34 15 22 67 19 
profileMen_31: 9 8 6 8 6 7 4 3 4 2 2 3 1 0 1 0 1 1 1 0 3 1 1 0 1 0 1 2 1 1 1 1 0 0 0 0 0 0 0 0 0 0 0 0 0 0 0 0 0 0 0 0 0 0 0 0 0 0 0 0 0 0 0 0 0 0 0 0 0 0 0 0 0 0 0 0 0 0 0 0 
profileWomen_31: 10 8 6 7 5 5 3 4 4 6 3 4 2 1 1 4 0 1 1 0 1 1 1 1 1 0 0 0 0 0 0 0 0 0 0 0 0 0 0 0 0 0 0 0 0 0 0 0 0 0 0 0 0 0 0 0 0 0 0 0 0 0 0 0 0 0 0 0 0 0 0 0 0 0 0 0 0 0 0 0 
profileCombined_31: 19 16 12 15 11 12 7 7 8 8 5 7 3 1 2 4 1 2 2 0 4 2 2 1 2 0 1 2 1 1 1 1 0 0 0 0 0 0 0 0 0 0 0 0 0 0 0 0 0 0 0 0 0 0 0 0 0 0 0 0 0 0 0 0 0 0 0 0 0 0 0 0 0 0 0 0 0 0 0 0 
costMen_31: 733
costWomen_31: 628
costCombined_31: 1361
sexEquality_31: 105

 --- 
matching_32: 23 50 31 21 9 33 60 24 51 27 26 25 12 18 30 37 49 16 20 28 36 65 56 7 11 71 66 64 3 77 2 32 47 46 53 80 8 41 29 6 44 52 5 38 43 17 58 39 48 54 72 14 59 75 73 79 76 57 13 74 35 78 69 62 40 68 45 42 55 10 1 63 70 61 4 34 15 22 67 19 
profileMen_32: 9 8 6 8 6 7 3 3 4 3 1 3 1 1 1 0 1 1 0 0 3 1 1 0 1 0 1 2 1 1 1 1 0 0 0 0 0 1 0 0 0 0 0 0 0 0 0 0 0 0 0 0 0 0 0 0 0 0 0 0 0 0 0 0 0 0 0 0 0 0 0 0 0 0 0 0 0 0 0 0 
profileWomen_32: 11 8 6 7 6 5 3 4 5 5 2 4 2 1 1 4 0 0 1 0 1 1 1 1 1 0 0 0 0 0 0 0 0 0 0 0 0 0 0 0 0 0 0 0 0 0 0 0 0 0 0 0 0 0 0 0 0 0 0 0 0 0 0 0 0 0 0 0 0 0 0 0 0 0 0 0 0 0 0 0 
profileCombined_32: 20 16 12 15 12 12 6 7 9 8 3 7 3 2 2 4 1 1 1 0 4 2 2 1 2 0 1 2 1 1 1 1 0 0 0 0 0 1 0 0 0 0 0 0 0 0 0 0 0 0 0 0 0 0 0 0 0 0 0 0 0 0 0 0 0 0 0 0 0 0 0 0 0 0 0 0 0 0 0 0 
costMen_32: 758
costWomen_32: 604
costCombined_32: 1362
sexEquality_32: 154

 --- 
matching_33: 23 50 31 21 9 33 60 24 51 27 26 25 12 18 30 37 49 16 20 28 36 65 56 3 11 71 66 64 53 77 2 32 47 46 7 80 8 41 29 6 44 52 79 38 43 17 58 39 48 54 72 14 59 75 73 10 76 57 13 74 35 78 69 62 40 68 45 42 55 5 1 63 70 61 4 34 15 22 67 19 
profileMen_33: 9 8 5 8 6 7 4 3 3 2 2 3 1 0 1 0 2 1 1 0 2 1 1 0 1 0 1 2 1 1 1 1 0 1 0 0 0 0 0 0 0 0 0 0 0 1 0 0 0 0 0 0 0 0 0 0 0 0 0 0 0 0 0 0 0 0 0 0 0 0 0 0 0 0 0 0 0 0 0 0 
profileWomen_33: 10 9 5 8 5 5 3 5 4 6 3 3 2 1 0 4 0 1 1 0 1 1 1 1 1 0 0 0 0 0 0 0 0 0 0 0 0 0 0 0 0 0 0 0 0 0 0 0 0 0 0 0 0 0 0 0 0 0 0 0 0 0 0 0 0 0 0 0 0 0 0 0 0 0 0 0 0 0 0 0 
profileCombined_33: 19 17 10 16 11 12 7 8 7 8 5 6 3 1 1 4 2 2 2 0 3 2 2 1 2 0 1 2 1 1 1 1 0 1 0 0 0 0 0 0 0 0 0 0 0 1 0 0 0 0 0 0 0 0 0 0 0 0 0 0 0 0 0 0 0 0 0 0 0 0 0 0 0 0 0 0 0 0 0 0 
costMen_33: 797
costWomen_33: 612
costCombined_33: 1409
sexEquality_33: 185

 --- 
matching_34: 23 50 31 21 9 33 60 24 51 27 26 25 12 18 30 37 49 16 20 28 36 65 56 3 11 71 66 64 53 77 2 32 47 46 7 80 8 41 29 6 44 52 5 38 43 17 58 39 48 54 72 14 59 75 73 79 76 57 13 74 35 78 69 62 40 68 45 42 55 10 1 63 70 61 4 34 15 22 67 19 
profileMen_34: 9 8 5 8 6 7 3 3 3 3 1 3 1 1 1 0 2 1 0 0 2 1 1 0 1 0 1 2 1 1 1 1 0 1 0 0 0 1 0 0 0 0 0 0 0 1 0 0 0 0 0 0 0 0 0 0 0 0 0 0 0 0 0 0 0 0 0 0 0 0 0 0 0 0 0 0 0 0 0 0 
profileWomen_34: 11 9 5 8 6 5 3 5 5 5 2 3 2 1 0 4 0 0 1 0 1 1 1 1 1 0 0 0 0 0 0 0 0 0 0 0 0 0 0 0 0 0 0 0 0 0 0 0 0 0 0 0 0 0 0 0 0 0 0 0 0 0 0 0 0 0 0 0 0 0 0 0 0 0 0 0 0 0 0 0 
profileCombined_34: 20 17 10 16 12 12 6 8 8 8 3 6 3 2 1 4 2 1 1 0 3 2 2 1 2 0 1 2 1 1 1 1 0 1 0 0 0 1 0 0 0 0 0 0 0 1 0 0 0 0 0 0 0 0 0 0 0 0 0 0 0 0 0 0 0 0 0 0 0 0 0 0 0 0 0 0 0 0 0 0 
costMen_34: 822
costWomen_34: 588
costCombined_34: 1410
sexEquality_34: 234

 --- 
matching_35: 23 50 31 21 9 33 60 24 69 27 26 34 56 18 30 37 49 16 20 28 36 63 25 62 11 71 66 64 3 77 2 32 47 51 53 80 8 41 46 6 44 52 5 38 43 17 58 39 48 78 72 14 59 75 73 79 76 57 13 74 35 12 7 65 40 68 45 42 55 10 29 1 70 61 4 54 15 22 67 19 
profileMen_35: 11 9 7 8 6 9 3 2 4 3 2 3 1 1 0 0 1 0 1 0 2 0 0 0 1 0 1 2 1 0 0 1 0 0 0 0 0 1 0 0 0 0 0 0 0 0 0 0 0 0 0 0 0 0 0 0 0 0 0 0 0 0 0 0 0 0 0 0 0 0 0 0 0 0 0 0 0 0 0 0 
profileWomen_35: 11 7 2 7 6 3 1 5 5 5 4 2 3 3 1 5 1 0 0 0 1 2 1 1 1 1 1 0 0 0 0 0 0 0 0 0 0 0 0 0 0 0 0 0 0 0 0 0 0 0 0 0 0 0 0 0 0 0 0 0 0 1 0 0 0 0 0 0 0 0 0 0 0 0 0 0 0 0 0 0 
profileCombined_35: 22 16 9 15 12 12 4 7 9 8 6 5 4 4 1 5 2 0 1 0 3 2 1 1 2 1 2 2 1 0 0 1 0 0 0 0 0 1 0 0 0 0 0 0 0 0 0 0 0 0 0 0 0 0 0 0 0 0 0 0 0 1 0 0 0 0 0 0 0 0 0 0 0 0 0 0 0 0 0 0 
costMen_35: 639
costWomen_35: 762
costCombined_35: 1401
sexEquality_35: 123

 --- 
matching_36: 23 18 31 21 6 53 60 24 69 27 26 34 56 19 30 37 49 16 20 28 36 63 25 62 11 71 66 64 3 77 2 32 47 51 10 80 8 41 46 68 44 52 79 38 43 17 58 39 48 78 72 14 59 75 73 50 76 57 13 74 35 12 7 65 40 33 45 42 55 5 29 1 70 61 4 54 15 22 67 9 
profileMen_36: 13 9 8 8 8 8 5 2 4 1 2 4 0 0 0 0 1 0 3 0 1 0 0 0 1 0 1 1 0 0 0 0 0 0 0 0 0 0 0 0 0 0 0 0 0 0 0 0 0 0 0 0 0 0 0 0 0 0 0 0 0 0 0 0 0 0 0 0 0 0 0 0 0 0 0 0 0 0 0 0 
profileWomen_36: 9 6 2 6 5 3 1 5 3 5 5 1 3 3 1 4 1 2 2 0 1 2 1 2 1 1 1 0 0 0 0 1 0 1 0 1 0 0 0 0 0 0 0 0 0 0 0 0 0 0 0 0 0 0 0 0 0 0 0 0 0 1 0 0 0 0 0 0 0 0 0 0 0 0 0 0 0 0 0 0 
profileCombined_36: 22 15 10 14 13 11 6 7 7 6 7 5 3 3 1 4 2 2 5 0 2 2 1 2 2 1 2 1 0 0 0 1 0 1 0 1 0 0 0 0 0 0 0 0 0 0 0 0 0 0 0 0 0 0 0 0 0 0 0 0 0 1 0 0 0 0 0 0 0 0 0 0 0 0 0 0 0 0 0 0 
costMen_36: 517
costWomen_36: 914
costCombined_36: 1431
sexEquality_36: 397

 --- 
Digraph 
(0,0) (0,0) (0,1) (0,1) (0,0) (0,1) (1,0) (1,0) (1,1) (0,0) (0,1) (0,1) 
(0,0) (0,0) (1,0) (0,0) (0,0) (0,0) (0,0) (1,0) (0,0) (0,0) (0,0) (0,0) 
(0,0) (0,0) (0,0) (0,1) (1,0) (0,0) (0,0) (0,0) (0,0) (0,0) (0,0) (0,0) 
(0,0) (0,0) (0,0) (0,0) (0,0) (0,0) (0,0) (0,0) (1,0) (0,1) (0,0) (1,1) 
(0,0) (0,0) (0,0) (0,0) (0,0) (1,1) (0,0) (0,0) (1,1) (0,0) (1,0) (0,1) 
(0,0) (0,0) (0,0) (0,0) (0,0) (0,0) (1,1) (0,0) (0,1) (0,0) (1,0) (0,0) 
(0,0) (0,0) (0,0) (0,0) (0,0) (0,0) (0,0) (0,0) (1,0) (0,0) (0,0) (0,1) 
(0,0) (0,0) (0,0) (0,0) (0,0) (0,0) (0,0) (0,0) (0,1) (0,0) (0,0) (1,1) 
(0,0) (0,0) (0,0) (0,0) (0,0) (0,0) (0,0) (0,0) (0,0) (0,0) (1,1) (1,1) 
(0,0) (0,0) (0,0) (0,0) (0,0) (0,0) (0,0) (0,0) (0,0) (0,0) (0,0) (0,0) 
(0,0) (0,0) (0,0) (0,0) (0,0) (0,0) (0,0) (0,0) (0,0) (0,0) (0,0) (0,0) 
(0,0) (0,0) (0,0) (0,0) (0,0) (0,0) (0,0) (0,0) (0,0) (0,0) (0,0) (0,0) 

Simple digraph 
2 3 5 6 7 8 10 11 
2 7 
3 4 
8 9 11 
5 8 10 11 
6 8 10 
8 11 
8 11 
10 11 







Duration_ModCreation_milliseconds: 353
Duration_GetSolution_milliseconds: 139
Duration_CollectRes_milliseconds: 0

Duration_Total_milliseconds: 739

exitCode 0
code/Main_GetStableMatchings completed
