// General stats
numRotations: 21
numStableMatchings: 28


// Rotations
rotation_0: (3, 53) (60, 16) (76, 41) (67, 73) (72, 48) 
rotProfileMen_0: -2 0 0 -1 1 0 0 1 1 0 0 0 0 0 0 0 0 0 0 0 0 0 0 0 0 0 0 0 0 0 0 0 0 0 0 0 0 0 0 0 0 0 0 0 0 0 0 0 0 0 0 0 0 0 0 0 0 0 0 0 0 0 0 0 0 0 0 0 0 0 0 0 0 0 0 0 0 0 0 0 
rotProfileWomen_0: 1 0 1 -1 0 0 0 0 0 0 0 0 0 0 0 1 1 -1 0 0 0 0 0 0 0 0 0 0 0 0 -1 -1 0 0 0 0 0 1 0 0 0 0 0 0 -1 0 0 0 0 0 0 0 0 0 0 0 0 0 0 0 0 0 0 0 0 0 0 0 0 0 0 0 0 0 0 0 0 0 0 0 
rotProfileCombined_0: -1 0 1 -2 1 0 0 1 1 0 0 0 0 0 0 1 1 -1 0 0 0 0 0 0 0 0 0 0 0 0 -1 -1 0 0 0 0 0 1 0 0 0 0 0 0 -1 0 0 0 0 0 0 0 0 0 0 0 0 0 0 0 0 0 0 0 0 0 0 0 0 0 0 0 0 0 0 0 0 0 0 0 
 --- 
rotation_1: (38, 61) (14, 78) (34, 3) 
rotProfileMen_1: 0 0 0 -1 1 0 -1 -1 0 0 1 1 0 0 0 0 0 0 0 0 0 0 0 0 0 0 0 0 0 0 0 0 0 0 0 0 0 0 0 0 0 0 0 0 0 0 0 0 0 0 0 0 0 0 0 0 0 0 0 0 0 0 0 0 0 0 0 0 0 0 0 0 0 0 0 0 0 0 0 0 
rotProfileWomen_1: 0 0 0 0 0 0 0 0 1 0 0 0 0 0 0 0 0 0 0 0 0 0 0 0 0 0 0 0 0 0 0 0 0 0 0 0 0 0 0 0 0 0 0 0 0 0 0 0 -1 0 0 0 0 0 0 0 1 0 0 0 0 0 0 0 0 -1 0 1 0 0 0 0 0 0 0 0 0 -1 0 0 
rotProfileCombined_1: 0 0 0 -1 1 0 -1 -1 1 0 1 1 0 0 0 0 0 0 0 0 0 0 0 0 0 0 0 0 0 0 0 0 0 0 0 0 0 0 0 0 0 0 0 0 0 0 0 0 -1 0 0 0 0 0 0 0 1 0 0 0 0 0 0 0 0 -1 0 1 0 0 0 0 0 0 0 0 0 -1 0 0 
 --- 
rotation_2: (27, 52) (76, 73) (21, 28) (67, 48) (36, 10) (7, 15) (14, 3) (75, 12) 
rotProfileMen_2: -2 -1 -1 2 1 0 1 -1 -1 1 -1 1 0 0 0 0 0 0 0 0 0 0 0 0 1 0 0 0 0 0 0 0 0 0 0 0 0 0 0 0 0 0 0 0 0 0 0 0 0 0 0 0 0 0 0 0 0 0 0 0 0 0 0 0 0 0 0 0 0 0 0 0 0 0 0 0 0 0 0 0 
rotProfileWomen_2: 0 0 1 1 1 0 0 0 0 -1 0 0 0 0 0 -1 0 0 0 0 0 0 0 0 0 1 0 1 0 0 0 1 0 0 0 0 0 -1 0 0 0 0 0 0 0 0 0 0 0 1 0 0 0 0 0 0 0 0 0 0 0 0 0 0 -1 -1 0 -1 0 0 -1 0 0 0 0 0 0 0 0 0 
rotProfileCombined_2: -2 -1 0 3 2 0 1 -1 -1 0 -1 1 0 0 0 -1 0 0 0 0 0 0 0 0 1 1 0 1 0 0 0 1 0 0 0 0 0 -1 0 0 0 0 0 0 0 0 0 0 0 1 0 0 0 0 0 0 0 0 0 0 0 0 0 0 -1 -1 0 -1 0 0 -1 0 0 0 0 0 0 0 0 0 
 --- 
rotation_3: (13, 35) (61, 68) (35, 6) (24, 56) (74, 11) 
rotProfileMen_3: -2 0 0 0 -1 0 1 0 1 0 1 0 0 0 0 0 0 0 0 0 0 0 0 0 0 0 0 0 0 0 0 0 0 0 0 0 0 0 0 0 0 0 0 0 0 0 0 0 0 0 0 0 0 0 0 0 0 0 0 0 0 0 0 0 0 0 0 0 0 0 0 0 0 0 0 0 0 0 0 0 
rotProfileWomen_3: 1 0 0 0 1 0 1 0 0 0 0 -1 0 0 0 0 0 0 0 -1 -1 0 0 0 0 0 1 0 0 0 0 0 0 0 0 0 0 0 0 0 0 0 0 0 0 0 0 0 0 0 0 0 0 0 0 0 0 0 0 -1 0 0 0 0 0 0 0 0 0 0 0 0 0 0 0 0 0 0 0 0 
rotProfileCombined_3: -1 0 0 0 0 0 2 0 1 0 1 -1 0 0 0 0 0 0 0 -1 -1 0 0 0 0 0 1 0 0 0 0 0 0 0 0 0 0 0 0 0 0 0 0 0 0 0 0 0 0 0 0 0 0 0 0 0 0 0 0 -1 0 0 0 0 0 0 0 0 0 0 0 0 0 0 0 0 0 0 0 0 
 --- 
rotation_4: (67, 10) (69, 59) (7, 3) (38, 78) (59, 30) (74, 35) (45, 38) (14, 12) (53, 72) 
rotProfileMen_4: -1 -3 2 -1 -1 1 0 0 0 -1 1 -1 2 0 1 0 0 1 0 0 0 0 0 0 0 0 0 0 0 0 0 0 0 0 0 0 0 0 0 0 0 0 0 0 0 0 0 0 0 0 0 0 0 0 0 0 0 0 0 0 0 0 0 0 0 0 0 0 0 0 0 0 0 0 0 0 0 0 0 0 
rotProfileWomen_4: 1 1 0 1 0 1 -1 0 1 -1 0 0 0 1 0 0 0 -1 0 0 0 0 0 0 0 -1 -1 -1 1 0 0 0 0 0 0 0 0 0 0 0 0 0 0 0 0 0 0 0 0 0 0 0 0 0 1 0 -1 0 0 0 0 0 0 0 0 0 0 0 0 0 0 -1 0 0 0 0 0 0 0 0 
rotProfileCombined_4: 0 -2 2 0 -1 2 -1 0 1 -2 1 -1 2 1 1 0 0 0 0 0 0 0 0 0 0 -1 -1 -1 1 0 0 0 0 0 0 0 0 0 0 0 0 0 0 0 0 0 0 0 0 0 0 0 0 0 1 0 -1 0 0 0 0 0 0 0 0 0 0 0 0 0 0 -1 0 0 0 0 0 0 0 0 
 --- 
rotation_5: (49, 2) (56, 63) 
rotProfileMen_5: 0 0 -2 0 0 0 0 1 0 0 0 0 0 0 0 0 0 0 0 0 0 1 0 0 0 0 0 0 0 0 0 0 0 0 0 0 0 0 0 0 0 0 0 0 0 0 0 0 0 0 0 0 0 0 0 0 0 0 0 0 0 0 0 0 0 0 0 0 0 0 0 0 0 0 0 0 0 0 0 0 
rotProfileWomen_5: 1 0 0 -1 0 0 0 0 0 0 0 0 0 0 0 0 0 0 0 0 0 0 0 0 0 0 0 0 0 0 0 0 0 0 0 0 0 0 0 1 0 0 -1 0 0 0 0 0 0 0 0 0 0 0 0 0 0 0 0 0 0 0 0 0 0 0 0 0 0 0 0 0 0 0 0 0 0 0 0 0 
rotProfileCombined_5: 1 0 -2 -1 0 0 0 1 0 0 0 0 0 0 0 0 0 0 0 0 0 1 0 0 0 0 0 0 0 0 0 0 0 0 0 0 0 0 0 1 0 0 -1 0 0 0 0 0 0 0 0 0 0 0 0 0 0 0 0 0 0 0 0 0 0 0 0 0 0 0 0 0 0 0 0 0 0 0 0 0 
 --- 
rotation_6: (56, 2) (52, 76) (20, 54) (55, 26) 
rotProfileMen_6: -1 0 -1 1 1 0 0 0 0 -1 0 0 0 0 0 0 0 0 0 0 0 -1 1 0 0 0 0 0 0 1 0 0 0 0 0 0 0 0 0 0 0 0 0 0 0 0 0 0 0 0 0 0 0 0 0 0 0 0 0 0 0 0 0 0 0 0 0 0 0 0 0 0 0 0 0 0 0 0 0 0 
rotProfileWomen_6: 1 0 0 0 0 0 0 0 0 0 0 0 0 0 0 0 0 0 1 0 0 0 0 0 0 0 0 -1 0 1 0 0 0 0 0 0 0 0 0 -1 0 0 0 0 0 0 0 0 1 0 0 0 -1 0 0 0 0 0 0 0 0 0 0 0 0 0 0 0 0 0 0 0 -1 0 0 0 0 0 0 0 
rotProfileCombined_6: 0 0 -1 1 1 0 0 0 0 -1 0 0 0 0 0 0 0 0 1 0 0 -1 1 0 0 0 0 -1 0 2 0 0 0 0 0 0 0 0 0 -1 0 0 0 0 0 0 0 0 1 0 0 0 -1 0 0 0 0 0 0 0 0 0 0 0 0 0 0 0 0 0 0 0 -1 0 0 0 0 0 0 0 
 --- 
rotation_7: (41, 75) (27, 73) (45, 12) (7, 78) (38, 30) 
rotProfileMen_7: 0 0 0 0 -1 -1 0 0 1 0 0 0 0 1 -1 0 0 0 0 0 0 0 0 0 1 0 0 0 0 0 0 0 0 0 0 0 0 0 0 0 0 0 0 0 0 0 0 0 0 0 0 0 0 0 0 0 0 0 0 0 0 0 0 0 0 0 0 0 0 0 0 0 0 0 0 0 0 0 0 0 
rotProfileWomen_7: 0 1 0 0 0 0 0 1 1 0 0 0 0 -2 0 0 -1 0 0 0 0 0 0 0 0 1 0 0 -1 0 0 0 0 0 0 0 0 0 0 1 0 0 0 0 0 0 0 0 0 -1 0 0 0 0 0 0 0 0 0 0 0 0 0 0 0 0 0 0 0 0 0 0 0 0 0 0 0 0 0 0 
rotProfileCombined_7: 0 1 0 0 -1 -1 0 1 2 0 0 0 0 -1 -1 0 -1 0 0 0 0 0 0 0 1 1 0 0 -1 0 0 0 0 0 0 0 0 0 0 1 0 0 0 0 0 0 0 0 0 -1 0 0 0 0 0 0 0 0 0 0 0 0 0 0 0 0 0 0 0 0 0 0 0 0 0 0 0 0 0 0 
 --- 
rotation_8: (47, 70) (35, 56) (20, 26) (25, 31) (63, 62) 
rotProfileMen_8: -1 -1 0 1 1 0 -1 0 0 -1 1 1 0 0 0 0 0 0 0 0 0 0 0 0 0 0 0 0 0 -1 1 0 0 0 0 0 0 0 0 0 0 0 0 0 0 0 0 0 0 0 0 0 0 0 0 0 0 0 0 0 0 0 0 0 0 0 0 0 0 0 0 0 0 0 0 0 0 0 0 0 
rotProfileWomen_8: 1 1 0 -1 0 0 -1 1 -1 0 0 0 0 0 0 1 0 0 0 0 1 0 0 0 0 0 0 0 0 0 0 0 0 0 0 0 0 0 0 0 0 0 0 0 0 0 -1 0 -1 0 0 0 0 0 0 0 0 0 0 0 0 0 0 0 0 0 0 0 0 0 0 0 0 0 0 0 0 0 0 0 
rotProfileCombined_8: 0 0 0 0 1 0 -2 1 -1 -1 1 1 0 0 0 1 0 0 0 0 1 0 0 0 0 0 0 0 0 -1 1 0 0 0 0 0 0 0 0 0 0 0 0 0 0 0 -1 0 -1 0 0 0 0 0 0 0 0 0 0 0 0 0 0 0 0 0 0 0 0 0 0 0 0 0 0 0 0 0 0 0 
 --- 
rotation_9: (55, 2) (63, 70) 
rotProfileMen_9: 0 0 0 0 -1 0 0 0 0 0 -1 0 0 1 0 1 0 0 0 0 0 0 0 0 0 0 0 0 0 0 0 0 0 0 0 0 0 0 0 0 0 0 0 0 0 0 0 0 0 0 0 0 0 0 0 0 0 0 0 0 0 0 0 0 0 0 0 0 0 0 0 0 0 0 0 0 0 0 0 0 
rotProfileWomen_9: 0 0 0 0 0 0 1 -1 0 0 0 0 0 0 0 0 0 0 1 0 0 0 0 0 0 0 0 0 0 -1 0 0 0 0 0 0 0 0 0 0 0 0 0 0 0 0 0 0 0 0 0 0 0 0 0 0 0 0 0 0 0 0 0 0 0 0 0 0 0 0 0 0 0 0 0 0 0 0 0 0 
rotProfileCombined_9: 0 0 0 0 -1 0 1 -1 0 0 -1 0 0 1 0 1 0 0 1 0 0 0 0 0 0 0 0 0 0 -1 0 0 0 0 0 0 0 0 0 0 0 0 0 0 0 0 0 0 0 0 0 0 0 0 0 0 0 0 0 0 0 0 0 0 0 0 0 0 0 0 0 0 0 0 0 0 0 0 0 0 
 --- 
rotation_10: (48, 5) (35, 26) 
rotProfileMen_10: 0 -1 0 0 0 0 0 0 1 0 0 -1 0 1 0 0 0 0 0 0 0 0 0 0 0 0 0 0 0 0 0 0 0 0 0 0 0 0 0 0 0 0 0 0 0 0 0 0 0 0 0 0 0 0 0 0 0 0 0 0 0 0 0 0 0 0 0 0 0 0 0 0 0 0 0 0 0 0 0 0 
rotProfileWomen_10: 0 0 0 1 0 0 0 0 0 0 0 0 0 0 0 0 0 0 0 1 -1 -1 0 0 0 0 0 0 0 0 0 0 0 0 0 0 0 0 0 0 0 0 0 0 0 0 0 0 0 0 0 0 0 0 0 0 0 0 0 0 0 0 0 0 0 0 0 0 0 0 0 0 0 0 0 0 0 0 0 0 
rotProfileCombined_10: 0 -1 0 1 0 0 0 0 1 0 0 -1 0 1 0 0 0 0 0 1 -1 -1 0 0 0 0 0 0 0 0 0 0 0 0 0 0 0 0 0 0 0 0 0 0 0 0 0 0 0 0 0 0 0 0 0 0 0 0 0 0 0 0 0 0 0 0 0 0 0 0 0 0 0 0 0 0 0 0 0 0 
 --- 
rotation_11: (39, 25) (14, 72) (58, 51) (70, 60) (43, 18) (41, 73) (78, 55) (38, 75) (35, 5) 
rotProfileMen_11: 0 0 -2 1 -2 1 0 0 0 0 1 1 0 -1 0 0 0 -1 0 0 1 0 0 0 -1 0 1 0 0 1 0 0 0 0 0 0 0 0 0 0 0 0 0 0 0 0 0 0 0 0 0 0 0 0 0 0 0 0 0 0 0 0 0 0 0 0 0 0 0 0 0 0 0 0 0 0 0 0 0 0 
rotProfileWomen_11: 2 2 2 0 0 0 0 0 -2 -1 0 -1 0 0 0 0 0 1 0 -1 0 0 0 0 0 0 0 0 0 0 0 -1 0 0 0 0 0 0 0 0 0 0 0 0 0 0 0 0 -1 0 0 0 0 0 0 0 0 0 0 0 0 0 0 0 0 0 0 0 0 0 0 0 0 0 0 0 0 0 0 0 
rotProfileCombined_11: 2 2 0 1 -2 1 0 0 -2 -1 1 0 0 -1 0 0 0 0 0 -1 1 0 0 0 -1 0 1 0 0 1 0 -1 0 0 0 0 0 0 0 0 0 0 0 0 0 0 0 0 -1 0 0 0 0 0 0 0 0 0 0 0 0 0 0 0 0 0 0 0 0 0 0 0 0 0 0 0 0 0 0 0 
 --- 
rotation_12: (35, 25) (26, 39) (76, 28) (74, 38) (34, 61) (16, 17) (51, 24) (27, 12) (65, 69) (30, 23) (80, 77) (8, 32) (45, 78) 
rotProfileMen_12: -2 -2 1 1 -2 3 0 0 0 0 -1 -1 0 0 1 0 1 0 0 0 0 0 0 0 -1 1 -1 0 0 0 0 0 1 0 0 0 0 0 0 0 0 0 0 0 0 0 1 0 0 0 0 0 0 0 0 0 0 0 0 0 0 0 0 0 0 0 0 0 0 0 0 0 0 0 0 0 0 0 0 0 
rotProfileWomen_12: 0 1 0 0 1 1 1 0 -1 0 1 1 0 0 -2 -2 2 0 -1 0 0 0 1 0 1 -1 0 -1 0 0 0 -1 0 0 0 0 1 0 0 -1 0 0 0 0 0 0 0 0 0 0 0 0 0 0 -1 0 0 0 0 0 0 0 0 0 0 0 0 0 0 0 0 0 0 0 0 0 0 0 0 0 
rotProfileCombined_12: -2 -1 1 1 -1 4 1 0 -1 0 0 0 0 0 -1 -2 3 0 -1 0 0 0 1 0 0 0 -1 -1 0 0 0 -1 1 0 0 0 1 0 0 -1 0 0 0 0 0 0 1 0 0 0 0 0 0 0 -1 0 0 0 0 0 0 0 0 0 0 0 0 0 0 0 0 0 0 0 0 0 0 0 0 0 
 --- 
rotation_13: (56, 76) (51, 12) (53, 10) (67, 59) (33, 42) (27, 69) (31, 71) (65, 23) (10, 80) (79, 49) (55, 70) (80, 32) 
rotProfileMen_13: -3 0 -1 -1 1 -1 0 0 2 0 0 1 -1 -2 1 0 0 0 0 1 0 1 -1 0 0 1 0 1 1 0 0 0 0 0 0 0 0 0 0 0 0 0 0 0 0 0 0 0 0 0 0 0 0 0 0 0 0 0 0 0 0 0 0 0 0 0 0 0 0 0 0 0 0 0 0 0 0 0 0 0 
rotProfileWomen_13: 5 1 0 -1 0 -1 0 0 0 0 -2 0 0 0 0 1 -1 0 -2 0 1 0 -1 0 0 0 0 0 0 0 0 0 0 0 0 0 0 0 0 0 0 0 0 0 0 0 0 0 0 0 0 0 0 0 0 0 0 0 0 0 0 0 0 0 0 0 0 0 0 0 0 0 0 0 0 0 0 0 0 0 
rotProfileCombined_13: 2 1 -1 -2 1 -2 0 0 2 0 -2 1 -1 -2 1 1 -1 0 -2 1 1 1 -2 0 0 1 0 1 1 0 0 0 0 0 0 0 0 0 0 0 0 0 0 0 0 0 0 0 0 0 0 0 0 0 0 0 0 0 0 0 0 0 0 0 0 0 0 0 0 0 0 0 0 0 0 0 0 0 0 0 
 --- 
rotation_14: (34, 17) (9, 43) (77, 8) (80, 76) (57, 58) (64, 7) (13, 68) (68, 64) (30, 77) 
rotProfileMen_14: 0 -1 -2 0 -2 0 1 0 0 0 0 0 1 0 0 0 -1 0 0 1 0 0 0 1 0 0 0 0 0 0 1 0 0 0 0 0 0 0 0 0 0 0 0 0 0 0 0 0 0 0 0 0 0 0 0 0 0 0 0 0 0 1 0 0 0 0 0 0 0 0 0 0 0 0 0 0 0 0 0 0 
rotProfileWomen_14: 0 1 1 0 0 1 1 -1 1 1 0 -1 -1 -1 0 -1 -1 1 0 0 0 0 0 0 0 0 0 0 0 0 -1 0 0 0 0 0 0 0 0 0 0 0 0 0 0 0 0 0 0 0 0 0 0 0 0 0 0 0 0 0 0 0 0 0 0 0 0 0 0 0 0 0 0 0 0 0 0 0 0 0 
rotProfileCombined_14: 0 0 -1 0 -2 1 2 -1 1 1 0 -1 0 -1 0 -1 -2 1 0 1 0 0 0 1 0 0 0 0 0 0 0 0 0 0 0 0 0 0 0 0 0 0 0 0 0 0 0 0 0 0 0 0 0 0 0 0 0 0 0 0 0 1 0 0 0 0 0 0 0 0 0 0 0 0 0 0 0 0 0 0 
 --- 
rotation_15: (30, 17) (25, 62) (5, 19) (54, 79) (43, 73) (32, 27) (19, 9) (8, 78) (29, 40) (76, 38) (18, 21) (41, 55) 
rotProfileMen_15: -4 0 0 -2 0 0 -1 0 2 0 0 0 -1 0 1 0 1 0 1 1 0 0 0 0 0 0 0 0 0 0 0 0 1 0 0 0 0 1 0 0 0 0 0 0 0 0 -1 0 0 0 0 0 0 0 0 0 0 0 0 0 0 1 0 0 0 0 0 0 0 0 0 0 0 0 0 0 0 0 0 0 
rotProfileWomen_15: 2 0 2 0 1 1 -1 -1 1 0 0 0 1 -2 0 -2 0 -1 0 -1 0 0 1 0 0 0 0 0 0 0 0 0 0 0 0 0 -1 0 0 0 0 0 0 0 0 0 0 0 0 0 0 0 0 0 0 0 0 0 0 0 0 0 0 0 0 0 0 0 0 0 0 0 0 0 0 0 0 0 0 0 
rotProfileCombined_15: -2 0 2 -2 1 1 -2 -1 3 0 0 0 0 -2 1 -2 1 -1 1 0 0 0 1 0 0 0 0 0 0 0 0 0 1 0 0 0 -1 1 0 0 0 0 0 0 0 0 -1 0 0 0 0 0 0 0 0 0 0 0 0 0 0 1 0 0 0 0 0 0 0 0 0 0 0 0 0 0 0 0 0 0 
 --- 
rotation_16: (63, 2) (42, 1) (69, 3) (41, 17) (29, 38) 
rotProfileMen_16: 0 0 -1 0 -1 0 0 1 0 -1 0 0 0 0 0 -1 0 0 -1 1 0 0 0 0 0 0 0 0 1 1 0 0 0 0 0 0 0 0 0 0 0 0 0 0 1 0 0 0 0 0 0 0 0 0 0 0 0 0 0 0 0 0 0 0 0 0 0 0 0 0 0 0 0 0 0 0 0 0 0 0 
rotProfileWomen_16: 2 -1 0 0 0 -1 0 0 0 0 0 0 0 0 2 1 -1 0 -1 0 0 0 -1 0 0 0 0 0 0 0 0 0 0 0 0 0 0 0 0 0 0 0 0 0 0 0 0 0 0 0 0 0 0 0 0 0 0 0 0 0 0 0 0 0 0 0 0 0 0 0 0 0 0 0 0 0 0 0 0 0 
rotProfileCombined_16: 2 -1 -1 0 -1 -1 0 1 0 -1 0 0 0 0 2 0 -1 0 -2 1 0 0 -1 0 0 0 0 0 1 1 0 0 0 0 0 0 0 0 0 0 0 0 0 0 1 0 0 0 0 0 0 0 0 0 0 0 0 0 0 0 0 0 0 0 0 0 0 0 0 0 0 0 0 0 0 0 0 0 0 0 
 --- 
rotation_17: (1, 74) (75, 52) (29, 2) 
rotProfileMen_17: 0 -1 0 0 -1 0 1 0 0 0 0 1 0 0 0 0 0 0 0 0 0 0 0 0 0 0 0 0 -1 0 0 0 0 0 0 0 0 0 0 0 1 0 0 0 0 0 0 0 0 0 0 0 0 0 0 0 0 0 0 0 0 0 0 0 0 0 0 0 0 0 0 0 0 0 0 0 0 0 0 0 
rotProfileWomen_17: 0 1 -1 1 0 1 0 0 0 -1 0 0 0 0 0 -1 0 0 0 0 0 0 0 0 0 0 0 0 0 0 0 0 0 0 0 0 0 0 0 0 0 0 0 0 0 0 0 0 0 0 0 0 0 0 0 0 0 0 0 0 0 0 0 0 0 0 0 0 0 0 0 0 0 0 0 0 0 0 0 0 
rotProfileCombined_17: 0 0 -1 1 -1 1 1 0 0 -1 0 1 0 0 0 -1 0 0 0 0 0 0 0 0 0 0 0 0 -1 0 0 0 0 0 0 0 0 0 0 0 1 0 0 0 0 0 0 0 0 0 0 0 0 0 0 0 0 0 0 0 0 0 0 0 0 0 0 0 0 0 0 0 0 0 0 0 0 0 0 0 
 --- 
rotation_18: (4, 13) (41, 38) (45, 25) 
rotProfileMen_18: 0 0 0 0 0 -1 0 1 0 0 0 0 0 0 0 0 0 0 0 0 0 0 0 0 0 -1 0 0 0 0 0 0 0 1 0 0 0 0 0 0 0 0 0 0 -1 0 1 0 0 0 0 0 0 0 0 0 0 0 0 0 0 0 0 0 0 0 0 0 0 0 0 0 0 0 0 0 0 0 0 0 
rotProfileWomen_18: 1 0 0 0 0 0 0 0 0 0 0 1 0 0 -1 0 0 0 0 0 0 0 0 0 0 0 0 0 0 0 0 0 0 0 0 0 0 0 0 0 0 0 0 -1 0 0 0 0 0 0 0 0 0 0 0 0 0 0 0 0 0 0 0 0 0 0 0 0 0 0 0 0 0 0 0 0 0 0 0 0 
rotProfileCombined_18: 1 0 0 0 0 -1 0 1 0 0 0 1 0 0 -1 0 0 0 0 0 0 0 0 0 0 -1 0 0 0 0 0 0 0 1 0 0 0 0 0 0 0 0 0 -1 -1 0 1 0 0 0 0 0 0 0 0 0 0 0 0 0 0 0 0 0 0 0 0 0 0 0 0 0 0 0 0 0 0 0 0 0 
 --- 
rotation_19: (9, 8) (60, 41) (26, 28) (63, 1) (55, 32) (68, 77) (24, 11) (45, 13) (23, 4) (35, 39) (56, 12) (64, 68) 
rotProfileMen_19: 0 0 0 -1 -2 -1 0 -1 -1 2 1 0 0 0 -1 0 0 0 1 1 0 0 0 0 1 -1 0 0 0 -1 -1 0 0 -1 0 0 1 0 0 0 0 0 0 0 0 0 0 0 1 0 0 0 0 0 0 0 0 0 0 0 0 0 0 2 0 0 1 0 0 0 0 0 0 0 0 0 0 0 0 0 
rotProfileWomen_19: 0 3 1 2 -1 2 -1 1 -1 0 0 0 0 0 -1 -1 -1 0 -1 0 -1 0 -1 0 0 0 0 0 0 0 0 0 0 0 0 0 0 0 0 0 0 0 0 0 0 0 0 0 0 0 0 0 0 0 0 0 0 0 0 0 0 0 0 0 0 0 0 0 0 0 0 0 0 0 0 0 0 0 0 0 
rotProfileCombined_19: 0 3 1 1 -3 1 -1 0 -2 2 1 0 0 0 -2 -1 -1 0 0 1 -1 0 -1 0 1 -1 0 0 0 -1 -1 0 0 -1 0 0 1 0 0 0 0 0 0 0 0 0 0 0 1 0 0 0 0 0 0 0 0 0 0 0 0 0 0 2 0 0 1 0 0 0 0 0 0 0 0 0 0 0 0 0 
 --- 
rotation_20: (16, 24) (60, 28) (80, 58) (18, 55) (21, 48) 
rotProfileMen_20: 0 -1 0 0 0 -1 -1 0 0 0 0 0 0 1 -1 0 0 0 0 0 0 0 0 0 -1 0 1 0 0 0 0 0 0 0 0 0 0 0 0 0 0 0 0 0 0 0 0 0 0 0 0 0 0 0 0 0 0 0 0 0 0 0 0 0 0 1 0 0 0 1 1 0 0 0 0 0 0 0 0 0 
rotProfileWomen_20: 1 2 0 0 0 -1 -1 0 -1 0 0 0 0 0 0 0 0 0 0 0 0 0 1 0 -1 0 0 0 0 0 0 0 0 0 0 0 0 0 0 0 0 0 0 0 0 0 0 0 0 0 0 0 0 0 0 0 0 0 0 0 0 0 0 0 0 0 0 0 0 0 0 0 0 0 0 0 0 0 0 0 
rotProfileCombined_20: 1 1 0 0 0 -2 -2 0 -1 0 0 0 0 1 -1 0 0 0 0 0 0 0 1 0 -2 0 1 0 0 0 0 0 0 0 0 0 0 0 0 0 0 0 0 0 0 0 0 0 0 0 0 0 0 0 0 0 0 0 0 0 0 0 0 0 0 1 0 0 0 1 1 0 0 0 0 0 0 0 0 0 
 --- 


// Stable matchings
// found using rotations not digraph

optimal_stable_matchings: 
rank-maximal_index: 22
generous_index: 14
sex_equal_index: 15
egalitarian_index: 14
generalisedMedian_index: 10

stable_matching_list:
74 36 53 13 19 45 15 32 43 80 50 44 35 78 14 17 57 21 9 54 28 66 4 56 31 39 52 47 40 23 71 27 42 3 6 10 20 61 25 65 75 1 18 37 38 46 70 5 2 34 24 76 72 79 26 63 58 51 30 16 68 22 62 7 69 33 73 64 59 60 29 48 67 11 12 41 8 55 49 77 
74 36 16 13 19 45 15 32 43 80 50 44 35 78 14 17 57 21 9 54 28 66 4 56 31 39 52 47 40 23 71 27 42 3 6 10 20 61 25 65 75 1 18 37 38 46 70 5 2 34 24 76 72 79 26 63 58 51 30 41 68 22 62 7 69 33 48 64 59 60 29 53 67 11 12 73 8 55 49 77 
74 36 16 13 19 45 15 32 43 80 50 44 35 3 14 17 57 21 9 54 28 66 4 56 31 39 52 47 40 23 71 27 42 61 6 10 20 78 25 65 75 1 18 37 38 46 70 5 2 34 24 76 72 79 26 63 58 51 30 41 68 22 62 7 69 33 48 64 59 60 29 53 67 11 12 73 8 55 49 77 
74 36 16 13 19 45 15 32 43 80 50 44 68 3 14 17 57 21 9 54 28 66 4 11 31 39 52 47 40 23 71 27 42 61 56 10 20 78 25 65 75 1 18 37 38 46 70 5 2 34 24 76 72 79 26 63 58 51 30 41 6 22 62 7 69 33 48 64 59 60 29 53 67 35 12 73 8 55 49 77 
74 36 16 13 19 45 3 32 43 80 50 44 35 12 14 17 57 21 9 54 48 66 4 56 31 39 73 47 40 23 71 27 42 61 6 15 20 78 25 65 75 1 18 37 38 46 70 5 2 34 24 76 72 79 26 63 58 51 30 41 68 22 62 7 69 33 10 64 59 60 29 53 67 11 52 28 8 55 49 77 
74 36 16 13 19 45 3 32 43 80 50 44 68 12 14 17 57 21 9 54 48 66 4 11 31 39 73 47 40 23 71 27 42 61 56 15 20 78 25 65 75 1 18 37 38 46 70 5 2 34 24 76 72 79 26 63 58 51 30 41 6 22 62 7 69 33 10 64 59 60 29 53 67 35 52 28 8 55 49 77 
74 36 16 13 19 45 78 32 43 80 50 44 68 72 14 17 57 21 9 54 48 66 4 11 31 39 73 47 40 23 71 27 42 61 56 15 20 30 25 65 75 1 18 37 12 46 70 5 2 34 24 76 10 79 26 63 58 51 35 41 6 22 62 7 69 33 59 64 3 60 29 53 67 38 52 28 8 55 49 77 
74 36 16 13 19 45 78 32 43 80 50 44 68 72 14 17 57 21 9 54 48 66 4 11 31 39 73 47 40 23 71 27 42 61 56 15 20 30 25 65 75 1 18 37 12 46 70 5 63 34 24 76 10 79 26 2 58 51 35 41 6 22 62 7 69 33 59 64 3 60 29 53 67 38 52 28 8 55 49 77 
74 36 16 13 19 45 78 32 43 80 50 44 68 72 14 17 57 21 9 26 48 66 4 11 31 39 73 47 40 23 71 27 42 61 56 15 20 30 25 65 75 1 18 37 12 46 70 5 63 34 24 54 10 79 2 76 58 51 35 41 6 22 62 7 69 33 59 64 3 60 29 53 67 38 52 28 8 55 49 77 
74 36 16 13 19 45 30 32 43 80 50 44 68 72 14 17 57 21 9 26 48 66 4 11 31 39 12 47 40 23 71 27 42 61 56 15 20 75 25 65 73 1 18 37 78 46 70 5 63 34 24 54 10 79 2 76 58 51 35 41 6 22 62 7 69 33 59 64 3 60 29 53 67 38 52 28 8 55 49 77 
74 36 16 13 19 45 30 32 43 80 50 44 68 72 14 17 57 21 9 31 48 66 4 11 62 39 12 47 40 23 71 27 42 61 26 15 20 75 25 65 73 1 18 37 78 46 56 5 63 34 24 54 10 79 2 76 58 51 35 41 6 22 70 7 69 33 59 64 3 60 29 53 67 38 52 28 8 55 49 77 
74 36 16 13 19 45 30 32 43 80 50 44 68 72 14 17 57 21 9 31 48 66 4 11 62 39 12 47 40 23 71 27 42 61 26 15 20 75 25 65 73 1 18 37 78 46 56 5 63 34 24 54 10 79 70 76 58 51 35 41 6 22 2 7 69 33 59 64 3 60 29 53 67 38 52 28 8 55 49 77 
74 36 16 13 19 45 30 32 43 80 50 44 68 72 14 17 57 21 9 31 48 66 4 11 62 39 12 47 40 23 71 27 42 61 5 15 20 75 25 65 73 1 18 37 78 46 56 26 63 34 24 54 10 79 70 76 58 51 35 41 6 22 2 7 69 33 59 64 3 60 29 53 67 38 52 28 8 55 49 77 
74 36 16 13 19 45 30 32 43 80 50 44 68 51 14 17 57 21 9 31 48 66 4 11 62 39 12 47 40 23 71 27 42 61 25 15 20 5 72 65 55 1 73 37 78 46 56 26 63 34 24 54 10 79 70 76 58 60 35 41 6 22 2 7 69 33 59 64 3 18 29 53 67 38 52 28 8 75 49 77 
74 36 16 13 19 45 30 78 43 80 50 44 68 51 14 24 57 21 9 31 48 66 4 11 62 28 69 47 40 77 71 27 42 17 39 15 20 5 72 65 55 1 73 37 25 46 56 26 63 34 12 54 10 79 70 76 58 60 35 41 6 22 2 7 23 33 59 64 3 18 29 53 67 61 52 38 8 75 49 32 
74 36 16 13 19 45 30 78 43 49 50 44 68 51 14 24 57 21 9 31 48 66 4 11 62 28 71 47 40 77 23 27 69 17 39 15 20 5 72 65 55 1 73 37 25 46 56 26 63 34 10 54 59 79 32 12 58 60 35 41 6 22 2 7 80 33 42 64 3 18 29 53 67 61 52 38 8 75 70 76 
74 36 16 13 19 45 30 78 8 49 50 44 64 51 14 24 57 21 9 31 48 66 4 11 62 28 71 47 40 17 23 27 69 43 39 15 20 5 72 65 55 1 73 37 25 46 56 26 63 34 10 54 59 79 32 12 7 60 35 41 6 22 2 68 80 33 42 77 3 18 29 53 67 61 52 38 76 75 70 58 
74 36 16 13 79 45 30 40 8 49 50 44 64 51 14 24 57 55 78 31 48 66 4 11 19 28 71 47 38 62 23 9 69 43 39 15 20 5 72 65 17 1 27 37 25 46 56 26 63 34 10 54 59 73 32 12 7 60 35 41 6 22 2 68 80 33 42 77 3 18 29 53 67 61 52 21 76 75 70 58 
74 36 16 13 79 45 30 40 8 49 50 44 64 51 14 24 57 55 78 31 48 66 4 11 19 28 71 47 2 62 23 9 69 43 39 15 20 5 72 65 38 3 27 37 25 46 56 26 63 34 10 54 59 73 32 12 7 60 35 41 6 22 1 68 80 33 42 77 17 18 29 53 67 61 52 21 76 75 70 58 
52 36 16 13 79 45 30 40 8 49 50 44 64 51 14 24 57 55 78 31 48 66 4 11 19 28 71 47 74 62 23 9 69 43 39 15 20 5 72 65 38 3 27 37 25 46 56 26 63 34 10 54 59 73 32 12 7 60 35 41 6 22 1 68 80 33 42 77 17 18 29 53 67 61 2 21 76 75 70 58 
52 36 16 38 79 45 30 40 8 49 50 44 64 51 14 24 57 55 78 31 48 66 4 11 19 28 71 47 74 62 23 9 69 43 39 15 20 5 72 65 25 3 27 37 13 46 56 26 63 34 10 54 59 73 32 12 7 60 35 41 6 22 1 68 80 33 42 77 17 18 29 53 67 61 2 21 76 75 70 58 
52 36 16 38 79 45 30 40 41 49 50 44 64 51 14 24 57 55 78 31 48 66 39 13 19 1 71 47 74 62 23 9 69 43 12 15 20 5 72 65 25 3 27 37 4 46 56 26 63 34 10 54 59 73 77 68 7 60 35 28 6 22 32 8 80 33 42 11 17 18 29 53 67 61 2 21 76 75 70 58 
52 36 16 38 79 45 30 40 41 49 50 44 64 51 14 28 57 48 78 31 24 66 39 13 19 1 71 47 74 62 23 9 69 43 12 15 20 5 72 65 25 3 27 37 4 46 56 26 63 34 10 54 59 73 77 68 7 60 35 58 6 22 32 8 80 33 42 11 17 18 29 53 67 61 2 21 76 75 70 55 
74 36 16 38 79 45 30 40 8 49 50 44 64 51 14 24 57 55 78 31 48 66 4 11 19 28 71 47 2 62 23 9 69 43 39 15 20 5 72 65 25 3 27 37 13 46 56 26 63 34 10 54 59 73 32 12 7 60 35 41 6 22 1 68 80 33 42 77 17 18 29 53 67 61 52 21 76 75 70 58 
74 36 16 13 19 45 30 32 43 80 50 44 68 72 14 17 57 21 9 31 48 66 4 11 62 39 12 47 40 23 71 27 42 61 5 15 20 75 25 65 73 1 18 37 78 46 56 26 63 34 24 54 10 79 2 76 58 51 35 41 6 22 70 7 69 33 59 64 3 60 29 53 67 38 52 28 8 55 49 77 
74 36 16 13 19 45 30 32 43 80 50 44 68 51 14 17 57 21 9 31 48 66 4 11 62 39 12 47 40 23 71 27 42 61 25 15 20 5 72 65 55 1 73 37 78 46 56 26 63 34 24 54 10 79 2 76 58 60 35 41 6 22 70 7 69 33 59 64 3 18 29 53 67 38 52 28 8 75 49 77 
74 36 16 13 19 45 15 32 43 80 50 44 68 78 14 17 57 21 9 54 28 66 4 11 31 39 52 47 40 23 71 27 42 3 56 10 20 61 25 65 75 1 18 37 38 46 70 5 2 34 24 76 72 79 26 63 58 51 30 41 6 22 62 7 69 33 48 64 59 60 29 53 67 35 12 73 8 55 49 77 
74 36 53 13 19 45 15 32 43 80 50 44 35 3 14 17 57 21 9 54 28 66 4 56 31 39 52 47 40 23 71 27 42 61 6 10 20 78 25 65 75 1 18 37 38 46 70 5 2 34 24 76 72 79 26 63 58 51 30 16 68 22 62 7 69 33 73 64 59 60 29 48 67 11 12 41 8 55 49 77 


matching_0: 74 36 53 13 19 45 15 32 43 80 50 44 35 78 14 17 57 21 9 54 28 66 4 56 31 39 52 47 40 23 71 27 42 3 6 10 20 61 25 65 75 1 18 37 38 46 70 5 2 34 24 76 72 79 26 63 58 51 30 16 68 22 62 7 69 33 73 64 59 60 29 48 67 11 12 41 8 55 49 77 
profileMen_0: 24 17 10 4 11 2 5 3 0 3 0 0 0 1 0 0 0 0 0 0 0 0 0 0 0 0 0 0 0 0 0 0 0 0 0 0 0 0 0 0 0 0 0 0 0 0 0 0 0 0 0 0 0 0 0 0 0 0 0 0 0 0 0 0 0 0 0 0 0 0 0 0 0 0 0 0 0 0 0 0 
profileWomen_0: 5 3 1 7 3 1 2 2 2 4 2 2 1 5 3 4 2 2 3 2 1 1 1 0 0 0 0 2 0 0 2 2 0 0 0 0 0 0 0 0 0 0 1 1 1 0 1 0 2 0 0 0 1 0 0 0 0 0 0 1 0 0 0 0 1 2 0 0 0 0 1 1 1 0 0 0 0 1 0 0 
profileCombined_0: 29 20 11 11 14 3 7 5 2 7 2 2 1 6 3 4 2 2 3 2 1 1 1 0 0 0 0 2 0 0 2 2 0 0 0 0 0 0 0 0 0 0 1 1 1 0 1 0 2 0 0 0 1 0 0 0 0 0 0 1 0 0 0 0 1 2 0 0 0 0 1 1 1 0 0 0 0 1 0 0 
costMen_0: 274
costWomen_0: 1685
costCombined_0: 1959
sexEquality_0: 1411

 --- 
matching_1: 74 36 16 13 19 45 15 32 43 80 50 44 35 78 14 17 57 21 9 54 28 66 4 56 31 39 52 47 40 23 71 27 42 3 6 10 20 61 25 65 75 1 18 37 38 46 70 5 2 34 24 76 72 79 26 63 58 51 30 41 68 22 62 7 69 33 48 64 59 60 29 53 67 11 12 73 8 55 49 77 
profileMen_1: 22 17 10 3 12 2 5 4 1 3 0 0 0 1 0 0 0 0 0 0 0 0 0 0 0 0 0 0 0 0 0 0 0 0 0 0 0 0 0 0 0 0 0 0 0 0 0 0 0 0 0 0 0 0 0 0 0 0 0 0 0 0 0 0 0 0 0 0 0 0 0 0 0 0 0 0 0 0 0 0 
profileWomen_1: 6 3 2 6 3 1 2 2 2 4 2 2 1 5 3 5 3 1 3 2 1 1 1 0 0 0 0 2 0 0 1 1 0 0 0 0 0 1 0 0 0 0 1 1 0 0 1 0 2 0 0 0 1 0 0 0 0 0 0 1 0 0 0 0 1 2 0 0 0 0 1 1 1 0 0 0 0 1 0 0 
profileCombined_1: 28 20 12 9 15 3 7 6 3 7 2 2 1 6 3 5 3 1 3 2 1 1 1 0 0 0 0 2 0 0 1 1 0 0 0 0 0 1 0 0 0 0 1 1 0 0 1 0 2 0 0 0 1 0 0 0 0 0 0 1 0 0 0 0 1 2 0 0 0 0 1 1 1 0 0 0 0 1 0 0 
costMen_1: 290
costWomen_1: 1630
costCombined_1: 1920
sexEquality_1: 1340

 --- 
matching_2: 74 36 16 13 19 45 15 32 43 80 50 44 35 3 14 17 57 21 9 54 28 66 4 56 31 39 52 47 40 23 71 27 42 61 6 10 20 78 25 65 75 1 18 37 38 46 70 5 2 34 24 76 72 79 26 63 58 51 30 41 68 22 62 7 69 33 48 64 59 60 29 53 67 11 12 73 8 55 49 77 
profileMen_2: 22 17 10 2 13 2 4 3 1 3 1 1 0 1 0 0 0 0 0 0 0 0 0 0 0 0 0 0 0 0 0 0 0 0 0 0 0 0 0 0 0 0 0 0 0 0 0 0 0 0 0 0 0 0 0 0 0 0 0 0 0 0 0 0 0 0 0 0 0 0 0 0 0 0 0 0 0 0 0 0 
profileWomen_2: 6 3 2 6 3 1 2 2 3 4 2 2 1 5 3 5 3 1 3 2 1 1 1 0 0 0 0 2 0 0 1 1 0 0 0 0 0 1 0 0 0 0 1 1 0 0 1 0 1 0 0 0 1 0 0 0 1 0 0 1 0 0 0 0 1 1 0 1 0 0 1 1 1 0 0 0 0 0 0 0 
profileCombined_2: 28 20 12 8 16 3 6 5 4 7 3 3 1 6 3 5 3 1 3 2 1 1 1 0 0 0 0 2 0 0 1 1 0 0 0 0 0 1 0 0 0 0 1 1 0 0 1 0 1 0 0 0 1 0 0 0 1 0 0 1 0 0 0 0 1 1 0 1 0 0 1 1 1 0 0 0 0 0 0 0 
costMen_2: 299
costWomen_2: 1571
costCombined_2: 1870
sexEquality_2: 1272

 --- 
matching_3: 74 36 16 13 19 45 15 32 43 80 50 44 68 3 14 17 57 21 9 54 28 66 4 11 31 39 52 47 40 23 71 27 42 61 56 10 20 78 25 65 75 1 18 37 38 46 70 5 2 34 24 76 72 79 26 63 58 51 30 41 6 22 62 7 69 33 48 64 59 60 29 53 67 35 12 73 8 55 49 77 
profileMen_3: 20 17 10 2 12 2 5 3 2 3 2 1 0 1 0 0 0 0 0 0 0 0 0 0 0 0 0 0 0 0 0 0 0 0 0 0 0 0 0 0 0 0 0 0 0 0 0 0 0 0 0 0 0 0 0 0 0 0 0 0 0 0 0 0 0 0 0 0 0 0 0 0 0 0 0 0 0 0 0 0 
profileWomen_3: 7 3 2 6 4 1 3 2 3 4 2 1 1 5 3 5 3 1 3 1 0 1 1 0 0 0 1 2 0 0 1 1 0 0 0 0 0 1 0 0 0 0 1 1 0 0 1 0 1 0 0 0 1 0 0 0 1 0 0 0 0 0 0 0 1 1 0 1 0 0 1 1 1 0 0 0 0 0 0 0 
profileCombined_3: 27 20 12 8 16 3 8 5 5 7 4 2 1 6 3 5 3 1 3 1 0 1 1 0 0 0 1 2 0 0 1 1 0 0 0 0 0 1 0 0 0 0 1 1 0 0 1 0 1 0 0 0 1 0 0 0 1 0 0 0 0 0 0 0 1 1 0 1 0 0 1 1 1 0 0 0 0 0 0 0 
costMen_3: 319
costWomen_3: 1498
costCombined_3: 1817
sexEquality_3: 1179

 --- 
matching_4: 74 36 16 13 19 45 3 32 43 80 50 44 35 12 14 17 57 21 9 54 48 66 4 56 31 39 73 47 40 23 71 27 42 61 6 15 20 78 25 65 75 1 18 37 38 46 70 5 2 34 24 76 72 79 26 63 58 51 30 41 68 22 62 7 69 33 10 64 59 60 29 53 67 11 52 28 8 55 49 77 
profileMen_4: 20 16 9 4 14 2 5 2 0 4 0 2 0 1 0 0 0 0 0 0 0 0 0 0 1 0 0 0 0 0 0 0 0 0 0 0 0 0 0 0 0 0 0 0 0 0 0 0 0 0 0 0 0 0 0 0 0 0 0 0 0 0 0 0 0 0 0 0 0 0 0 0 0 0 0 0 0 0 0 0 
profileWomen_4: 6 3 3 7 4 1 2 2 3 3 2 2 1 5 3 4 3 1 3 2 1 1 1 0 0 1 0 3 0 0 1 2 0 0 0 0 0 0 0 0 0 0 1 1 0 0 1 0 1 1 0 0 1 0 0 0 1 0 0 1 0 0 0 0 0 0 0 0 0 0 0 1 1 0 0 0 0 0 0 0 
profileCombined_4: 26 19 12 11 18 3 7 4 3 7 2 4 1 6 3 4 3 1 3 2 1 1 1 0 1 1 0 3 0 0 1 2 0 0 0 0 0 0 0 0 0 0 1 1 0 0 1 0 1 1 0 0 1 0 0 0 1 0 0 1 0 0 0 0 0 0 0 0 0 0 0 1 1 0 0 0 0 0 0 0 
costMen_4: 331
costWomen_4: 1385
costCombined_4: 1716
sexEquality_4: 1054

 --- 
matching_5: 74 36 16 13 19 45 3 32 43 80 50 44 68 12 14 17 57 21 9 54 48 66 4 11 31 39 73 47 40 23 71 27 42 61 56 15 20 78 25 65 75 1 18 37 38 46 70 5 2 34 24 76 72 79 26 63 58 51 30 41 6 22 62 7 69 33 10 64 59 60 29 53 67 35 52 28 8 55 49 77 
profileMen_5: 18 16 9 4 13 2 6 2 1 4 1 2 0 1 0 0 0 0 0 0 0 0 0 0 1 0 0 0 0 0 0 0 0 0 0 0 0 0 0 0 0 0 0 0 0 0 0 0 0 0 0 0 0 0 0 0 0 0 0 0 0 0 0 0 0 0 0 0 0 0 0 0 0 0 0 0 0 0 0 0 
profileWomen_5: 7 3 3 7 5 1 3 2 3 3 2 1 1 5 3 4 3 1 3 1 0 1 1 0 0 1 1 3 0 0 1 2 0 0 0 0 0 0 0 0 0 0 1 1 0 0 1 0 1 1 0 0 1 0 0 0 1 0 0 0 0 0 0 0 0 0 0 0 0 0 0 1 1 0 0 0 0 0 0 0 
profileCombined_5: 25 19 12 11 18 3 9 4 4 7 3 3 1 6 3 4 3 1 3 1 0 1 1 0 1 1 1 3 0 0 1 2 0 0 0 0 0 0 0 0 0 0 1 1 0 0 1 0 1 1 0 0 1 0 0 0 1 0 0 0 0 0 0 0 0 0 0 0 0 0 0 1 1 0 0 0 0 0 0 0 
costMen_5: 351
costWomen_5: 1312
costCombined_5: 1663
sexEquality_5: 961

 --- 
matching_6: 74 36 16 13 19 45 78 32 43 80 50 44 68 72 14 17 57 21 9 54 48 66 4 11 31 39 73 47 40 23 71 27 42 61 56 15 20 30 25 65 75 1 18 37 12 46 70 5 2 34 24 76 10 79 26 63 58 51 35 41 6 22 62 7 69 33 59 64 3 60 29 53 67 38 52 28 8 55 49 77 
profileMen_6: 17 13 11 3 12 3 6 2 1 3 2 1 2 1 1 0 0 1 0 0 0 0 0 0 1 0 0 0 0 0 0 0 0 0 0 0 0 0 0 0 0 0 0 0 0 0 0 0 0 0 0 0 0 0 0 0 0 0 0 0 0 0 0 0 0 0 0 0 0 0 0 0 0 0 0 0 0 0 0 0 
profileWomen_6: 8 4 3 8 5 2 2 2 4 2 2 1 1 6 3 4 3 0 3 1 0 1 1 0 0 0 0 2 1 0 1 2 0 0 0 0 0 0 0 0 0 0 1 1 0 0 1 0 1 1 0 0 1 0 1 0 0 0 0 0 0 0 0 0 0 0 0 0 0 0 0 0 1 0 0 0 0 0 0 0 
profileCombined_6: 25 17 14 11 17 5 8 4 5 5 4 2 3 7 4 4 3 1 3 1 0 1 1 0 1 0 0 2 1 0 1 2 0 0 0 0 0 0 0 0 0 0 1 1 0 0 1 0 1 1 0 0 1 0 1 0 0 0 0 0 0 0 0 0 0 0 0 0 0 0 0 0 1 0 0 0 0 0 0 0 
costMen_6: 395
costWomen_6: 1187
costCombined_6: 1582
sexEquality_6: 792

 --- 
matching_7: 74 36 16 13 19 45 78 32 43 80 50 44 68 72 14 17 57 21 9 54 48 66 4 11 31 39 73 47 40 23 71 27 42 61 56 15 20 30 25 65 75 1 18 37 12 46 70 5 63 34 24 76 10 79 26 2 58 51 35 41 6 22 62 7 69 33 59 64 3 60 29 53 67 38 52 28 8 55 49 77 
profileMen_7: 17 13 9 3 12 3 6 3 1 3 2 1 2 1 1 0 0 1 0 0 0 1 0 0 1 0 0 0 0 0 0 0 0 0 0 0 0 0 0 0 0 0 0 0 0 0 0 0 0 0 0 0 0 0 0 0 0 0 0 0 0 0 0 0 0 0 0 0 0 0 0 0 0 0 0 0 0 0 0 0 
profileWomen_7: 9 4 3 7 5 2 2 2 4 2 2 1 1 6 3 4 3 0 3 1 0 1 1 0 0 0 0 2 1 0 1 2 0 0 0 0 0 0 0 1 0 0 0 1 0 0 1 0 1 1 0 0 1 0 1 0 0 0 0 0 0 0 0 0 0 0 0 0 0 0 0 0 1 0 0 0 0 0 0 0 
profileCombined_7: 26 17 12 10 17 5 8 5 5 5 4 2 3 7 4 4 3 1 3 1 0 2 1 0 1 0 0 2 1 0 1 2 0 0 0 0 0 0 0 1 0 0 0 1 0 0 1 0 1 1 0 0 1 0 1 0 0 0 0 0 0 0 0 0 0 0 0 0 0 0 0 0 1 0 0 0 0 0 0 0 
costMen_7: 419
costWomen_7: 1181
costCombined_7: 1600
sexEquality_7: 762

 --- 
matching_8: 74 36 16 13 19 45 78 32 43 80 50 44 68 72 14 17 57 21 9 26 48 66 4 11 31 39 73 47 40 23 71 27 42 61 56 15 20 30 25 65 75 1 18 37 12 46 70 5 63 34 24 54 10 79 2 76 58 51 35 41 6 22 62 7 69 33 59 64 3 60 29 53 67 38 52 28 8 55 49 77 
profileMen_8: 16 13 8 4 13 3 6 3 1 2 2 1 2 1 1 0 0 1 0 0 0 0 1 0 1 0 0 0 0 1 0 0 0 0 0 0 0 0 0 0 0 0 0 0 0 0 0 0 0 0 0 0 0 0 0 0 0 0 0 0 0 0 0 0 0 0 0 0 0 0 0 0 0 0 0 0 0 0 0 0 
profileWomen_8: 10 4 3 7 5 2 2 2 4 2 2 1 1 6 3 4 3 0 4 1 0 1 1 0 0 0 0 1 1 1 1 2 0 0 0 0 0 0 0 0 0 0 0 1 0 0 1 0 2 1 0 0 0 0 1 0 0 0 0 0 0 0 0 0 0 0 0 0 0 0 0 0 0 0 0 0 0 0 0 0 
profileCombined_8: 26 17 11 11 18 5 8 5 5 4 4 2 3 7 4 4 3 1 4 1 0 1 2 0 1 0 0 1 1 2 1 2 0 0 0 0 0 0 0 0 0 0 0 1 0 0 1 0 2 1 0 0 0 0 1 0 0 0 0 0 0 0 0 0 0 0 0 0 0 0 0 0 0 0 0 0 0 0 0 0 
costMen_8: 445
costWomen_8: 1086
costCombined_8: 1531
sexEquality_8: 641

 --- 
matching_9: 74 36 16 13 19 45 30 32 43 80 50 44 68 72 14 17 57 21 9 26 48 66 4 11 31 39 12 47 40 23 71 27 42 61 56 15 20 75 25 65 73 1 18 37 78 46 70 5 63 34 24 54 10 79 2 76 58 51 35 41 6 22 62 7 69 33 59 64 3 60 29 53 67 38 52 28 8 55 49 77 
profileMen_9: 16 13 8 4 12 2 6 3 2 2 2 1 2 2 0 0 0 1 0 0 0 0 1 0 2 0 0 0 0 1 0 0 0 0 0 0 0 0 0 0 0 0 0 0 0 0 0 0 0 0 0 0 0 0 0 0 0 0 0 0 0 0 0 0 0 0 0 0 0 0 0 0 0 0 0 0 0 0 0 0 
profileWomen_9: 10 5 3 7 5 2 2 3 5 2 2 1 1 4 3 4 2 0 4 1 0 1 1 0 0 1 0 1 0 1 1 2 0 0 0 0 0 0 0 1 0 0 0 1 0 0 1 0 2 0 0 0 0 0 1 0 0 0 0 0 0 0 0 0 0 0 0 0 0 0 0 0 0 0 0 0 0 0 0 0 
profileCombined_9: 26 18 11 11 17 4 8 6 7 4 4 2 3 6 3 4 2 1 4 1 0 1 2 0 2 1 0 1 0 2 1 2 0 0 0 0 0 0 0 1 0 0 0 1 0 0 1 0 2 0 0 0 0 0 1 0 0 0 0 0 0 0 0 0 0 0 0 0 0 0 0 0 0 0 0 0 0 0 0 0 
costMen_9: 467
costWomen_9: 1047
costCombined_9: 1514
sexEquality_9: 580

 --- 
matching_10: 74 36 16 13 19 45 30 32 43 80 50 44 68 72 14 17 57 21 9 31 48 66 4 11 62 39 12 47 40 23 71 27 42 61 26 15 20 75 25 65 73 1 18 37 78 46 56 5 63 34 24 54 10 79 2 76 58 51 35 41 6 22 70 7 69 33 59 64 3 60 29 53 67 38 52 28 8 55 49 77 
profileMen_10: 15 12 8 5 13 2 5 3 2 1 3 2 2 2 0 0 0 1 0 0 0 0 1 0 2 0 0 0 0 0 1 0 0 0 0 0 0 0 0 0 0 0 0 0 0 0 0 0 0 0 0 0 0 0 0 0 0 0 0 0 0 0 0 0 0 0 0 0 0 0 0 0 0 0 0 0 0 0 0 0 
profileWomen_10: 11 6 3 6 5 2 1 4 4 2 2 1 1 4 3 5 2 0 4 1 1 1 1 0 0 1 0 1 0 1 1 2 0 0 0 0 0 0 0 1 0 0 0 1 0 0 0 0 1 0 0 0 0 0 1 0 0 0 0 0 0 0 0 0 0 0 0 0 0 0 0 0 0 0 0 0 0 0 0 0 
profileCombined_10: 26 18 11 11 18 4 6 7 6 3 5 3 3 6 3 5 2 1 4 1 1 1 2 0 2 1 0 1 0 1 2 2 0 0 0 0 0 0 0 1 0 0 0 1 0 0 0 0 1 0 0 0 0 0 1 0 0 0 0 0 0 0 0 0 0 0 0 0 0 0 0 0 0 0 0 0 0 0 0 0 
costMen_10: 480
costWomen_10: 979
costCombined_10: 1459
sexEquality_10: 499

 --- 
matching_11: 74 36 16 13 19 45 30 32 43 80 50 44 68 72 14 17 57 21 9 31 48 66 4 11 62 39 12 47 40 23 71 27 42 61 26 15 20 75 25 65 73 1 18 37 78 46 56 5 63 34 24 54 10 79 70 76 58 51 35 41 6 22 2 7 69 33 59 64 3 60 29 53 67 38 52 28 8 55 49 77 
profileMen_11: 15 12 8 5 12 2 5 3 2 1 2 2 2 3 0 1 0 1 0 0 0 0 1 0 2 0 0 0 0 0 1 0 0 0 0 0 0 0 0 0 0 0 0 0 0 0 0 0 0 0 0 0 0 0 0 0 0 0 0 0 0 0 0 0 0 0 0 0 0 0 0 0 0 0 0 0 0 0 0 0 
profileWomen_11: 11 6 3 6 5 2 2 3 4 2 2 1 1 4 3 5 2 0 5 1 1 1 1 0 0 1 0 1 0 0 1 2 0 0 0 0 0 0 0 1 0 0 0 1 0 0 0 0 1 0 0 0 0 0 1 0 0 0 0 0 0 0 0 0 0 0 0 0 0 0 0 0 0 0 0 0 0 0 0 0 
profileCombined_11: 26 18 11 11 17 4 7 6 6 3 4 3 3 7 3 6 2 1 5 1 1 1 2 0 2 1 0 1 0 0 2 2 0 0 0 0 0 0 0 1 0 0 0 1 0 0 0 0 1 0 0 0 0 0 1 0 0 0 0 0 0 0 0 0 0 0 0 0 0 0 0 0 0 0 0 0 0 0 0 0 
costMen_11: 494
costWomen_11: 967
costCombined_11: 1461
sexEquality_11: 473

 --- 
matching_12: 74 36 16 13 19 45 30 32 43 80 50 44 68 72 14 17 57 21 9 31 48 66 4 11 62 39 12 47 40 23 71 27 42 61 5 15 20 75 25 65 73 1 18 37 78 46 56 26 63 34 24 54 10 79 70 76 58 51 35 41 6 22 2 7 69 33 59 64 3 60 29 53 67 38 52 28 8 55 49 77 
profileMen_12: 15 11 8 5 12 2 5 3 3 1 2 1 2 4 0 1 0 1 0 0 0 0 1 0 2 0 0 0 0 0 1 0 0 0 0 0 0 0 0 0 0 0 0 0 0 0 0 0 0 0 0 0 0 0 0 0 0 0 0 0 0 0 0 0 0 0 0 0 0 0 0 0 0 0 0 0 0 0 0 0 
profileWomen_12: 11 6 3 7 5 2 2 3 4 2 2 1 1 4 3 5 2 0 5 2 0 0 1 0 0 1 0 1 0 0 1 2 0 0 0 0 0 0 0 1 0 0 0 1 0 0 0 0 1 0 0 0 0 0 1 0 0 0 0 0 0 0 0 0 0 0 0 0 0 0 0 0 0 0 0 0 0 0 0 0 
profileCombined_12: 26 17 11 12 17 4 7 6 7 3 4 2 3 8 3 6 2 1 5 2 0 0 2 0 2 1 0 1 0 0 2 2 0 0 0 0 0 0 0 1 0 0 0 1 0 0 0 0 1 0 0 0 0 0 1 0 0 0 0 0 0 0 0 0 0 0 0 0 0 0 0 0 0 0 0 0 0 0 0 0 
costMen_12: 503
costWomen_12: 948
costCombined_12: 1451
sexEquality_12: 445

 --- 
matching_13: 74 36 16 13 19 45 30 32 43 80 50 44 68 51 14 17 57 21 9 31 48 66 4 11 62 39 12 47 40 23 71 27 42 61 25 15 20 5 72 65 55 1 73 37 78 46 56 26 63 34 24 54 10 79 70 76 58 60 35 41 6 22 2 7 69 33 59 64 3 18 29 53 67 38 52 28 8 75 49 77 
profileMen_13: 15 11 6 6 10 3 5 3 3 1 3 2 2 3 0 1 0 0 0 0 1 0 1 0 1 0 1 0 0 1 1 0 0 0 0 0 0 0 0 0 0 0 0 0 0 0 0 0 0 0 0 0 0 0 0 0 0 0 0 0 0 0 0 0 0 0 0 0 0 0 0 0 0 0 0 0 0 0 0 0 
profileWomen_13: 13 8 5 7 5 2 2 3 2 1 2 0 1 4 3 5 2 1 5 1 0 0 1 0 0 1 0 1 0 0 1 1 0 0 0 0 0 0 0 1 0 0 0 1 0 0 0 0 0 0 0 0 0 0 1 0 0 0 0 0 0 0 0 0 0 0 0 0 0 0 0 0 0 0 0 0 0 0 0 0 
profileCombined_13: 28 19 11 13 15 5 7 6 5 2 5 2 3 7 3 6 2 1 5 1 1 0 2 0 1 1 1 1 0 1 2 1 0 0 0 0 0 0 0 1 0 0 0 1 0 0 0 0 0 0 0 0 0 0 1 0 0 0 0 0 0 0 0 0 0 0 0 0 0 0 0 0 0 0 0 0 0 0 0 0 
costMen_13: 541
costWomen_13: 837
costCombined_13: 1378
sexEquality_13: 296

 --- 
matching_14: 74 36 16 13 19 45 30 78 43 80 50 44 68 51 14 24 57 21 9 31 48 66 4 11 62 28 69 47 40 77 71 27 42 17 39 15 20 5 72 65 55 1 73 37 25 46 56 26 63 34 12 54 10 79 70 76 58 60 35 41 6 22 2 7 23 33 59 64 3 18 29 53 67 61 52 38 8 75 49 32 
profileMen_14: 13 9 7 7 8 6 5 3 3 1 2 1 2 3 1 1 1 0 0 0 1 0 1 0 0 1 0 0 0 1 1 0 1 0 0 0 0 0 0 0 0 0 0 0 0 0 1 0 0 0 0 0 0 0 0 0 0 0 0 0 0 0 0 0 0 0 0 0 0 0 0 0 0 0 0 0 0 0 0 0 
profileWomen_14: 13 9 5 7 6 3 3 3 1 1 3 1 1 4 1 3 4 1 4 1 0 0 2 0 1 0 0 0 0 0 1 0 0 0 0 0 1 0 0 0 0 0 0 1 0 0 0 0 0 0 0 0 0 0 0 0 0 0 0 0 0 0 0 0 0 0 0 0 0 0 0 0 0 0 0 0 0 0 0 0 
profileCombined_14: 26 18 12 14 14 9 8 6 4 2 5 2 3 7 2 4 5 1 4 1 1 0 3 0 1 1 0 0 0 1 2 0 1 0 0 0 1 0 0 0 0 0 0 1 0 0 1 0 0 0 0 0 0 0 0 0 0 0 0 0 0 0 0 0 0 0 0 0 0 0 0 0 0 0 0 0 0 0 0 0 
costMen_14: 613
costWomen_14: 728
costCombined_14: 1341
sexEquality_14: 115

 --- 
matching_15: 74 36 16 13 19 45 30 78 43 49 50 44 68 51 14 24 57 21 9 31 48 66 4 11 62 28 71 47 40 77 23 27 69 17 39 15 20 5 72 65 55 1 73 37 25 46 56 26 63 34 10 54 59 79 32 12 58 60 35 41 6 22 2 7 80 33 42 64 3 18 29 53 67 61 52 38 8 75 70 76 
profileMen_15: 10 9 6 6 9 5 5 3 5 1 2 2 1 1 2 1 1 0 0 1 1 1 0 0 0 2 0 1 1 1 1 0 1 0 0 0 0 0 0 0 0 0 0 0 0 0 1 0 0 0 0 0 0 0 0 0 0 0 0 0 0 0 0 0 0 0 0 0 0 0 0 0 0 0 0 0 0 0 0 0 
profileWomen_15: 18 10 5 6 6 2 3 3 1 1 1 1 1 4 1 4 3 1 2 1 1 0 1 0 1 0 0 0 0 0 1 0 0 0 0 0 1 0 0 0 0 0 0 1 0 0 0 0 0 0 0 0 0 0 0 0 0 0 0 0 0 0 0 0 0 0 0 0 0 0 0 0 0 0 0 0 0 0 0 0 
profileCombined_15: 28 19 11 12 15 7 8 6 6 2 3 3 2 5 3 5 4 1 2 2 2 1 1 0 1 2 0 1 1 1 2 0 1 0 0 0 1 0 0 0 0 0 0 1 0 0 1 0 0 0 0 0 0 0 0 0 0 0 0 0 0 0 0 0 0 0 0 0 0 0 0 0 0 0 0 0 0 0 0 0 
costMen_15: 708
costWomen_15: 662
costCombined_15: 1370
sexEquality_15: 46

 --- 
matching_16: 74 36 16 13 19 45 30 78 8 49 50 44 64 51 14 24 57 21 9 31 48 66 4 11 62 28 71 47 40 17 23 27 69 43 39 15 20 5 72 65 55 1 73 37 25 46 56 26 63 34 10 54 59 79 32 12 7 60 35 41 6 22 2 68 80 33 42 77 3 18 29 53 67 61 52 38 76 75 70 58 
profileMen_16: 10 8 4 6 7 5 6 3 5 1 2 2 2 1 2 1 0 0 0 2 1 1 0 1 0 2 0 1 1 1 2 0 1 0 0 0 0 0 0 0 0 0 0 0 0 0 1 0 0 0 0 0 0 0 0 0 0 0 0 0 0 1 0 0 0 0 0 0 0 0 0 0 0 0 0 0 0 0 0 0 
profileWomen_16: 18 11 6 6 6 3 4 2 2 2 1 0 0 3 1 3 2 2 2 1 1 0 1 0 1 0 0 0 0 0 0 0 0 0 0 0 1 0 0 0 0 0 0 1 0 0 0 0 0 0 0 0 0 0 0 0 0 0 0 0 0 0 0 0 0 0 0 0 0 0 0 0 0 0 0 0 0 0 0 0 
profileCombined_16: 28 19 10 12 13 8 10 5 7 3 3 2 2 4 3 4 2 2 2 3 2 1 1 1 1 2 0 1 1 1 2 0 1 0 0 0 1 0 0 0 0 0 0 1 0 0 1 0 0 0 0 0 0 0 0 0 0 0 0 0 0 1 0 0 0 0 0 0 0 0 0 0 0 0 0 0 0 0 0 0 
costMen_16: 830
costWomen_16: 606
costCombined_16: 1436
sexEquality_16: 224

 --- 
matching_17: 74 36 16 13 79 45 30 40 8 49 50 44 64 51 14 24 57 55 78 31 48 66 4 11 19 28 71 47 38 62 23 9 69 43 39 15 20 5 72 65 17 1 27 37 25 46 56 26 63 34 10 54 59 73 32 12 7 60 35 41 6 22 2 68 80 33 42 77 3 18 29 53 67 61 52 21 76 75 70 58 
profileMen_17: 6 8 4 4 7 5 5 3 7 1 2 2 1 1 3 1 1 0 1 3 1 1 0 1 0 2 0 1 1 1 2 0 2 0 0 0 0 1 0 0 0 0 0 0 0 0 0 0 0 0 0 0 0 0 0 0 0 0 0 0 0 2 0 0 0 0 0 0 0 0 0 0 0 0 0 0 0 0 0 0 
profileWomen_17: 20 11 8 6 7 4 3 1 3 2 1 0 1 1 1 1 2 1 2 0 1 0 2 0 1 0 0 0 0 0 0 0 0 0 0 0 0 0 0 0 0 0 0 1 0 0 0 0 0 0 0 0 0 0 0 0 0 0 0 0 0 0 0 0 0 0 0 0 0 0 0 0 0 0 0 0 0 0 0 0 
profileCombined_17: 26 19 12 10 14 9 8 4 10 3 3 2 2 2 4 2 3 1 3 3 2 1 2 1 1 2 0 1 1 1 2 0 2 0 0 0 0 1 0 0 0 0 0 1 0 0 0 0 0 0 0 0 0 0 0 0 0 0 0 0 0 2 0 0 0 0 0 0 0 0 0 0 0 0 0 0 0 0 0 0 
costMen_17: 973
costWomen_17: 520
costCombined_17: 1493
sexEquality_17: 453

 --- 
matching_18: 74 36 16 13 79 45 30 40 8 49 50 44 64 51 14 24 57 55 78 31 48 66 4 11 19 28 71 47 2 62 23 9 69 43 39 15 20 5 72 65 38 3 27 37 25 46 56 26 63 34 10 54 59 73 32 12 7 60 35 41 6 22 1 68 80 33 42 77 17 18 29 53 67 61 52 21 76 75 70 58 
profileMen_18: 6 8 3 4 6 5 5 4 7 0 2 2 1 1 3 0 1 0 0 4 1 1 0 1 0 2 0 1 2 2 2 0 2 0 0 0 0 1 0 0 0 0 0 0 1 0 0 0 0 0 0 0 0 0 0 0 0 0 0 0 0 2 0 0 0 0 0 0 0 0 0 0 0 0 0 0 0 0 0 0 
profileWomen_18: 22 10 8 6 7 3 3 1 3 2 1 0 1 1 3 2 1 1 1 0 1 0 1 0 1 0 0 0 0 0 0 0 0 0 0 0 0 0 0 0 0 0 0 1 0 0 0 0 0 0 0 0 0 0 0 0 0 0 0 0 0 0 0 0 0 0 0 0 0 0 0 0 0 0 0 0 0 0 0 0 
profileCombined_18: 28 18 11 10 13 8 8 5 10 2 3 2 2 2 6 2 2 1 1 4 2 1 1 1 1 2 0 1 2 2 2 0 2 0 0 0 0 1 0 0 0 0 0 1 1 0 0 0 0 0 0 0 0 0 0 0 0 0 0 0 0 2 0 0 0 0 0 0 0 0 0 0 0 0 0 0 0 0 0 0 
costMen_18: 1052
costWomen_18: 501
costCombined_18: 1553
sexEquality_18: 551

 --- 
matching_19: 52 36 16 13 79 45 30 40 8 49 50 44 64 51 14 24 57 55 78 31 48 66 4 11 19 28 71 47 74 62 23 9 69 43 39 15 20 5 72 65 38 3 27 37 25 46 56 26 63 34 10 54 59 73 32 12 7 60 35 41 6 22 1 68 80 33 42 77 17 18 29 53 67 61 2 21 76 75 70 58 
profileMen_19: 6 7 3 4 5 5 6 4 7 0 2 3 1 1 3 0 1 0 0 4 1 1 0 1 0 2 0 1 1 2 2 0 2 0 0 0 0 1 0 0 1 0 0 0 1 0 0 0 0 0 0 0 0 0 0 0 0 0 0 0 0 2 0 0 0 0 0 0 0 0 0 0 0 0 0 0 0 0 0 0 
profileWomen_19: 22 11 7 7 7 4 3 1 3 1 1 0 1 1 3 1 1 1 1 0 1 0 1 0 1 0 0 0 0 0 0 0 0 0 0 0 0 0 0 0 0 0 0 1 0 0 0 0 0 0 0 0 0 0 0 0 0 0 0 0 0 0 0 0 0 0 0 0 0 0 0 0 0 0 0 0 0 0 0 0 
profileCombined_19: 28 18 10 11 12 9 9 5 10 1 3 3 2 2 6 1 2 1 1 4 2 1 1 1 1 2 0 1 1 2 2 0 2 0 0 0 0 1 0 0 1 0 0 1 1 0 0 0 0 0 0 0 0 0 0 0 0 0 0 0 0 2 0 0 0 0 0 0 0 0 0 0 0 0 0 0 0 0 0 0 
costMen_19: 1076
costWomen_19: 484
costCombined_19: 1560
sexEquality_19: 592

 --- 
matching_20: 52 36 16 38 79 45 30 40 8 49 50 44 64 51 14 24 57 55 78 31 48 66 4 11 19 28 71 47 74 62 23 9 69 43 39 15 20 5 72 65 25 3 27 37 13 46 56 26 63 34 10 54 59 73 32 12 7 60 35 41 6 22 1 68 80 33 42 77 17 18 29 53 67 61 2 21 76 75 70 58 
profileMen_20: 6 7 3 4 5 4 6 5 7 0 2 3 1 1 3 0 1 0 0 4 1 1 0 1 0 1 0 1 1 2 2 0 2 1 0 0 0 1 0 0 1 0 0 0 0 0 1 0 0 0 0 0 0 0 0 0 0 0 0 0 0 2 0 0 0 0 0 0 0 0 0 0 0 0 0 0 0 0 0 0 
profileWomen_20: 23 11 7 7 7 4 3 1 3 1 1 1 1 1 2 1 1 1 1 0 1 0 1 0 1 0 0 0 0 0 0 0 0 0 0 0 0 0 0 0 0 0 0 0 0 0 0 0 0 0 0 0 0 0 0 0 0 0 0 0 0 0 0 0 0 0 0 0 0 0 0 0 0 0 0 0 0 0 0 0 
profileCombined_20: 29 18 10 11 12 8 9 6 10 1 3 4 2 2 5 1 2 1 1 4 2 1 1 1 1 1 0 1 1 2 2 0 2 1 0 0 0 1 0 0 1 0 0 0 0 0 1 0 0 0 0 0 0 0 0 0 0 0 0 0 0 2 0 0 0 0 0 0 0 0 0 0 0 0 0 0 0 0 0 0 
costMen_20: 1088
costWomen_20: 438
costCombined_20: 1526
sexEquality_20: 650

 --- 
matching_21: 52 36 16 38 79 45 30 40 41 49 50 44 64 51 14 24 57 55 78 31 48 66 39 13 19 1 71 47 74 62 23 9 69 43 12 15 20 5 72 65 25 3 27 37 4 46 56 26 63 34 10 54 59 73 77 68 7 60 35 28 6 22 32 8 80 33 42 11 17 18 29 53 67 61 2 21 76 75 70 58 
profileMen_21: 6 7 3 3 3 3 6 4 6 2 3 3 1 1 2 0 1 0 1 5 1 1 0 1 1 0 0 1 1 1 1 0 2 0 0 0 1 1 0 0 1 0 0 0 0 0 1 0 1 0 0 0 0 0 0 0 0 0 0 0 0 2 0 2 0 0 1 0 0 0 0 0 0 0 0 0 0 0 0 0 
profileWomen_21: 23 14 8 9 6 6 2 2 2 1 1 1 1 1 1 0 0 1 0 0 0 0 0 0 1 0 0 0 0 0 0 0 0 0 0 0 0 0 0 0 0 0 0 0 0 0 0 0 0 0 0 0 0 0 0 0 0 0 0 0 0 0 0 0 0 0 0 0 0 0 0 0 0 0 0 0 0 0 0 0 
profileCombined_21: 29 21 11 12 9 9 8 6 8 3 4 4 2 2 3 0 1 1 1 5 1 1 0 1 2 0 0 1 1 1 1 0 2 0 0 0 1 1 0 0 1 0 0 0 0 0 1 0 1 0 0 0 0 0 0 0 0 0 0 0 0 2 0 2 0 0 1 0 0 0 0 0 0 0 0 0 0 0 0 0 
costMen_21: 1291
costWomen_21: 343
costCombined_21: 1634
sexEquality_21: 948

 --- 
matching_22: 52 36 16 38 79 45 30 40 41 49 50 44 64 51 14 28 57 48 78 31 24 66 39 13 19 1 71 47 74 62 23 9 69 43 12 15 20 5 72 65 25 3 27 37 4 46 56 26 63 34 10 54 59 73 77 68 7 60 35 58 6 22 32 8 80 33 42 11 17 18 29 53 67 61 2 21 76 75 70 55 
profileMen_22: 6 6 3 3 3 2 5 4 6 2 3 3 1 2 1 0 1 0 1 5 1 1 0 1 0 0 1 1 1 1 1 0 2 0 0 0 1 1 0 0 1 0 0 0 0 0 1 0 1 0 0 0 0 0 0 0 0 0 0 0 0 2 0 2 0 1 1 0 0 1 1 0 0 0 0 0 0 0 0 0 
profileWomen_22: 24 16 8 9 6 5 1 2 1 1 1 1 1 1 1 0 0 1 0 0 0 0 1 0 0 0 0 0 0 0 0 0 0 0 0 0 0 0 0 0 0 0 0 0 0 0 0 0 0 0 0 0 0 0 0 0 0 0 0 0 0 0 0 0 0 0 0 0 0 0 0 0 0 0 0 0 0 0 0 0 
profileCombined_22: 30 22 11 12 9 7 6 6 7 3 4 4 2 3 2 0 1 1 1 5 1 1 1 1 0 0 1 1 1 1 1 0 2 0 0 0 1 1 0 0 1 0 0 0 0 0 1 0 1 0 0 0 0 0 0 0 0 0 0 0 0 2 0 2 0 1 1 0 0 1 1 0 0 0 0 0 0 0 0 0 
costMen_22: 1484
costWomen_22: 324
costCombined_22: 1808
sexEquality_22: 1160

 --- 
matching_23: 74 36 16 38 79 45 30 40 8 49 50 44 64 51 14 24 57 55 78 31 48 66 4 11 19 28 71 47 2 62 23 9 69 43 39 15 20 5 72 65 25 3 27 37 13 46 56 26 63 34 10 54 59 73 32 12 7 60 35 41 6 22 1 68 80 33 42 77 17 18 29 53 67 61 52 21 76 75 70 58 
profileMen_23: 6 8 3 4 6 4 5 5 7 0 2 2 1 1 3 0 1 0 0 4 1 1 0 1 0 1 0 1 2 2 2 0 2 1 0 0 0 1 0 0 0 0 0 0 0 0 1 0 0 0 0 0 0 0 0 0 0 0 0 0 0 2 0 0 0 0 0 0 0 0 0 0 0 0 0 0 0 0 0 0 
profileWomen_23: 23 10 8 6 7 3 3 1 3 2 1 1 1 1 2 2 1 1 1 0 1 0 1 0 1 0 0 0 0 0 0 0 0 0 0 0 0 0 0 0 0 0 0 0 0 0 0 0 0 0 0 0 0 0 0 0 0 0 0 0 0 0 0 0 0 0 0 0 0 0 0 0 0 0 0 0 0 0 0 0 
profileCombined_23: 29 18 11 10 13 7 8 6 10 2 3 3 2 2 5 2 2 1 1 4 2 1 1 1 1 1 0 1 2 2 2 0 2 1 0 0 0 1 0 0 0 0 0 0 0 0 1 0 0 0 0 0 0 0 0 0 0 0 0 0 0 2 0 0 0 0 0 0 0 0 0 0 0 0 0 0 0 0 0 0 
costMen_23: 1064
costWomen_23: 455
costCombined_23: 1519
sexEquality_23: 609

 --- 
matching_24: 74 36 16 13 19 45 30 32 43 80 50 44 68 72 14 17 57 21 9 31 48 66 4 11 62 39 12 47 40 23 71 27 42 61 5 15 20 75 25 65 73 1 18 37 78 46 56 26 63 34 24 54 10 79 2 76 58 51 35 41 6 22 70 7 69 33 59 64 3 60 29 53 67 38 52 28 8 55 49 77 
profileMen_24: 15 11 8 5 13 2 5 3 3 1 3 1 2 3 0 0 0 1 0 0 0 0 1 0 2 0 0 0 0 0 1 0 0 0 0 0 0 0 0 0 0 0 0 0 0 0 0 0 0 0 0 0 0 0 0 0 0 0 0 0 0 0 0 0 0 0 0 0 0 0 0 0 0 0 0 0 0 0 0 0 
profileWomen_24: 11 6 3 7 5 2 1 4 4 2 2 1 1 4 3 5 2 0 4 2 0 0 1 0 0 1 0 1 0 1 1 2 0 0 0 0 0 0 0 1 0 0 0 1 0 0 0 0 1 0 0 0 0 0 1 0 0 0 0 0 0 0 0 0 0 0 0 0 0 0 0 0 0 0 0 0 0 0 0 0 
profileCombined_24: 26 17 11 12 18 4 6 7 7 3 5 2 3 7 3 5 2 1 4 2 0 0 2 0 2 1 0 1 0 1 2 2 0 0 0 0 0 0 0 1 0 0 0 1 0 0 0 0 1 0 0 0 0 0 1 0 0 0 0 0 0 0 0 0 0 0 0 0 0 0 0 0 0 0 0 0 0 0 0 0 
costMen_24: 489
costWomen_24: 960
costCombined_24: 1449
sexEquality_24: 471

 --- 
matching_25: 74 36 16 13 19 45 30 32 43 80 50 44 68 51 14 17 57 21 9 31 48 66 4 11 62 39 12 47 40 23 71 27 42 61 25 15 20 5 72 65 55 1 73 37 78 46 56 26 63 34 24 54 10 79 2 76 58 60 35 41 6 22 70 7 69 33 59 64 3 18 29 53 67 38 52 28 8 75 49 77 
profileMen_25: 15 11 6 6 11 3 5 3 3 1 4 2 2 2 0 0 0 0 0 0 1 0 1 0 1 0 1 0 0 1 1 0 0 0 0 0 0 0 0 0 0 0 0 0 0 0 0 0 0 0 0 0 0 0 0 0 0 0 0 0 0 0 0 0 0 0 0 0 0 0 0 0 0 0 0 0 0 0 0 0 
profileWomen_25: 13 8 5 7 5 2 1 4 2 1 2 0 1 4 3 5 2 1 4 1 0 0 1 0 0 1 0 1 0 1 1 1 0 0 0 0 0 0 0 1 0 0 0 1 0 0 0 0 0 0 0 0 0 0 1 0 0 0 0 0 0 0 0 0 0 0 0 0 0 0 0 0 0 0 0 0 0 0 0 0 
profileCombined_25: 28 19 11 13 16 5 6 7 5 2 6 2 3 6 3 5 2 1 4 1 1 0 2 0 1 1 1 1 0 2 2 1 0 0 0 0 0 0 0 1 0 0 0 1 0 0 0 0 0 0 0 0 0 0 1 0 0 0 0 0 0 0 0 0 0 0 0 0 0 0 0 0 0 0 0 0 0 0 0 0 
costMen_25: 527
costWomen_25: 849
costCombined_25: 1376
sexEquality_25: 322

 --- 
matching_26: 74 36 16 13 19 45 15 32 43 80 50 44 68 78 14 17 57 21 9 54 28 66 4 11 31 39 52 47 40 23 71 27 42 3 56 10 20 61 25 65 75 1 18 37 38 46 70 5 2 34 24 76 72 79 26 63 58 51 30 41 6 22 62 7 69 33 48 64 59 60 29 53 67 35 12 73 8 55 49 77 
profileMen_26: 20 17 10 3 11 2 6 4 2 3 1 0 0 1 0 0 0 0 0 0 0 0 0 0 0 0 0 0 0 0 0 0 0 0 0 0 0 0 0 0 0 0 0 0 0 0 0 0 0 0 0 0 0 0 0 0 0 0 0 0 0 0 0 0 0 0 0 0 0 0 0 0 0 0 0 0 0 0 0 0 
profileWomen_26: 7 3 2 6 4 1 3 2 2 4 2 1 1 5 3 5 3 1 3 1 0 1 1 0 0 0 1 2 0 0 1 1 0 0 0 0 0 1 0 0 0 0 1 1 0 0 1 0 2 0 0 0 1 0 0 0 0 0 0 0 0 0 0 0 1 2 0 0 0 0 1 1 1 0 0 0 0 1 0 0 
profileCombined_26: 27 20 12 9 15 3 9 6 4 7 3 1 1 6 3 5 3 1 3 1 0 1 1 0 0 0 1 2 0 0 1 1 0 0 0 0 0 1 0 0 0 0 1 1 0 0 1 0 2 0 0 0 1 0 0 0 0 0 0 0 0 0 0 0 1 2 0 0 0 0 1 1 1 0 0 0 0 1 0 0 
costMen_26: 310
costWomen_26: 1557
costCombined_26: 1867
sexEquality_26: 1247

 --- 
matching_27: 74 36 53 13 19 45 15 32 43 80 50 44 35 3 14 17 57 21 9 54 28 66 4 56 31 39 52 47 40 23 71 27 42 61 6 10 20 78 25 65 75 1 18 37 38 46 70 5 2 34 24 76 72 79 26 63 58 51 30 16 68 22 62 7 69 33 73 64 59 60 29 48 67 11 12 41 8 55 49 77 
profileMen_27: 24 17 10 3 12 2 4 2 0 3 1 1 0 1 0 0 0 0 0 0 0 0 0 0 0 0 0 0 0 0 0 0 0 0 0 0 0 0 0 0 0 0 0 0 0 0 0 0 0 0 0 0 0 0 0 0 0 0 0 0 0 0 0 0 0 0 0 0 0 0 0 0 0 0 0 0 0 0 0 0 
profileWomen_27: 5 3 1 7 3 1 2 2 3 4 2 2 1 5 3 4 2 2 3 2 1 1 1 0 0 0 0 2 0 0 2 2 0 0 0 0 0 0 0 0 0 0 1 1 1 0 1 0 1 0 0 0 1 0 0 0 1 0 0 1 0 0 0 0 1 1 0 1 0 0 1 1 1 0 0 0 0 0 0 0 
profileCombined_27: 29 20 11 10 15 3 6 4 3 7 3 3 1 6 3 4 2 2 3 2 1 1 1 0 0 0 0 2 0 0 2 2 0 0 0 0 0 0 0 0 0 0 1 1 1 0 1 0 1 0 0 0 1 0 0 0 1 0 0 1 0 0 0 0 1 1 0 1 0 0 1 1 1 0 0 0 0 0 0 0 
costMen_27: 283
costWomen_27: 1626
costCombined_27: 1909
sexEquality_27: 1343

 --- 
Digraph 
(0,0) (0,0) (1,0) (0,1) (0,0) (0,0) (0,0) (0,0) (0,0) (0,1) (0,0) (0,1) (0,0) (0,0) (0,0) (0,1) (0,1) (0,1) (0,0) (1,0) (0,1) 
(0,0) (0,0) (1,1) (0,0) (1,0) (0,0) (0,0) (0,0) (0,0) (0,0) (0,0) (0,0) (1,0) (0,0) (0,0) (0,1) (0,1) (0,0) (0,0) (0,1) (0,1) 
(0,0) (0,0) (0,0) (0,0) (1,0) (0,1) (0,0) (1,0) (0,0) (0,0) (0,0) (0,1) (1,1) (0,1) (0,1) (0,1) (0,1) (1,1) (0,0) (0,1) (1,1) 
(0,0) (0,0) (0,0) (0,0) (1,0) (0,0) (0,1) (0,0) (1,0) (0,0) (0,0) (0,0) (0,1) (0,1) (1,1) (0,1) (0,1) (0,0) (0,0) (1,1) (0,1) 
(0,0) (0,0) (0,0) (0,0) (0,0) (0,1) (0,0) (1,1) (0,0) (0,0) (0,0) (1,1) (1,1) (1,1) (0,1) (0,1) (1,1) (0,0) (0,0) (0,1) (0,0) 
(0,0) (0,0) (0,0) (0,0) (0,0) (0,0) (1,0) (0,0) (0,0) (0,0) (0,0) (0,0) (0,0) (0,0) (0,0) (0,0) (0,0) (0,0) (0,0) (0,0) (0,1) 
(0,0) (0,0) (0,0) (0,0) (0,0) (0,0) (0,0) (0,1) (1,0) (1,0) (0,0) (0,0) (0,1) (1,1) (0,1) (0,1) (0,1) (0,0) (0,1) (0,1) (0,1) 
(0,0) (0,0) (0,0) (0,0) (0,0) (0,0) (0,0) (0,0) (0,1) (0,0) (0,0) (1,0) (1,1) (0,1) (0,0) (0,1) (0,0) (0,0) (0,0) (0,1) (0,1) 
(0,0) (0,0) (0,0) (0,0) (0,0) (0,0) (0,0) (0,0) (0,0) (1,0) (1,0) (0,0) (0,1) (0,1) (0,1) (1,1) (0,1) (0,0) (0,0) (0,1) (0,1) 
(0,0) (0,0) (0,0) (0,0) (0,0) (0,0) (0,0) (0,0) (0,0) (0,0) (0,0) (0,0) (0,1) (1,0) (0,0) (0,1) (1,0) (0,0) (0,0) (0,0) (0,0) 
(0,0) (0,0) (0,0) (0,0) (0,0) (0,0) (0,0) (0,0) (0,0) (0,0) (0,0) (1,0) (0,1) (0,0) (0,0) (0,0) (0,1) (0,0) (0,0) (0,1) (0,0) 
(0,0) (0,0) (0,0) (0,0) (0,0) (0,0) (0,0) (0,0) (0,0) (0,0) (0,0) (0,0) (1,1) (0,0) (0,1) (1,1) (0,1) (0,1) (0,0) (0,1) (0,0) 
(0,0) (0,0) (0,0) (0,0) (0,0) (0,0) (0,0) (0,0) (0,0) (0,0) (0,0) (0,0) (0,0) (1,1) (1,1) (1,0) (0,1) (0,0) (1,1) (1,1) (1,1) 
(0,0) (0,0) (0,0) (0,0) (0,0) (0,0) (0,0) (0,0) (0,0) (0,0) (0,0) (0,0) (0,0) (0,0) (1,1) (0,1) (0,0) (0,0) (0,0) (1,1) (0,1) 
(0,0) (0,0) (0,0) (0,0) (0,0) (0,0) (0,0) (0,0) (0,0) (0,0) (0,0) (0,0) (0,0) (0,0) (0,0) (1,1) (0,1) (0,0) (0,0) (1,1) (1,1) 
(0,0) (0,0) (0,0) (0,0) (0,0) (0,0) (0,0) (0,0) (0,0) (0,0) (0,0) (0,0) (0,0) (0,0) (0,0) (0,0) (1,0) (0,0) (0,0) (0,1) (1,1) 
(0,0) (0,0) (0,0) (0,0) (0,0) (0,0) (0,0) (0,0) (0,0) (0,0) (0,0) (0,0) (0,0) (0,0) (0,0) (0,0) (0,0) (1,0) (1,0) (1,1) (0,0) 
(0,0) (0,0) (0,0) (0,0) (0,0) (0,0) (0,0) (0,0) (0,0) (0,0) (0,0) (0,0) (0,0) (0,0) (0,0) (0,0) (0,0) (0,0) (0,0) (0,1) (0,0) 
(0,0) (0,0) (0,0) (0,0) (0,0) (0,0) (0,0) (0,0) (0,0) (0,0) (0,0) (0,0) (0,0) (0,0) (0,0) (0,0) (0,0) (0,0) (0,0) (1,1) (0,1) 
(0,0) (0,0) (0,0) (0,0) (0,0) (0,0) (0,0) (0,0) (0,0) (0,0) (0,0) (0,0) (0,0) (0,0) (0,0) (0,0) (0,0) (0,0) (0,0) (0,0) (1,1) 
(0,0) (0,0) (0,0) (0,0) (0,0) (0,0) (0,0) (0,0) (0,0) (0,0) (0,0) (0,0) (0,0) (0,0) (0,0) (0,0) (0,0) (0,0) (0,0) (0,0) (0,0) 

Simple digraph 
2 3 9 11 15 16 17 19 20 
2 4 12 15 16 19 20 
4 5 7 11 12 13 14 15 16 17 19 20 
4 6 8 12 13 14 15 16 19 20 
5 7 11 12 13 14 15 16 19 
6 20 
7 8 9 12 13 14 15 16 18 19 20 
8 11 12 13 15 19 20 
9 10 12 13 14 15 16 19 20 
12 13 15 16 
11 12 16 19 
12 14 15 16 17 19 
13 14 15 16 18 19 20 
14 15 19 20 
15 16 19 20 
16 19 20 
17 18 19 
19 
19 20 
20 





Duration_ModCreation_milliseconds: 327
Duration_GetSolution_milliseconds: 114
Duration_CollectRes_milliseconds: 0

Duration_Total_milliseconds: 753

exitCode 0
code/Main_GetStableMatchings completed
