70
1: 54 63 31 38 11 48 2 66 69 24 35 13 6 9 51 50 19 4 55 36 60 42 20 16 34 62 58 41 12 61 40 32 8 14 1 26 64 52 70 68 3 53 44 33 39 37 59 25 15 21 5 18 47 7 67 45 17 49 22 30 65 27 29 23 57 10 56 43 28 46
2: 36 44 3 12 42 31 37 60 39 49 52 6 67 32 63 41 51 4 26 45 46 24 5 14 62 17 57 21 22 29 13 64 10 66 9 48 8 50 16 59 65 20 53 30 7 23 61 47 2 19 58 35 56 25 27 38 15 1 33 11 28 55 54 69 70 40 18 34 68 43
3: 67 56 38 34 1 30 70 10 48 5 27 26 4 25 47 42 9 32 53 12 46 59 6 52 64 61 16 28 60 7 35 68 39 31 33 69 49 63 19 65 45 62 55 24 29 15 20 57 40 22 50 2 14 21 11 3 37 18 17 54 36 44 13 8 51 66 43 23 58 41
4: 37 41 35 8 26 16 68 61 63 11 4 23 48 50 34 49 38 18 31 40 58 14 12 6 19 67 59 64 62 57 66 3 65 32 52 29 55 43 47 46 15 44 17 10 51 1 69 2 9 54 45 21 28 53 60 27 42 70 20 30 36 24 56 5 33 13 22 7 39 25
5: 55 54 30 34 2 6 44 8 14 24 16 63 4 69 15 53 57 58 11 20 13 46 18 23 51 40 45 52 42 60 67 68 21 31 28 47 61 43 56 64 36 5 70 7 12 32 17 65 1 38 26 29 41 27 9 33 50 25 48 22 39 66 3 62 37 10 59 49 19 35
6: 55 32 38 47 36 45 17 34 59 61 4 56 33 41 58 14 8 35 16 27 1 30 11 19 2 24 22 18 53 12 43 62 60 40 52 69 46 65 23 5 10 54 31 50 9 20 68 37 15 13 49 64 6 44 25 21 57 3 26 29 48 42 66 70 63 28 67 51 7 39
7: 7 55 21 2 1 33 34 62 11 8 25 32 35 51 49 31 15 63 43 18 4 26 5 48 58 29 6 46 27 10 39 47 23 16 14 13 22 56 24 36 42 64 66 28 53 17 20 65 12 19 52 30 57 41 69 44 59 67 61 70 50 60 68 9 40 37 3 38 54 45
8: 10 19 44 39 7 6 46 31 21 18 52 63 56 54 64 12 4 13 11 42 69 41 5 67 45 33 66 9 17 32 68 49 25 29 20 53 43 14 22 26 70 59 3 47 58 1 28 48 60 30 51 27 50 37 8 65 23 40 24 36 16 34 2 15 57 55 61 38 62 35
9: 17 53 11 44 55 26 50 62 9 29 4 7 58 39 47 2 15 56 64 60 57 25 70 23 34 42 67 41 36 43 40 38 22 69 66 21 18 33 12 35 5 1 48 19 65 37 31 3 68 45 13 51 59 14 54 61 63 16 28 27 24 52 49 30 6 32 20 10 8 46
10: 27 11 28 29 18 64 41 33 9 57 62 66 60 17 5 59 39 67 13 47 14 24 30 15 21 16 61 43 49 20 6 4 55 42 51 46 8 23 54 35 22 12 63 36 19 25 1 45 56 2 58 3 69 37 48 44 38 31 52 34 68 70 50 26 40 10 32 7 65 53
11: 9 13 52 3 34 36 70 61 48 54 24 39 4 69 33 32 46 23 1 63 8 2 55 29 64 43 38 50 18 56 28 26 58 44 41 35 68 47 22 27 67 31 5 59 53 17 10 49 66 37 11 21 62 60 16 57 6 19 14 30 12 25 40 42 7 51 45 65 15 20
12: 57 2 5 14 42 70 32 7 47 23 62 15 67 63 27 40 48 9 10 39 55 19 66 49 56 26 28 44 31 68 16 25 24 64 17 53 30 6 54 4 35 1 61 69 58 20 65 38 12 52 36 60 37 11 33 43 22 8 51 18 3 34 41 21 50 13 45 46 29 59
13: 14 55 42 27 32 37 26 51 50 15 67 5 33 60 41 46 16 10 3 31 34 62 12 36 64 45 29 38 58 23 68 2 49 25 47 30 7 44 22 39 20 24 18 13 19 54 17 28 35 1 40 53 43 11 4 59 69 21 63 66 48 70 61 65 9 8 57 6 52 56
14: 15 46 14 61 52 27 4 34 43 29 5 16 8 66 6 24 55 39 3 1 10 50 30 20 18 25 47 22 60 40 23 21 64 54 48 44 9 28 57 63 49 58 70 36 56 17 11 51 42 41 7 35 32 12 69 13 53 37 2 59 65 62 45 31 19 68 33 38 67 26
15: 32 10 59 42 8 15 38 53 65 34 6 2 62 23 9 63 18 25 1 50 31 69 46 55 20 26 61 44 52 49 11 57 16 21 51 68 33 48 35 64 13 67 12 56 66 60 54 29 40 28 22 3 39 14 5 43 30 45 7 24 41 37 36 19 4 27 58 47 70 17
16: 32 57 68 47 59 65 34 50 66 20 58 1 10 62 19 17 15 27 11 40 26 41 60 44 2 25 9 70 36 8 35 63 3 29 48 45 6 18 4 5 37 42 21 33 61 22 30 53 28 14 67 43 24 54 69 64 55 52 39 49 13 51 46 16 7 56 31 12 23 38
17: 34 62 27 36 45 9 56 31 43 22 26 60 41 47 51 63 39 30 50 2 28 15 14 8 54 20 12 58 10 4 32 55 5 59 29 65 11 61 64 16 1 21 18 13 19 35 24 38 57 42 3 48 52 67 66 25 53 7 46 40 49 37 44 70 17 23 33 68 6 69
18: 19 11 50 45 49 33 34 18 21 12 60 38 23 8 7 63 6 17 5 32 47 28 25 51 67 52 3 22 66 64 39 36 69 29 30 48 42 10 14 4 27 68 53 55 35 41 59 9 43 70 31 26 37 65 61 13 15 40 58 24 20 2 57 1 44 62 46 56 54 16
19: 47 42 64 19 23 54 10 25 33 32 38 31 8 37 59 69 63 60 61 24 6 53 14 1 43 67 11 48 9 18 12 70 20 2 27 5 4 34 26 46 62 28 45 15 41 55 57 17 52 16 50 49 66 40 44 58 65 21 29 13 3 56 22 39 36 35 30 7 68 51
20: 45 21 4 69 26 39 33 16 31 32 66 42 25 15 37 63 54 58 65 57 41 14 70 5 56 61 9 12 62 27 34 38 43 46 47 24 55 35 36 68 18 51 22 20 7 59 2 1 8 48 3 60 52 50 13 28 11 53 23 10 67 44 19 40 30 17 29 6 64 49
21: 7 32 24 47 12 3 59 65 26 16 15 42 18 64 57 54 52 21 9 45 62 14 40 2 23 70 20 28 56 67 60 31 66 41 63 17 11 35 44 50 51 6 36 53 5 43 29 58 1 34 33 61 55 13 10 39 68 37 25 49 69 46 22 19 48 30 27 38 4 8
22: 1 20 23 57 33 55 14 13 31 19 64 11 54 35 70 51 16 45 46 7 38 47 52 48 5 2 36 30 42 39 24 17 56 22 9 59 53 69 6 49 60 44 26 3 37 28 25 61 21 8 27 10 32 43 58 67 65 29 12 40 66 50 4 34 15 62 41 68 63 18
23: 45 39 22 14 10 20 13 19 1 52 11 59 69 30 63 47 12 57 36 68 48 3 62 53 40 24 44 27 7 23 29 17 26 58 50 43 66 64 6 41 61 4 70 21 18 38 46 9 28 2 42 32 5 60 15 16 35 56 8 49 51 67 31 65 34 55 33 37 25 54
24: 42 59 58 31 20 44 70 40 62 45 30 52 2 9 29 8 50 23 34 54 7 14 16 66 15 11 27 67 36 61 53 65 18 10 22 24 5 43 48 51 57 25 64 21 28 56 47 38 39 41 33 32 3 13 49 17 26 55 1 69 6 68 35 46 60 12 37 63 19 4
25: 62 19 43 70 69 31 18 27 63 48 21 47 22 61 60 42 4 8 28 33 36 40 13 66 5 15 17 57 25 52 55 16 54 24 14 58 50 6 67 12 32 37 30 3 26 65 59 2 56 68 64 44 7 41 51 11 45 46 10 20 29 38 53 49 9 23 1 39 35 34
26: 60 30 20 38 49 6 64 23 50 70 26 37 59 53 17 1 12 10 7 22 56 45 33 11 40 39 63 43 15 36 24 61 65 34 68 66 5 46 13 47 35 27 18 51 19 8 57 55 9 67 3 16 48 41 52 14 32 21 58 2 62 25 54 31 44 69 28 29 4 42
27: 62 51 39 32 68 64 48 1 42 13 31 69 58 46 54 65 7 6 2 33 9 3 16 53 10 49 14 55 63 28 59 29 35 61 70 45 66 5 23 8 24 36 56 41 12 18 34 20 21 50 40 27 4 22 52 26 67 43 57 25 37 60 15 17 19 11 38 47 44 30
28: 59 3 27 69 33 15 57 12 9 5 28 10 41 20 4 63 38 31 2 16 8 44 40 70 18 7 23 19 25 32 14 61 35 54 22 21 58 6 36 66 65 64 17 39 50 1 13 11 62 60 29 53 51 24 30 49 43 67 34 45 37 55 42 52 68 26 48 47 46 56
29: 25 7 5 9 64 19 62 50 29 35 24 65 49 18 70 46 63 41 17 47 61 1 30 22 15 52 31 37 53 12 26 43 58 44 38 45 68 14 60 6 21 4 13 11 55 10 8 16 54 36 33 67 51 2 20 59 57 42 3 23 40 66 39 28 48 56 27 32 69 34
30: 36 45 7 23 26 44 30 15 55 60 41 47 18 8 3 70 24 49 6 19 54 65 63 43 5 4 16 50 58 69 33 32 12 38 35 52 31 56 48 13 10 37 20 2 22 34 14 68 9 29 62 27 53 11 39 59 67 17 28 25 21 46 57 61 42 64 1 51 66 40
31: 69 23 21 35 54 58 63 51 46 68 32 19 25 70 50 18 52 38 28 56 5 59 66 1 27 4 8 16 6 17 10 34 2 36 47 24 15 31 40 64 44 45 43 9 62 33 14 61 48 60 20 49 57 42 53 22 13 3 12 11 41 55 65 67 30 26 29 37 39 7
32: 48 60 13 4 47 35 40 56 31 14 27 7 69 1 36 39 37 66 67 53 44 51 54 59 18 17 50 8 65 9 34 63 62 29 70 23 49 6 22 58 25 46 24 10 52 12 43 30 68 64 15 21 33 3 28 5 2 19 38 45 32 42 61 11 20 26 41 55 57 16
33: 61 68 20 18 41 6 69 35 11 67 27 16 21 51 53 34 1 25 39 19 2 5 48 59 26 22 7 44 14 65 66 36 49 29 45 10 8 52 60 12 38 31 24 56 40 15 42 63 64 32 30 57 58 33 43 23 3 47 9 28 62 54 55 13 70 46 50 37 4 17
34: 17 37 42 61 34 38 8 13 20 46 5 18 54 47 29 35 12 56 36 1 31 57 55 68 48 28 45 40 41 7 19 3 33 6 51 69 22 2 52 59 53 26 11 66 49 4 27 24 58 9 30 16 14 43 62 21 25 65 10 15 39 67 70 63 23 50 60 64 44 32
35: 11 29 65 7 50 24 39 64 25 42 54 51 56 60 57 31 34 44 3 67 4 27 52 16 53 35 30 37 40 46 66 6 61 8 19 32 45 68 69 21 55 43 62 47 22 10 49 63 36 26 14 17 18 41 58 20 23 12 59 5 28 70 38 48 9 33 1 13 15 2
36: 68 11 39 49 21 37 24 31 5 40 59 30 66 51 33 70 16 47 57 19 17 13 35 14 63 12 52 36 2 44 27 28 42 4 43 62 55 18 53 20 64 56 67 58 38 8 23 60 45 61 65 50 69 54 26 3 22 1 29 46 25 34 48 32 7 15 10 6 9 41
37: 69 36 25 2 13 56 35 3 40 48 43 23 51 34 4 18 58 5 9 62 17 68 12 20 33 52 32 66 64 61 24 7 60 10 42 63 47 28 6 22 54 70 30 45 26 19 50 31 21 59 29 49 27 57 38 53 44 39 1 11 46 8 41 16 67 14 37 55 65 15
38: 16 14 47 36 68 57 55 37 2 5 13 1 40 29 26 61 41 3 62 69 8 66 28 49 11 20 30 59 70 18 33 24 23 53 42 44 7 52 22 64 65 19 67 54 31 46 34 32 60 50 9 56 48 35 4 15 27 21 39 43 63 45 6 10 12 25 17 58 51 38
39: 45 61 68 48 4 42 36 26 14 46 6 35 49 55 56 38 70 12 5 47 37 22 25 62 33 2 57 1 51 16 19 64 39 20 23 18 53 11 58 43 59 54 13 50 67 28 3 9 32 27 44 17 52 34 8 31 10 7 66 60 41 30 21 69 24 15 29 65 40 63
40: 22 32 56 18 62 44 69 2 1 10 52 40 51 13 38 53 45 67 19 5 43 48 31 4 36 8 33 59 54 28 70 47 55 7 50 29 21 37 60 20 6 15 30 68 17 46 39 49 63 41 66 23 42 25 34 27 65 26 61 11 24 16 57 35 12 14 9 58 64 3
41: 68 16 14 33 45 17 52 39 65 28 4 50 15 43 20 66 1 56 11 19 8 29 22 48 62 32 18 63 69 23 70 25 27 41 38 3 6 53 64 60 13 34 24 12 31 2 9 59 10 55 49 54 58 26 30 21 36 47 35 40 46 57 7 67 42 61 51 44 5 37
42: 54 23 13 49 52 63 2 15 32 56 51 64 35 33 36 57 25 58 3 1 37 27 5 69 18 55 19 68 6 39 28 12 38 11 65 62 59 24 53 14 26 21 66 7 4 60 40 67 46 70 61 30 47 50 34 42 44 8 48 9 41 20 10 16 17 45 29 31 43 22
43: 52 38 39 35 63 56 48 31 61 25 66 47 41 65 5 2 44 49 42 57 22 58 37 23 11 1 7 29 59 62 15 20 64 6 13 32 54 55 9 51 45 60 30 18 8 12 46 24 10 69 34 27 70 14 67 19 68 3 26 36 4 16 21 50 43 17 28 40 33 53
44: 58 12 59 45 1 24 25 27 5 62 14 43 18 56 26 51 65 53 67 13 33 19 6 63 49 20 52 48 55 61 50 3 40 39 37 36 31 64 54 17 28 21 34 46 69 30 29 60 15 66 35 38 7 57 4 22 70 42 11 32 41 2 10 8 47 44 68 23 16 9
45: 63 61 13 36 66 31 2 45 59 11 56 70 50 19 4 14 23 43 62 29 58 65 60 57 41 35 68 39 12 30 40 9 24 6 8 49 25 47 5 32 44 28 27 55 64 67 53 18 10 16 17 51 33 38 52 22 37 7 46 21 26 54 1 42 48 15 34 3 20 69
46: 1 30 36 2 5 38 22 39 64 20 33 62 52 6 4 9 68 60 34 23 63 67 65 16 70 49 37 27 3 57 48 59 8 11 12 15 14 61 18 21 47 55 7 46 41 69 54 32 51 43 17 26 31 24 44 35 56 13 29 25 53 19 40 58 42 66 10 28 45 50
47: 46 24 50 40 26 36 8 49 28 62 2 51 60 41 32 65 54 4 22 20 39 16 18 10 48 14 70 47 34 11 31 15 19 29 25 30 9 42 67 33 35 69 68 21 17 43 27 56 7 61 5 63 23 12 1 64 13 6 52 3 38 44 59 57 55 53 66 58 45 37
48: 37 53 47 34 33 45 70 30 3 24 22 35 55 6 26 1 44 8 43 4 65 48 25 64 12 10 52 11 19 7 40 60 38 23 56 21 46 61 63 42 54 58 36 51 68 41 2 20 27 66 49 50 28 67 18 17 5 32 29 62 31 13 69 59 39 57 14 15 16 9
49: 45 38 26 41 18 63 49 10 21 50 19 56 64 66 6 59 35 31 47 3 2 33 67 29 12 53 23 43 69 27 60 9 40 16 30 39 25 46 54 28 4 8 22 15 62 65 1 68 58 37 20 5 32 34 17 57 44 52 55 51 13 70 14 36 61 24 42 11 7 48
50: 35 5 36 60 30 54 56 25 48 64 1 34 55 32 53 63 3 38 47 19 24 15 22 20 61 39 13 6 33 58 70 27 45 40 18 2 65 4 51 68 67 37 41 9 28 59 17 8 31 21 29 10 66 11 43 52 62 46 7 42 49 50 57 69 12 26 14 44 16 23
51: 39 16 48 10 25 59 65 54 47 58 63 57 7 21 26 69 23 28 6 34 37 31 8 67 27 51 50 62 11 5 64 45 24 49 35 18 53 1 55 46 2 13 14 17 15 44 56 4 40 42 52 68 9 12 19 38 41 32 33 60 66 29 3 61 36 20 22 43 30 70
52: 52 70 18 6 26 69 59 41 13 49 17 9 5 39 10 27 36 66 50 33 60 20 37 24 67 47 40 2 31 38 4 32 45 61 12 19 8 44 28 15 21 56 34 1 16 14 53 63 3 30 7 64 25 62 58 11 65 48 42 57 29 35 68 22 46 23 51 54 43 55
53: 59 48 3 52 62 38 9 13 28 44 23 49 36 34 57 4 21 31 19 24 29 25 35 30 18 54 43 46 22 56 37 47 61 8 60 17 33 58 27 42 68 11 16 5 67 32 1 69 14 6 7 39 2 70 64 10 53 51 50 15 20 40 65 55 26 12 66 45 63 41
54: 18 59 68 3 58 22 38 20 13 34 64 32 39 26 7 10 27 29 62 6 8 65 61 36 56 19 54 28 42 51 35 5 25 44 17 31 67 16 23 69 1 9 60 33 2 43 11 49 63 41 46 57 55 45 30 52 37 53 14 24 66 70 21 47 40 12 4 48 15 50
55: 10 64 67 11 13 30 47 60 21 22 15 41 6 51 16 19 36 1 68 57 58 62 39 42 46 12 24 65 28 5 8 7 23 3 20 37 69 43 35 17 53 31 18 66 38 27 4 33 32 52 25 50 54 26 63 34 56 29 59 55 40 61 70 45 48 44 14 49 2 9
56: 55 21 15 7 54 35 23 50 5 67 29 3 27 28 64 66 25 62 42 59 37 26 43 56 33 60 44 49 31 1 39 4 36 63 20 12 8 46 57 53 40 32 41 18 10 11 19 9 69 51 34 65 70 2 68 52 14 16 45 58 61 13 17 30 38 6 47 48 24 22
57: 14 47 53 68 22 19 70 50 60 16 44 59 54 18 57 40 55 61 24 34 28 58 64 63 43 29 2 30 48 27 45 26 9 66 32 15 42 5 25 56 38 65 10 37 33 23 3 20 21 17 46 62 52 49 11 8 31 39 41 6 35 36 7 12 13 4 67 1 69 51
58: 43 21 26 38 47 54 62 48 11 25 36 16 22 18 28 56 3 46 52 70 37 32 17 4 27 14 51 35 58 49 40 53 12 39 55 2 31 67 23 64 45 59 42 63 66 65 8 30 24 9 61 60 1 68 34 41 44 33 69 13 5 6 15 20 19 10 50 57 7 29
59: 44 4 53 22 5 33 9 70 8 40 42 61 56 29 45 10 63 3 31 65 24 2 62 34 18 50 64 39 69 25 27 17 19 66 20 68 6 23 32 67 38 52 14 12 28 41 37 13 58 21 55 36 30 51 46 47 48 16 49 26 60 54 15 43 59 57 11 1 35 7
60: 69 27 63 66 4 47 2 55 14 34 12 42 46 22 48 3 45 15 19 41 36 37 40 50 1 26 8 43 7 64 33 60 67 59 11 57 24 25 9 17 44 31 54 35 52 13 70 21 51 53 56 16 20 58 68 6 65 30 29 38 10 32 61 5 28 62 49 23 18 39
61: 54 22 36 11 70 48 65 4 27 14 24 51 12 10 21 62 15 20 6 38 39 7 45 43 30 34 31 46 40 16 66 58 32 52 2 17 9 63 61 37 50 8 25 42 56 5 28 3 33 49 1 67 59 69 13 18 35 57 60 68 26 53 41 47 64 23 55 44 29 19
62: 68 46 61 31 6 37 45 51 16 20 24 48 29 28 57 22 66 4 40 41 64 50 53 44 35 34 15 7 1 67 55 3 36 69 52 49 21 33 30 63 18 27 56 39 5 43 25 11 8 14 38 32 17 58 60 42 54 2 26 70 12 9 62 19 13 23 10 65 59 47
63: 20 34 68 3 28 17 13 36 7 40 6 65 11 59 2 19 57 42 70 38 22 29 18 14 26 58 47 54 55 48 62 32 46 44 56 67 30 49 33 43 31 53 24 25 45 12 52 10 61 27 16 41 1 4 51 60 64 23 35 50 39 63 21 66 5 9 37 69 8 15
64: 10 37 48 65 30 1 53 36 57 33 27 52 2 11 26 62 12 55 54 20 9 22 43 16 41 47 4 32 44 58 7 17 25 15 68 61 40 46 28 31 49 64 14 59 38 19 70 69 51 23 39 13 42 45 8 6 34 5 29 21 56 35 24 50 60 18 3 67 63 66
65: 19 65 54 37 55 70 35 45 33 42 51 10 60 27 25 24 23 43 11 17 8 7 68 61 9 30 57 44 38 59 40 53 62 41 63 28 15 50 56 36 32 39 26 31 58 66 29 47 22 52 18 46 49 14 34 21 69 13 16 64 12 48 1 2 5 3 67 4 20 6
66: 28 17 36 15 38 32 7 22 67 70 40 5 61 20 11 41 27 33 65 29 10 59 14 51 16 62 43 19 45 31 69 64 58 26 57 4 52 6 25 1 66 46 3 54 23 56 55 18 9 39 21 34 24 13 35 37 42 68 48 53 2 30 60 8 12 44 47 63 49 50
67: 41 2 52 14 31 48 62 3 66 54 16 20 28 39 49 10 60 22 34 6 8 64 25 24 65 40 45 46 32 11 43 70 53 27 61 57 13 55 19 47 26 63 33 12 44 69 56 7 1 15 18 29 30 68 9 58 36 17 5 37 35 59 67 23 4 42 21 38 51 50
68: 63 60 61 43 15 26 49 9 5 31 56 3 66 37 12 54 40 11 21 30 39 62 32 33 4 44 24 64 55 7 45 65 47 36 41 57 69 28 46 58 67 6 34 13 48 23 16 29 10 8 19 20 42 51 53 59 17 70 18 38 27 22 1 50 68 52 25 2 14 35
69: 17 13 68 1 42 5 44 26 59 9 12 23 35 36 54 43 32 45 20 40 57 58 50 41 3 29 55 37 52 64 28 22 63 19 67 48 31 18 14 56 4 62 46 49 51 69 11 65 10 38 33 8 30 70 39 24 7 60 6 27 34 16 66 2 25 47 21 53 15 61
70: 61 2 23 7 10 37 38 46 15 14 66 5 48 8 4 54 20 51 29 60 17 31 45 12 52 27 64 43 40 35 16 70 9 55 22 42 56 44 62 57 68 24 30 67 26 13 39 63 50 58 19 53 34 36 49 3 59 28 11 21 18 47 69 65 33 25 6 41 1 32
1: 9 14 23 58 56 39 24 42 4 12 35 65 21 45 36 52 69 61 55 5 37 3 44 51 6 34 25 54 10 33 40 18 38 27 59 31 13 15 41 62 63 2 29 8 53 66 49 68 47 26 60 30 50 48 17 46 32 16 67 7 43 28 57 20 70 11 1 64 19 22
2: 48 66 10 55 11 20 52 38 51 2 13 23 24 56 6 46 7 22 63 25 37 70 43 9 49 57 3 53 18 28 67 30 61 4 32 39 15 59 69 60 21 54 34 64 1 68 29 58 8 19 27 17 45 31 62 47 42 5 35 44 26 36 12 41 50 33 16 14 65 40
3: 36 60 35 2 66 1 18 15 33 61 52 30 63 12 10 29 41 57 67 44 58 43 56 4 26 55 68 51 37 19 14 6 42 23 48 50 25 64 40 46 34 5 7 8 54 9 24 27 47 49 70 32 69 59 39 65 53 31 45 3 62 20 17 11 16 13 21 38 22 28
4: 4 13 16 63 40 70 10 26 28 2 55 8 66 41 33 38 44 61 60 6 50 34 46 14 56 47 20 25 15 3 42 54 12 43 11 59 37 9 17 30 29 22 31 18 67 51 48 21 36 19 64 23 45 27 58 5 65 7 1 35 69 68 52 53 39 49 62 24 57 32
5: 25 11 22 24 8 39 15 28 45 30 17 1 62 49 2 32 64 31 51 69 61 57 44 16 9 23 13 7 68 41 48 53 47 19 36 46 56 21 43 35 58 70 37 33 14 52 54 27 63 65 66 12 29 38 3 20 18 67 50 6 59 5 42 55 26 40 10 4 60 34
6: 34 56 55 67 22 6 58 37 65 52 42 10 18 20 14 25 32 39 1 57 51 36 2 11 29 15 46 63 27 61 64 16 13 69 38 7 60 70 21 54 26 30 31 12 17 5 33 47 68 44 53 50 41 3 43 9 59 35 66 24 28 40 48 19 8 4 45 49 23 62
7: 62 45 58 51 17 65 11 35 29 16 61 22 68 55 47 5 60 42 39 23 9 19 7 33 20 52 43 4 25 70 48 49 3 36 41 6 13 67 32 26 38 59 54 37 10 34 31 63 28 18 8 12 27 69 15 1 44 57 30 56 40 24 14 53 50 46 21 2 66 64
8: 14 38 26 36 1 21 40 59 60 11 20 32 33 50 56 12 47 46 9 6 23 22 27 7 65 34 53 58 2 69 24 29 10 16 13 66 39 41 25 49 19 3 31 70 45 61 64 18 51 17 54 28 37 68 35 30 62 48 5 63 43 57 15 52 67 4 55 44 42 8
9: 16 17 48 37 69 60 13 43 2 23 68 47 58 53 19 61 30 15 26 51 42 44 24 4 27 33 7 62 1 70 32 20 52 54 50 22 45 49 56 59 18 36 57 8 39 29 3 31 35 63 28 46 6 34 21 11 40 64 55 12 9 38 41 10 65 5 66 67 14 25
10: 39 57 61 42 35 54 12 27 16 40 4 43 10 53 56 17 9 28 62 25 58 44 41 37 15 46 67 33 30 45 31 21 70 3 23 2 5 34 18 59 49 48 36 69 22 52 66 26 55 13 14 29 20 65 32 1 64 7 51 68 47 6 19 24 60 50 38 11 8 63
11: 20 33 34 13 15 61 41 22 49 51 5 53 62 6 69 30 32 43 44 8 14 19 39 42 35 29 47 37 10 7 45 25 24 26 23 3 40 18 28 64 68 12 16 67 48 50 66 27 70 52 11 65 55 36 56 21 54 57 63 58 59 4 46 17 60 38 31 9 1 2
12: 41 31 43 42 47 4 22 70 59 14 54 60 44 29 65 15 48 63 46 49 68 18 50 2 62 16 17 3 56 36 7 6 21 35 69 24 13 1 67 8 53 19 23 64 38 11 34 52 32 40 57 10 66 37 58 45 61 30 20 5 25 12 55 9 27 33 51 26 28 39
13: 42 70 55 54 47 57 49 51 19 3 63 21 15 35 31 23 32 33 46 43 66 11 25 29 22 12 67 28 56 64 6 7 40 44 27 53 13 60 9 62 52 38 41 50 26 10 18 36 14 16 24 45 58 59 17 2 5 61 30 65 34 1 68 39 69 37 48 20 8 4
14: 3 25 9 15 44 4 22 47 34 62 37 69 45 56 12 43 32 7 24 48 6 61 19 5 58 30 36 20 54 50 42 13 8 35 46 70 18 33 39 67 28 21 65 59 26 16 52 38 68 63 51 53 14 1 66 11 49 55 10 60 17 31 27 41 23 29 57 2 40 64
15: 69 18 9 47 52 46 62 31 65 53 30 10 28 2 56 3 24 41 60 48 35 45 1 63 66 67 50 17 11 44 32 25 40 59 22 42 37 8 61 33 14 39 54 51 57 70 23 34 29 55 19 15 4 21 26 36 12 64 5 58 7 38 6 68 49 16 43 13 20 27
16: 49 14 10 37 19 4 65 16 46 13 42 63 64 8 2 39 18 41 40 55 47 29 38 31 9 54 6 22 15 30 52 21 60 53 33 11 5 27 51 57 45 44 12 70 59 67 69 7 34 23 24 3 50 68 48 35 66 61 17 20 25 32 58 62 56 26 43 1 36 28
17: 33 24 11 22 62 60 9 55 39 57 64 23 45 12 29 34 66 31 42 49 7 53 54 61 2 43 44 26 50 35 65 56 63 47 37 21 20 3 4 67 8 1 5 25 69 40 70 68 18 58 30 41 6 10 28 32 36 52 17 13 16 19 46 27 15 38 14 48 51 59
18: 54 39 4 70 57 53 29 47 20 32 63 14 43 46 26 27 9 36 33 66 44 64 24 13 12 41 55 38 42 34 48 21 2 65 11 1 16 7 22 37 15 30 69 25 58 19 51 3 68 5 18 50 56 40 45 67 60 10 8 49 62 6 61 52 17 28 23 59 35 31
19: 4 27 46 9 42 66 58 15 24 48 5 68 2 41 36 11 31 14 70 23 1 20 10 32 51 69 38 59 8 37 50 63 25 33 53 19 13 65 18 56 57 29 47 55 3 28 44 54 61 16 26 67 43 30 64 22 7 45 6 35 62 49 39 12 21 34 60 17 40 52
20: 17 52 64 21 3 7 67 49 47 24 14 30 53 59 70 28 34 4 46 39 5 43 38 12 41 36 18 22 56 29 68 19 10 69 58 55 9 57 11 8 60 37 31 51 63 20 13 42 45 6 48 61 25 62 27 16 35 2 26 23 32 65 44 15 1 66 40 50 33 54
21: 41 3 46 25 50 7 33 44 20 58 63 39 24 8 30 14 51 2 37 27 62 5 55 19 31 43 48 56 4 36 6 70 59 13 1 23 52 26 10 57 15 21 32 11 69 47 17 68 9 16 12 29 53 61 60 67 38 35 40 34 28 42 18 65 54 66 45 22 64 49
22: 45 18 61 50 64 15 25 30 54 62 37 2 39 5 57 43 4 48 33 10 44 14 49 46 11 53 52 3 56 58 60 63 19 9 41 20 27 70 31 26 22 23 28 7 36 42 65 66 47 69 32 59 29 16 67 17 21 8 35 40 6 1 24 68 12 38 13 34 51 55
23: 68 48 51 1 35 38 18 53 6 70 65 50 11 5 25 27 2 23 32 41 55 3 12 59 42 21 52 14 16 34 40 22 43 37 28 31 45 9 67 36 26 20 69 39 64 4 13 24 54 56 47 61 66 63 19 30 10 58 29 60 46 8 17 62 57 49 33 44 7 15
24: 49 70 11 46 31 4 43 57 23 65 5 29 27 12 18 32 37 60 9 39 50 54 55 48 1 25 28 26 42 15 34 53 63 51 8 52 22 14 61 38 44 41 30 35 45 20 62 13 36 67 2 66 10 56 17 16 40 47 68 19 24 33 21 6 3 58 69 7 59 64
25: 23 52 56 20 50 57 55 8 58 66 1 18 69 36 48 67 27 31 42 26 46 13 32 5 51 60 61 29 40 59 37 45 17 22 30 41 19 35 68 12 28 64 63 3 7 53 4 34 2 47 62 24 39 25 65 6 49 44 16 10 33 9 54 14 38 11 43 70 21 15
26: 30 56 6 10 66 68 69 58 45 61 14 2 29 12 67 49 41 70 26 25 37 40 52 22 21 7 8 3 23 34 39 57 47 1 38 27 15 44 11 50 32 59 24 13 51 43 63 28 65 4 35 46 62 48 42 64 16 19 31 20 54 33 55 9 18 17 5 60 53 36
27: 20 38 14 5 45 56 58 16 15 51 65 29 44 59 69 43 55 1 35 41 37 28 47 4 9 70 57 54 7 10 67 46 36 18 11 2 19 48 22 49 27 13 42 3 23 60 31 8 50 63 12 40 68 17 61 64 32 66 53 26 6 25 21 24 30 62 39 52 34 33
28: 63 69 67 68 35 4 2 33 32 66 13 22 37 24 14 64 29 45 12 39 57 53 65 21 7 28 61 11 49 36 34 42 62 41 18 60 47 20 3 31 46 16 10 8 1 52 59 27 5 56 9 70 50 54 48 55 30 15 58 51 19 44 6 43 38 23 25 26 17 40
29: 39 17 23 8 47 13 45 32 50 11 34 62 43 70 37 7 53 16 52 60 2 49 19 24 10 68 21 59 41 3 35 26 54 64 28 57 15 51 25 30 33 66 56 65 44 69 5 58 67 42 6 29 55 4 22 40 20 46 38 1 61 36 18 14 31 48 12 27 63 9
30: 7 70 49 31 13 59 27 16 37 60 23 38 14 2 1 18 8 25 26 17 54 32 28 66 4 57 56 68 55 51 22 39 20 40 46 58 62 53 3 44 36 19 67 10 41 48 5 63 30 61 50 33 69 42 47 21 34 9 11 52 6 43 35 24 64 12 29 45 65 15
31: 45 36 12 60 35 52 27 70 13 25 63 20 10 26 51 67 41 24 33 42 3 53 56 14 6 30 48 61 23 4 39 16 58 62 2 38 34 21 57 28 66 64 55 65 32 47 17 29 54 7 40 8 46 15 19 43 9 49 50 22 11 69 31 5 59 37 1 68 18 44
32: 69 23 42 70 64 31 50 33 12 46 47 60 44 37 58 53 11 30 10 3 38 9 39 49 55 59 13 28 63 61 4 26 66 68 62 5 14 24 43 65 29 40 20 25 18 34 36 16 2 15 56 52 35 45 1 6 19 22 48 67 41 8 57 7 32 54 17 21 51 27
33: 27 70 49 60 24 14 3 32 15 40 13 8 7 9 58 21 39 29 62 17 45 48 69 12 63 5 25 23 50 54 4 55 42 35 53 10 67 19 61 59 20 34 65 26 31 51 64 36 66 52 68 11 47 38 18 44 43 16 22 56 1 46 30 6 2 33 57 41 37 28
34: 5 2 26 22 4 60 37 67 34 35 56 3 65 17 45 23 70 39 63 51 21 47 40 18 43 42 49 15 62 31 53 68 32 36 29 10 38 7 61 46 25 9 66 20 13 41 58 16 54 33 50 27 14 28 12 19 64 6 57 30 52 44 8 69 24 11 59 1 55 48
35: 28 57 67 34 56 42 44 1 23 13 24 60 65 17 15 29 54 7 22 21 70 66 69 35 5 46 36 19 41 12 27 40 4 50 45 49 39 6 25 68 43 30 52 38 26 62 2 31 18 8 9 47 61 55 16 63 20 37 33 48 51 58 10 64 3 11 59 14 32 53
36: 27 65 39 70 44 36 58 12 11 55 28 13 14 31 41 43 33 7 45 64 6 66 53 17 61 10 54 20 63 34 1 35 9 52 29 48 42 25 40 19 24 4 21 57 68 18 30 3 37 51 38 56 23 16 32 46 49 15 22 26 60 62 50 69 8 67 59 47 5 2
37: 57 14 60 10 6 22 51 27 64 28 43 59 25 8 52 26 56 69 19 48 30 68 35 20 47 45 36 21 41 34 11 18 3 32 2 44 70 17 66 13 53 23 38 24 4 63 49 31 16 46 58 61 40 55 1 37 15 54 12 50 42 5 67 39 62 33 29 9 7 65
38: 2 10 30 27 34 54 52 9 70 46 55 44 4 40 67 51 16 50 14 42 56 66 59 39 61 23 68 1 43 12 7 57 64 3 28 22 29 36 5 41 65 37 60 25 45 24 49 19 32 31 53 13 11 15 62 69 47 6 21 17 48 20 33 58 18 8 38 35 26 63
39: 42 3 49 43 39 55 65 35 53 21 28 47 45 68 63 51 58 13 31 40 60 52 25 33 44 2 30 62 32 12 29 38 69 17 70 5 10 64 11 66 8 27 22 6 23 34 54 4 14 26 20 41 18 48 37 61 16 24 57 19 59 1 56 9 67 36 50 15 46 7
40: 20 46 69 16 23 59 60 37 66 25 35 18 21 58 51 5 29 55 53 64 31 27 22 15 57 4 50 40 28 62 63 54 17 6 56 38 39 12 65 61 26 42 1 9 47 45 44 33 32 14 19 3 52 67 7 68 13 10 11 2 34 70 48 8 49 30 41 43 36 24
41: 2 10 25 45 70 29 61 63 5 13 49 60 6 51 43 66 21 68 65 32 37 15 67 59 28 55 9 50 53 8 44 26 36 38 19 46 48 4 69 62 24 41 27 23 31 58 17 11 3 54 30 64 35 14 12 16 22 34 33 20 7 40 56 42 18 57 52 47 39 1
42: 20 39 12 7 15 32 22 24 3 47 54 35 46 17 52 13 37 44 31 56 21 25 6 16 69 27 49 43 51 5 48 2 68 65 42 60 29 14 38 33 18 64 53 10 55 11 45 26 1 40 70 63 8 59 23 58 50 19 36 57 34 30 4 66 28 67 41 9 62 61
43: 14 2 51 46 36 16 57 11 24 69 62 19 3 28 7 8 13 47 68 37 40 12 59 65 32 18 70 67 66 29 49 44 15 56 34 5 48 27 42 10 25 9 53 22 43 50 54 1 33 64 23 38 45 26 52 39 4 31 20 58 41 35 30 21 63 61 6 17 60 55
44: 57 23 31 38 20 16 35 11 10 48 7 14 67 65 27 29 19 34 64 9 50 8 1 39 70 66 52 44 49 32 33 22 61 2 5 53 15 41 42 4 21 13 25 47 40 68 17 60 6 54 58 69 37 30 46 18 12 59 28 26 45 56 62 51 55 3 43 24 36 63
45: 39 41 43 6 61 36 40 21 30 18 45 4 19 15 10 2 49 50 54 56 25 62 31 65 38 3 13 52 29 27 22 8 67 28 63 20 37 32 5 51 33 24 26 48 64 23 55 12 17 46 34 59 11 7 69 9 1 68 66 44 47 35 60 42 16 14 58 53 57 70
46: 60 27 41 32 14 55 56 9 47 63 5 1 65 21 33 38 28 12 3 49 24 22 31 46 42 50 15 61 35 68 8 64 70 17 52 26 40 7 13 44 4 18 69 29 39 19 62 30 67 20 54 37 34 51 23 10 16 48 43 59 58 53 11 66 36 2 25 45 6 57
47: 11 35 63 22 69 28 33 40 45 36 42 15 53 46 70 6 62 56 16 52 21 67 55 34 54 38 13 31 30 47 5 37 65 20 48 43 19 9 12 59 18 27 44 50 1 58 14 49 10 32 64 3 29 39 23 60 25 24 66 7 26 51 17 41 61 2 4 57 8 68
48: 67 44 49 14 65 4 29 2 60 5 61 7 19 13 31 24 3 58 63 62 48 59 53 35 42 6 38 20 25 27 11 18 43 45 8 69 26 64 52 32 16 23 41 68 56 39 40 37 36 66 46 70 47 54 28 1 30 57 21 22 10 33 34 51 15 55 12 50 9 17
49: 64 5 7 44 9 50 15 37 11 12 48 27 59 6 14 68 35 1 23 26 55 3 19 13 18 66 17 24 41 58 36 42 67 63 10 61 70 32 65 69 54 22 29 33 30 16 2 8 56 25 46 52 39 21 31 51 60 45 43 34 28 20 49 40 47 62 4 38 57 53
50: 59 24 70 23 11 48 8 40 15 33 34 36 18 20 35 65 32 22 5 30 68 45 3 16 31 37 29 53 41 4 49 42 54 64 13 61 14 10 28 38 21 26 44 55 17 52 46 27 60 51 66 58 56 69 43 1 50 62 6 2 7 19 57 47 39 25 67 12 63 9
51: 57 62 53 10 48 37 69 30 64 36 38 19 6 25 50 21 68 66 23 24 1 22 35 45 8 65 31 58 40 7 55 47 29 20 2 9 39 44 63 15 26 28 33 60 56 61 11 13 52 27 16 42 54 14 5 46 70 18 41 12 34 17 59 51 32 49 4 43 67 3
52: 64 11 7 55 2 29 14 63 45 1 28 49 10 41 19 52 37 57 9 4 50 47 26 67 16 43 69 48 46 32 24 70 44 40 62 30 25 12 56 23 38 58 33 34 53 51 20 17 15 35 31 54 42 66 60 22 8 39 27 61 21 68 5 6 18 59 36 3 13 65
53: 65 48 37 39 44 23 25 57 55 54 21 47 22 14 42 12 60 30 61 17 2 27 56 28 11 53 68 19 10 69 34 66 4 1 18 43 63 26 64 6 33 8 20 31 49 3 51 62 58 45 46 24 29 15 36 9 67 7 59 41 35 32 70 16 13 40 5 52 38 50
54: 54 40 36 12 22 23 20 48 4 43 3 9 64 1 18 60 61 19 28 30 27 37 52 70 50 53 31 5 59 55 21 67 69 51 63 45 62 7 38 41 29 49 46 47 34 68 14 17 56 57 58 65 2 25 15 32 24 10 66 33 8 13 44 35 11 6 42 39 26 16
55: 5 54 24 40 37 23 20 25 4 51 56 32 39 62 15 53 8 2 18 28 43 16 10 30 26 11 22 41 13 57 65 27 38 36 1 52 59 67 19 21 63 7 68 49 14 61 66 46 58 6 64 3 69 31 60 34 12 45 35 9 47 17 29 55 48 50 42 33 44 70
56: 12 14 7 63 31 52 9 48 15 4 28 37 56 61 33 30 32 16 50 46 57 35 25 5 10 18 51 70 58 66 11 62 59 34 49 13 26 8 36 17 23 44 53 60 47 3 21 41 69 29 64 22 45 2 24 68 65 27 55 38 67 54 19 43 20 6 39 40 1 42
57: 54 42 39 13 25 9 5 17 11 33 66 36 7 62 26 8 12 20 47 19 34 44 64 55 43 48 65 68 28 57 50 24 56 1 14 63 52 69 18 70 30 61 59 45 37 49 35 58 2 23 29 32 38 27 6 60 31 21 16 3 10 53 15 40 46 4 41 51 22 67
58: 56 11 36 2 63 50 58 65 51 22 19 69 21 12 23 52 39 62 27 49 45 47 5 6 44 70 38 60 14 33 64 55 28 67 59 16 46 34 7 68 8 26 18 48 10 15 43 30 29 9 1 17 66 31 13 61 53 37 24 41 25 42 57 35 32 3 20 4 40 54
59: 35 51 13 18 28 52 50 22 42 14 37 6 32 4 38 20 12 66 62 65 9 23 26 67 15 58 5 41 44 64 19 30 7 33 40 1 60 31 3 36 45 46 68 29 49 27 39 10 24 8 2 56 34 17 11 53 69 47 70 48 21 59 43 63 25 16 54 55 57 61
60: 19 20 56 47 54 66 45 40 43 8 22 64 15 57 44 27 7 65 42 52 53 67 25 6 29 48 39 55 4 24 58 5 1 12 33 41 23 28 17 31 34 50 10 61 18 69 37 49 3 32 13 2 35 68 38 30 16 14 59 63 62 21 11 46 51 26 60 9 70 36
61: 62 63 27 9 3 45 23 43 20 51 59 54 19 38 4 12 42 6 5 65 11 69 50 57 41 56 49 26 2 25 33 60 14 24 21 70 7 46 61 30 48 40 16 67 47 15 18 35 8 66 34 1 55 10 53 37 68 29 22 13 39 44 17 58 32 36 31 52 64 28
62: 16 56 10 4 57 52 12 54 50 34 55 63 6 53 59 28 17 36 33 2 62 25 68 19 30 43 40 38 37 44 27 60 31 29 64 41 45 14 1 15 11 70 3 21 24 42 69 67 5 7 51 49 26 8 39 61 66 9 46 18 22 23 20 35 48 13 58 32 65 47
63: 12 58 27 66 42 69 45 64 9 70 11 13 14 49 7 17 48 46 8 53 23 59 35 61 47 44 28 4 20 15 21 55 2 26 19 39 18 38 63 60 57 6 67 3 43 65 33 31 54 5 25 36 30 41 1 40 16 37 50 34 10 22 52 56 24 68 51 29 62 32
64: 62 42 41 35 54 60 11 10 7 47 53 51 67 57 55 36 70 48 66 5 13 43 63 30 17 44 16 50 27 26 52 59 1 38 20 25 39 49 23 4 22 56 14 12 37 69 45 32 19 61 33 8 6 18 21 58 3 68 65 31 46 9 64 24 29 28 15 2 34 40
65: 31 26 36 1 45 59 39 5 33 63 3 47 51 19 40 70 61 37 7 17 67 16 13 8 20 53 9 64 22 30 38 14 25 58 62 35 44 69 15 34 55 24 66 27 43 29 46 42 32 50 21 41 12 54 52 65 2 23 6 56 11 68 28 49 57 48 4 18 60 10
66: 43 35 22 59 32 47 27 44 36 28 3 41 48 62 49 61 66 37 56 58 7 10 5 24 65 42 38 29 67 69 14 23 16 40 30 19 6 54 46 31 51 11 18 68 55 21 15 13 8 1 17 9 25 4 2 26 39 64 57 63 53 33 20 50 60 45 34 12 52 70
67: 55 18 37 50 24 31 45 41 62 66 61 8 11 15 2 49 21 28 9 6 44 16 53 48 5 64 12 34 67 27 43 69 14 22 63 1 10 39 4 59 47 57 25 26 35 52 30 58 36 33 56 65 42 70 20 19 17 54 13 68 23 46 29 32 40 38 3 51 7 60
68: 40 16 42 39 51 64 54 58 53 1 41 24 4 62 25 55 57 47 43 56 45 9 26 28 61 18 34 7 8 32 29 46 13 5 3 36 69 67 6 52 20 30 44 17 31 15 33 37 38 50 49 19 23 22 60 63 21 12 66 70 11 10 65 35 48 14 2 68 27 59
69: 48 11 53 14 46 35 47 9 13 37 33 58 66 52 25 31 32 44 51 63 15 39 24 38 36 67 43 45 2 17 10 62 12 50 27 8 57 19 4 40 22 69 28 20 55 54 56 18 68 70 60 21 23 49 6 29 59 65 7 5 61 41 34 64 16 3 30 26 1 42
70: 12 16 36 15 1 50 31 26 37 63 45 35 19 70 33 18 69 11 58 40 47 67 46 32 29 64 21 7 55 34 27 56 61 48 39 8 54 44 3 25 4 38 23 30 53 52 6 42 41 51 60 57 10 13 28 59 66 20 24 9 68 49 62 2 43 14 17 65 5 22

instance parameter information
numMenOrWomen: 70
minLenPref: 70
maxLenPref: 70
skew: 0

