70
1: 50 20 16 57 14 63 11 28 2 59 64 13 66 25 42 35 39 69 18 10 45 44 1 32 12 26 46 47 23 58 29 41 65 17 8 30 49 24 48 21 22 62 6 70 43 51 33 36 9 52 31 15 38 34 61 5 19 68 37 55 67 40 3 7 54 4 53 27 56 60
2: 70 58 19 62 27 34 16 44 7 56 2 39 41 4 49 15 17 32 18 45 54 64 40 66 12 38 11 3 33 13 55 29 68 1 50 42 51 36 6 35 21 23 61 9 37 59 14 52 28 22 8 65 24 67 25 26 47 63 48 60 31 30 10 20 43 5 53 46 57 69
3: 19 45 63 29 52 34 35 38 18 60 7 69 39 24 65 2 11 36 43 17 48 56 16 26 33 27 6 61 70 59 1 9 10 21 20 54 4 14 5 58 42 68 67 40 13 12 49 23 62 47 66 22 44 53 15 41 31 3 28 37 64 55 50 8 51 30 57 46 32 25
4: 34 23 29 47 26 9 60 25 70 51 1 30 19 11 54 69 28 3 10 66 55 58 43 62 16 37 31 27 40 61 45 13 57 44 18 41 38 49 65 2 6 5 8 15 39 12 53 36 67 33 14 22 42 68 21 46 4 63 35 52 32 48 59 64 56 17 50 7 20 24
5: 11 10 47 60 15 30 67 23 38 5 69 55 46 49 31 56 40 29 52 44 35 20 14 42 28 8 17 50 6 1 66 37 34 63 61 65 32 58 51 7 68 70 21 57 33 26 64 36 4 12 41 24 9 43 48 19 22 53 62 18 2 25 27 3 45 59 39 16 13 54
6: 60 23 48 33 9 10 64 26 44 43 50 8 66 55 41 1 21 56 63 29 30 6 38 5 4 52 46 16 65 31 7 68 67 54 49 69 58 59 39 32 36 12 2 20 62 14 57 35 28 17 18 27 70 53 34 13 19 40 51 42 47 24 15 3 25 61 45 22 11 37
7: 64 9 30 48 14 6 45 17 42 60 58 40 32 29 21 24 62 70 20 35 11 33 57 16 7 46 28 55 47 2 41 52 63 53 8 68 37 49 5 1 38 3 36 25 23 10 13 15 54 31 4 12 19 22 51 27 66 43 69 39 50 61 56 67 26 65 44 18 34 59
8: 53 33 23 60 46 30 50 70 45 20 18 59 1 41 29 11 67 6 69 24 7 22 21 62 55 65 68 54 12 2 26 56 43 38 15 58 61 52 48 13 10 44 3 5 37 51 40 17 31 34 47 25 42 66 35 16 39 49 63 14 8 57 36 9 19 28 32 4 27 64
9: 46 69 18 58 24 53 15 7 32 38 60 43 33 42 48 35 56 30 27 20 66 26 28 63 34 64 41 59 19 9 22 44 6 29 52 16 31 65 14 37 47 50 11 4 12 8 39 21 55 17 57 54 2 61 25 3 49 67 45 40 62 51 5 13 23 10 36 70 68 1
10: 53 44 3 43 14 21 55 62 17 6 16 63 25 66 23 13 35 45 31 67 4 18 59 22 19 40 29 47 30 64 42 48 61 1 37 58 12 60 32 33 9 10 52 20 68 41 34 15 46 7 38 28 39 54 24 11 5 51 56 49 27 57 50 2 70 69 26 8 36 65
11: 31 42 46 37 57 64 51 62 70 8 59 14 44 54 12 7 17 40 4 67 9 19 27 68 60 22 6 69 24 32 26 29 15 43 18 10 25 16 49 47 45 56 53 30 11 66 3 63 65 5 41 23 55 34 2 38 58 28 33 52 13 36 35 39 50 21 48 61 1 20
12: 62 13 64 25 68 2 33 27 56 37 30 24 16 29 41 17 69 7 4 39 26 15 61 54 70 22 66 9 60 38 6 63 53 44 32 67 3 34 49 47 59 65 11 28 40 8 35 48 20 58 5 43 57 55 31 52 50 45 19 42 1 14 36 51 21 23 10 18 12 46
13: 48 13 12 69 37 63 19 55 36 68 29 57 39 41 58 16 47 64 21 67 60 33 25 66 5 62 70 30 52 26 14 38 20 43 40 54 65 6 31 9 11 8 4 50 61 3 42 53 23 59 15 35 45 22 7 10 34 17 2 56 1 24 51 32 46 18 49 27 28 44
14: 13 26 5 27 50 21 19 37 35 36 29 59 25 28 69 40 7 49 2 52 55 6 44 66 48 1 18 43 31 3 56 67 45 14 33 54 47 16 63 10 53 68 38 4 12 24 23 57 60 17 42 22 61 70 58 51 8 34 65 9 20 11 64 30 32 41 39 46 15 62
15: 15 23 58 17 54 61 13 30 28 16 49 10 55 12 24 19 7 35 4 18 27 48 45 46 22 33 6 57 14 25 21 43 44 36 34 56 29 20 53 64 31 68 39 70 65 62 8 32 3 11 40 51 60 69 50 42 37 47 9 52 38 41 63 26 2 59 67 1 66 5
16: 57 30 55 46 66 47 61 53 64 18 14 69 16 38 3 21 26 37 49 34 5 52 35 45 62 22 4 56 36 8 40 15 43 42 1 6 63 39 60 48 25 59 67 58 24 50 27 23 9 11 33 7 29 28 2 41 20 44 12 54 32 70 51 68 19 13 10 65 31 17
17: 67 63 40 8 66 43 16 3 54 61 34 68 60 55 18 1 7 49 25 36 51 45 19 38 50 32 10 30 39 33 28 5 37 58 14 12 13 69 41 65 53 23 35 2 22 31 6 26 64 46 24 44 15 59 17 48 11 42 52 56 20 29 9 62 70 47 57 4 27 21
18: 46 53 41 38 30 17 52 10 60 36 43 39 70 57 33 50 51 26 42 65 15 20 2 7 23 13 48 14 54 16 35 37 4 11 24 29 62 55 61 28 25 67 66 32 27 69 68 21 64 59 63 58 19 22 3 34 12 56 9 8 47 40 49 6 1 45 18 44 31 5
19: 4 20 16 29 57 60 67 30 59 45 39 69 25 41 15 43 24 12 61 13 70 19 5 46 37 2 68 31 40 42 21 54 63 48 17 44 34 14 50 9 26 64 32 65 10 62 22 36 27 38 47 56 52 28 6 49 53 66 51 35 18 58 33 8 3 7 11 1 55 23
20: 56 63 17 47 34 65 21 69 10 53 49 57 28 18 46 2 5 13 58 50 7 29 12 44 23 66 33 59 60 1 70 26 14 61 55 19 9 3 15 67 25 42 48 32 20 38 52 27 24 22 4 30 39 37 68 54 51 41 62 8 6 11 64 45 40 16 35 43 31 36
21: 51 6 12 19 42 60 57 70 20 54 38 4 7 9 8 27 18 61 28 11 35 13 37 58 65 45 17 55 50 44 29 2 46 23 25 1 52 21 48 68 63 34 49 26 16 10 41 67 64 53 39 62 30 5 22 32 36 40 3 59 31 43 14 24 33 56 47 15 66 69
22: 48 38 47 1 66 5 49 6 9 68 51 31 54 64 70 42 20 35 36 69 7 56 30 65 57 15 60 8 63 55 11 44 28 22 43 62 10 58 50 19 14 24 13 25 16 37 4 26 46 34 21 40 12 23 61 59 53 41 32 29 27 45 52 67 39 2 3 33 17 18
23: 27 54 32 35 67 65 22 18 42 45 68 47 48 16 56 12 33 51 21 39 19 44 8 60 28 10 63 61 43 20 69 6 7 40 1 59 11 30 64 52 49 41 36 38 17 13 53 25 24 50 14 23 5 55 26 62 15 46 3 57 70 9 34 2 4 37 58 66 31 29
24: 22 6 7 11 67 70 49 53 50 62 47 55 41 63 39 40 18 13 14 35 56 57 68 45 38 26 12 20 19 48 28 60 31 33 64 9 23 27 21 36 59 52 43 29 51 34 4 15 46 3 16 17 44 1 25 61 66 10 69 37 2 54 58 42 5 24 8 65 30 32
25: 64 1 34 66 17 26 16 15 24 51 23 39 59 60 11 54 19 10 33 44 8 13 25 29 57 32 37 45 53 61 9 4 67 40 3 27 20 35 46 6 31 69 42 36 65 70 28 55 63 43 38 58 12 48 50 47 62 49 5 30 14 7 56 68 22 18 21 41 2 52
26: 19 42 64 17 37 63 58 4 45 40 35 30 60 9 50 70 27 5 44 49 11 32 53 36 43 29 51 65 48 2 31 10 34 46 18 55 20 33 54 6 61 1 24 14 56 7 8 21 12 62 52 66 39 3 16 25 41 22 68 26 38 28 23 69 67 13 57 59 15 47
27: 67 59 70 17 13 3 8 58 19 39 62 48 21 14 38 47 27 61 18 50 4 64 56 53 55 6 22 33 66 12 43 23 28 49 30 41 11 69 37 25 35 32 29 9 2 57 44 65 40 7 51 10 15 45 52 20 31 34 5 16 42 60 26 46 54 36 1 24 68 63
28: 51 61 6 67 62 34 25 55 36 44 13 23 17 8 47 1 16 2 29 69 68 7 33 37 41 38 35 3 50 46 48 39 11 4 21 31 59 57 40 5 70 49 26 45 64 19 32 58 22 54 28 66 10 65 15 24 18 52 9 42 14 63 56 60 12 43 53 30 27 20
29: 56 9 17 21 33 67 54 63 11 60 64 2 20 50 18 48 61 39 52 28 12 38 69 46 15 22 29 36 70 58 31 57 6 40 42 14 47 25 30 1 10 37 43 35 4 27 44 66 68 3 5 16 59 49 62 41 26 65 13 19 32 23 24 34 7 53 8 55 45 51
30: 40 18 70 36 8 19 7 57 34 67 15 63 42 25 47 65 27 29 11 38 22 6 69 31 66 23 61 41 62 48 53 37 13 28 10 68 54 56 50 33 58 2 43 35 21 45 17 52 55 51 4 39 49 3 60 9 20 5 12 30 64 59 24 46 44 32 14 16 26 1
31: 69 43 68 2 6 4 52 33 3 11 15 13 19 67 9 62 10 26 16 22 24 47 27 49 34 45 17 25 57 36 70 41 61 55 31 56 53 51 37 29 20 40 7 63 18 42 46 48 44 1 28 60 50 12 5 8 58 39 54 66 30 32 38 59 23 21 65 14 35 64
32: 56 45 62 49 6 44 55 41 16 5 15 21 14 2 58 22 54 8 4 31 29 50 52 69 66 70 24 33 67 39 64 11 43 59 9 51 38 68 48 47 65 46 36 63 3 37 28 30 13 57 1 42 34 10 60 7 35 20 17 27 40 26 23 12 32 18 53 19 61 25
33: 17 34 19 8 35 11 15 18 65 53 58 4 62 52 50 30 51 22 16 49 38 47 29 60 14 36 57 48 25 7 3 10 31 9 40 20 68 70 28 1 64 2 41 12 37 5 59 69 45 46 56 66 6 32 44 67 26 13 55 27 23 61 33 42 21 63 24 43 39 54
34: 45 2 15 26 60 58 44 61 10 62 7 20 69 55 30 49 48 31 3 9 18 56 57 28 52 1 19 17 65 42 14 64 43 53 50 63 47 66 29 46 5 13 6 33 38 35 27 51 68 22 67 41 4 39 23 36 32 21 54 59 8 40 70 24 25 16 11 12 37 34
35: 31 27 62 11 1 19 47 12 59 69 8 13 3 42 24 26 53 28 23 46 29 41 18 37 66 52 40 44 32 56 61 43 39 14 25 58 50 38 60 68 35 65 54 30 63 15 17 10 20 33 70 7 16 57 21 9 6 34 67 22 51 48 64 4 2 45 5 55 36 49
36: 12 19 29 1 14 4 18 39 13 34 70 53 46 11 55 51 22 26 2 8 28 49 35 20 36 37 68 63 60 15 64 45 10 57 23 54 42 9 16 65 67 17 6 47 30 69 44 40 5 48 66 27 38 31 32 3 7 59 52 50 56 24 41 43 61 62 25 21 58 33
37: 38 66 39 19 36 8 51 50 42 12 9 35 27 33 61 67 24 46 18 68 69 16 29 43 48 34 22 41 47 57 10 2 26 31 28 54 37 53 70 58 1 49 7 14 45 15 62 64 21 60 4 65 44 55 5 20 56 3 63 23 32 52 17 30 59 6 13 40 25 11
38: 39 11 21 8 33 37 35 38 19 51 48 44 22 16 58 41 55 13 67 43 69 53 14 9 26 27 23 18 50 2 5 34 63 56 65 52 3 49 47 46 66 57 42 20 60 1 70 25 36 17 6 29 12 62 7 32 4 28 61 59 68 10 24 31 40 15 30 45 64 54
39: 65 22 54 41 18 26 63 17 50 36 70 7 24 37 49 59 4 13 20 12 35 60 39 64 15 29 21 48 32 53 55 28 30 61 58 51 11 27 45 33 19 2 6 68 3 52 8 67 14 9 31 42 16 56 38 5 46 10 69 34 25 66 57 47 1 62 40 44 43 23
40: 34 65 35 22 32 59 20 67 64 3 56 61 2 19 46 11 42 51 40 53 49 30 69 4 15 36 9 66 58 1 43 33 45 44 24 13 60 6 27 38 12 21 18 52 41 14 5 63 10 57 39 17 37 28 16 26 68 70 23 62 47 55 48 50 25 8 7 31 54 29
41: 19 44 68 67 41 6 10 30 59 69 1 16 42 62 5 22 35 54 33 37 53 55 34 40 27 20 46 38 64 11 32 8 2 4 26 66 52 48 50 12 60 17 3 36 39 56 29 57 15 49 63 28 61 47 23 31 51 25 9 65 21 45 18 14 43 24 13 7 58 70
42: 55 52 30 28 15 2 18 13 9 48 51 3 27 53 17 21 61 8 63 62 41 40 19 70 67 6 50 59 16 39 60 68 56 32 69 44 65 54 7 14 33 47 4 24 38 23 25 10 12 20 35 66 11 37 42 5 58 45 43 46 36 49 29 22 1 57 26 34 64 31
43: 13 4 48 16 34 42 35 55 65 64 57 61 29 54 27 63 38 46 5 19 17 8 67 62 24 9 25 58 45 1 11 59 53 10 21 49 36 60 40 3 50 31 20 70 12 52 18 15 23 68 6 69 33 51 30 2 66 44 39 28 14 56 22 7 26 37 41 43 47 32
44: 13 67 10 25 28 26 4 8 43 18 40 47 57 63 2 53 64 9 55 6 14 11 22 32 56 1 17 60 38 58 66 20 54 52 51 16 41 70 62 31 35 69 44 42 50 21 7 23 48 3 12 33 15 46 37 39 24 45 19 68 61 27 30 29 36 59 49 65 34 5
45: 63 12 67 13 37 62 4 8 64 46 10 15 38 31 22 68 17 60 48 40 3 24 51 34 23 43 26 33 28 11 9 7 59 39 14 44 41 32 61 30 56 58 66 35 20 69 27 54 57 29 18 25 36 42 21 65 70 16 52 50 5 47 55 53 19 2 49 45 1 6
46: 42 14 70 25 37 55 48 62 26 60 34 54 43 57 59 30 11 24 21 39 69 52 61 29 49 22 6 1 68 5 56 23 31 17 28 16 20 7 12 44 8 9 3 13 50 46 41 35 33 32 40 63 19 45 66 67 38 51 10 2 64 53 65 18 36 58 47 27 4 15
47: 21 31 59 65 7 28 50 10 34 43 58 47 69 66 16 18 3 6 62 54 38 24 23 68 15 45 36 42 12 56 48 52 39 41 9 61 37 49 17 64 19 2 27 14 20 57 30 51 29 46 53 26 13 67 4 63 5 70 25 40 11 22 35 33 60 1 55 44 8 32
48: 42 4 46 10 29 52 27 48 13 49 1 59 36 38 19 20 16 50 51 33 28 2 66 57 11 67 62 60 5 68 39 63 65 6 56 45 35 61 55 34 53 30 12 31 43 18 41 22 8 37 7 32 24 23 14 21 17 25 47 40 15 26 3 54 64 58 44 69 70 9
49: 60 69 47 2 11 5 19 29 13 48 14 45 9 62 53 44 68 56 61 39 24 23 15 38 57 35 55 6 50 27 25 43 42 16 41 46 8 12 1 3 64 40 63 34 21 70 59 20 65 7 28 58 54 30 4 26 51 17 37 33 52 18 32 22 10 67 31 36 66 49
50: 1 19 37 57 5 21 69 42 60 38 16 52 26 27 32 28 34 40 23 50 18 61 49 62 30 65 29 3 46 6 66 56 64 48 24 9 51 15 14 17 58 67 47 12 35 63 55 36 2 44 41 45 25 31 7 39 59 10 53 8 43 22 13 4 33 68 11 20 54 70
51: 66 37 25 48 35 46 27 49 64 28 52 19 53 9 68 24 34 12 18 38 56 30 70 59 61 5 63 13 60 31 2 7 33 29 40 11 39 50 69 26 20 10 3 57 22 1 36 32 14 16 23 15 21 47 62 42 45 58 54 43 6 44 41 65 4 17 67 8 51 55
52: 61 60 7 70 29 42 38 32 3 43 55 14 59 11 9 2 27 33 25 6 5 45 18 36 37 39 21 30 22 4 13 31 66 68 19 62 49 41 34 53 10 50 16 12 24 17 64 46 40 58 35 26 54 20 57 65 69 15 52 47 23 48 63 67 8 28 44 1 56 51
53: 36 10 46 56 44 26 63 13 33 22 5 67 45 9 32 29 6 64 40 53 48 66 52 37 14 35 23 4 38 11 27 1 60 57 39 49 58 62 55 16 3 43 42 19 7 51 68 70 47 65 25 50 54 69 15 34 61 24 28 17 31 8 2 59 21 41 30 20 12 18
54: 23 19 50 24 5 25 8 14 52 33 16 49 64 11 4 1 51 42 27 20 55 10 63 36 45 60 41 62 70 9 3 46 40 35 48 34 47 12 58 32 39 67 69 30 53 17 59 18 26 66 28 2 56 13 54 65 43 57 61 29 21 31 37 44 38 6 68 22 15 7
55: 50 53 27 44 34 62 15 63 61 47 45 38 30 6 24 57 2 28 31 11 14 42 7 18 59 56 3 49 48 13 32 35 4 51 41 39 64 16 69 65 23 19 17 21 5 26 55 22 46 60 1 20 67 33 40 37 9 68 66 58 70 8 36 25 43 52 29 12 10 54
56: 3 40 56 22 19 44 32 11 37 36 57 41 16 34 5 12 20 28 25 35 7 49 21 14 6 15 67 33 24 51 10 66 18 60 50 61 31 8 58 69 62 39 27 65 13 52 26 43 42 55 45 63 53 64 48 47 23 70 38 2 59 4 17 68 30 1 54 29 46 9
57: 2 64 26 11 45 3 17 69 49 22 60 54 21 20 56 42 24 35 6 62 28 58 57 39 36 51 48 52 13 9 44 70 23 14 47 46 65 38 4 25 30 33 8 34 18 12 68 53 40 66 32 59 27 5 15 10 1 55 50 16 29 37 43 31 41 67 19 63 61 7
58: 36 2 15 34 48 47 69 55 52 10 23 60 27 67 41 16 3 7 57 54 38 40 19 53 5 42 17 68 1 6 70 21 66 62 46 63 32 61 58 25 11 33 12 59 26 64 44 28 18 24 22 65 13 43 20 9 50 29 37 30 56 51 45 4 8 49 31 14 39 35
59: 28 50 24 30 18 23 16 54 65 62 36 42 20 55 6 70 21 53 37 26 11 63 29 67 40 17 44 27 49 48 69 56 38 52 7 33 41 25 22 31 45 14 66 32 43 8 39 60 9 13 15 46 34 5 68 61 47 3 57 10 58 12 19 1 35 4 59 51 64 2
60: 12 4 40 20 35 58 6 61 17 14 33 43 24 15 11 45 5 64 39 25 55 47 36 3 69 18 59 30 54 49 46 27 44 8 10 50 57 34 9 56 1 52 16 23 29 19 60 53 13 41 66 26 65 70 38 31 48 21 51 67 42 7 37 22 68 2 28 32 63 62
61: 11 45 5 21 28 64 33 32 18 68 54 2 8 20 26 44 10 36 67 56 37 46 66 6 4 27 19 62 31 16 57 23 59 61 34 30 60 41 51 69 25 53 42 63 13 38 1 9 50 40 39 43 7 15 49 70 65 48 22 17 3 29 55 14 58 35 47 12 52 24
62: 16 56 28 32 42 37 17 63 45 54 15 43 7 29 35 52 53 5 33 62 26 3 1 13 59 9 14 24 11 48 21 20 25 22 19 57 34 4 55 2 44 30 27 40 50 36 46 8 66 60 47 41 6 23 38 70 61 31 68 67 64 69 65 51 58 12 10 49 39 18
63: 2 54 20 64 61 38 26 57 22 56 24 19 21 9 37 67 40 62 7 8 39 33 11 47 13 50 58 44 4 36 6 65 42 31 5 15 51 25 23 63 35 53 1 30 34 60 68 48 55 27 41 66 69 29 3 46 10 28 49 52 45 14 59 70 32 17 18 43 12 16
64: 7 67 2 23 4 13 61 51 6 40 25 36 65 12 22 38 44 33 66 69 42 31 39 28 57 50 15 47 24 68 54 1 62 58 11 34 45 46 30 26 9 20 37 35 53 10 17 63 41 70 48 14 27 60 5 29 55 52 3 19 18 43 64 8 21 16 32 49 56 59
65: 69 3 50 66 45 48 56 15 31 70 65 64 46 6 67 17 53 4 29 39 25 18 60 33 41 16 58 34 10 51 8 49 5 26 68 61 40 42 19 23 62 12 20 44 14 1 57 9 63 36 24 2 55 37 21 32 7 22 47 11 43 35 52 59 38 13 54 30 27 28
66: 45 7 31 14 44 16 20 23 12 38 62 47 29 53 4 9 48 59 24 37 43 69 25 50 6 17 68 63 2 3 8 70 49 33 32 54 42 18 26 27 10 66 51 35 41 58 28 56 64 13 5 40 52 11 19 55 67 65 21 22 60 30 39 57 46 1 61 15 34 36
67: 19 41 29 56 9 15 43 13 18 68 38 51 65 50 20 5 64 31 67 42 23 27 2 54 4 39 30 17 62 22 44 26 25 52 16 46 14 40 11 49 3 57 28 6 69 61 21 63 7 45 55 36 10 1 34 8 70 47 60 53 37 35 59 66 58 24 48 33 32 12
68: 42 57 44 46 35 30 5 10 29 53 70 23 6 31 22 45 55 48 39 17 12 7 20 2 24 13 14 41 9 16 60 26 50 21 27 15 61 37 38 63 68 36 47 52 65 64 11 67 49 34 32 28 66 40 51 19 3 56 59 8 25 18 62 1 33 54 4 43 58 69
69: 43 2 59 69 68 16 55 7 48 45 66 39 57 37 23 33 49 54 13 18 42 41 58 14 64 38 9 52 50 46 35 21 15 20 19 25 10 53 40 30 62 27 8 44 63 67 3 70 61 29 60 1 47 5 31 56 51 32 12 24 22 17 65 28 36 11 6 4 26 34
70: 50 44 6 41 42 2 11 47 30 7 40 62 4 57 68 22 29 17 34 65 8 55 39 28 53 14 19 67 15 48 59 35 58 26 66 31 61 27 46 9 25 52 36 63 13 60 20 10 37 33 45 1 3 12 32 51 43 38 18 69 21 24 16 23 56 5 64 54 70 49
1: 18 47 35 39 68 46 3 7 51 65 2 6 38 25 4 8 41 62 32 10 22 40 69 9 48 60 12 59 23 61 54 13 53 44 26 43 16 64 24 67 50 70 55 14 17 49 21 34 1 28 29 20 5 15 56 30 37 36 57 11 45 27 58 66 63 42 52 31 33 19
2: 30 58 12 14 17 5 38 22 62 24 8 32 3 47 2 9 51 46 66 54 7 65 48 44 31 28 6 1 41 50 64 55 43 37 18 10 21 26 68 35 56 63 13 27 4 15 25 59 40 69 20 36 49 53 39 60 34 33 67 70 19 45 52 57 42 16 61 29 23 11
3: 48 69 49 5 29 67 19 16 38 61 34 1 53 15 7 8 14 41 45 47 50 64 51 39 62 17 40 32 28 35 66 33 56 6 21 27 20 59 24 43 25 22 54 42 52 68 9 55 30 23 18 36 13 37 12 10 57 63 2 65 58 46 60 3 4 26 31 70 44 11
4: 70 40 51 34 42 19 3 65 59 69 25 15 37 5 54 64 9 46 52 17 41 12 49 35 68 63 13 16 28 30 26 24 2 60 55 44 56 7 21 43 20 8 29 61 1 23 53 45 4 39 22 27 11 6 38 47 67 10 66 31 36 14 50 18 32 58 57 62 48 33
5: 22 39 56 37 41 12 9 2 14 58 64 49 54 53 66 46 16 15 42 28 23 25 48 61 20 33 6 69 65 47 1 30 4 18 31 40 38 5 11 7 43 13 34 3 55 59 60 52 26 29 24 17 50 19 70 35 68 51 8 36 10 63 27 62 21 67 44 57 45 32
6: 7 5 52 49 58 60 30 35 45 65 39 59 54 44 25 26 3 2 69 16 38 37 62 48 36 67 20 10 18 66 14 21 68 13 19 56 47 6 15 11 29 9 23 53 64 63 61 51 46 4 12 27 24 57 34 55 50 70 32 31 42 17 1 22 28 8 43 40 33 41
7: 10 9 5 24 47 12 22 4 27 51 34 44 63 21 66 61 37 13 53 55 58 19 20 2 43 26 35 41 6 67 69 42 30 49 36 54 62 15 29 50 40 14 45 64 57 39 65 60 31 68 38 8 17 1 56 32 3 59 48 52 70 46 7 25 28 11 16 23 33 18
8: 38 43 36 60 19 9 66 54 3 6 33 44 7 32 27 22 40 30 26 34 59 14 57 16 28 62 1 63 20 50 11 17 24 23 35 42 47 12 5 65 18 29 45 49 52 51 25 61 4 31 10 64 46 41 58 2 48 56 37 55 13 39 53 70 67 69 68 15 21 8
9: 54 23 17 33 1 21 45 63 19 68 59 57 56 35 50 32 24 37 61 62 4 26 7 22 16 8 39 25 27 38 58 46 47 41 42 67 60 65 69 9 30 43 51 10 31 66 2 15 34 64 5 18 29 44 11 14 55 53 70 13 40 48 12 6 52 3 36 20 49 28
10: 36 24 3 55 61 37 64 7 17 30 4 59 18 48 27 26 58 19 68 44 69 52 43 51 20 33 42 28 39 8 21 53 56 66 45 1 14 57 34 62 13 5 23 41 46 49 9 60 22 10 16 65 11 15 6 12 63 67 25 29 40 2 32 50 35 38 31 70 54 47
11: 27 53 43 18 7 34 49 64 50 24 42 66 40 39 58 26 5 22 8 33 6 44 1 13 35 38 14 12 19 48 46 45 16 63 15 17 30 51 47 52 57 10 25 36 54 65 55 70 41 32 59 2 62 28 4 3 31 29 56 67 61 9 68 23 21 11 69 37 20 60
12: 62 44 21 56 12 64 22 25 18 39 58 32 1 14 68 2 43 30 35 10 48 57 40 69 70 66 54 6 3 51 59 46 8 31 36 38 13 9 24 5 61 63 47 50 23 65 19 11 4 7 15 41 26 55 20 53 42 27 37 16 34 28 29 52 67 17 60 33 45 49
13: 16 32 20 51 7 24 19 30 15 9 12 70 22 14 17 27 52 53 46 35 63 69 36 4 50 1 23 6 66 44 31 45 58 55 62 41 67 40 68 2 65 61 54 18 13 33 47 43 38 42 34 28 39 64 26 11 56 21 25 60 57 5 49 37 29 10 8 59 3 48
14: 55 50 65 43 19 30 51 25 18 11 63 31 24 35 66 20 36 32 4 1 52 56 38 67 29 48 21 7 54 6 49 62 60 12 8 14 34 70 42 64 41 16 59 46 3 22 39 13 57 28 61 47 15 37 69 10 33 27 53 17 23 40 44 9 2 5 58 26 45 68
15: 53 47 38 59 49 50 1 65 42 17 46 15 41 44 14 7 62 2 4 40 13 68 33 67 5 20 54 45 58 55 60 64 57 31 24 70 16 51 35 63 43 66 18 37 3 8 27 23 12 39 10 11 9 30 29 28 32 48 22 69 6 21 34 19 26 56 61 52 36 25
16: 13 64 56 46 25 65 20 62 16 55 37 34 58 59 44 51 23 47 36 1 69 18 42 6 17 19 41 66 43 14 27 35 48 22 15 54 32 61 24 45 21 11 8 5 10 29 26 49 31 50 4 67 3 38 57 52 28 40 63 2 68 60 33 70 39 9 7 30 12 53
17: 18 45 65 14 42 33 58 16 11 20 24 39 43 25 13 50 12 36 30 56 5 62 19 51 48 40 6 54 63 59 7 69 61 15 38 1 49 10 47 41 9 44 37 22 28 26 8 23 64 31 29 32 17 53 70 52 68 3 2 57 46 35 67 60 4 66 34 55 21 27
18: 12 35 39 29 7 10 36 34 17 24 66 64 21 19 54 61 69 1 28 26 60 63 40 70 37 65 31 67 3 48 18 30 59 38 23 5 25 9 41 42 45 52 51 56 50 62 4 43 8 2 22 16 46 53 47 15 58 32 33 55 11 20 13 68 27 14 6 44 57 49
19: 12 47 65 27 21 6 67 63 28 25 19 53 17 66 49 33 2 41 9 13 62 29 42 18 30 20 1 34 7 37 46 43 22 44 45 11 68 4 58 64 8 59 32 5 26 55 35 40 51 10 54 16 60 23 14 70 36 61 24 69 3 56 48 15 57 38 39 52 50 31
20: 33 45 57 30 69 44 16 23 5 38 28 21 62 39 4 31 3 41 53 14 52 12 51 1 58 49 37 63 10 50 35 34 24 46 40 55 2 70 54 20 8 67 65 59 26 64 15 9 42 66 11 56 43 32 18 68 60 19 13 7 48 17 22 47 27 25 61 36 29 6
21: 34 32 3 6 64 33 26 9 25 27 52 45 57 59 15 46 23 10 69 40 8 44 37 70 65 50 5 68 13 61 2 18 22 28 30 67 20 53 42 41 12 56 48 14 24 17 62 4 16 54 39 35 19 7 43 47 29 31 21 66 38 11 1 36 58 55 63 49 60 51
22: 57 40 25 30 9 68 4 42 48 10 20 39 6 37 13 26 66 17 47 41 21 58 18 69 49 61 51 15 8 64 63 28 19 50 55 44 43 24 33 14 16 32 65 60 12 70 1 52 11 62 7 22 36 29 5 46 31 34 23 35 53 59 27 2 54 67 3 56 38 45
23: 26 30 61 24 17 48 22 14 19 33 20 4 2 55 50 69 23 64 11 9 29 6 53 40 59 46 34 37 10 51 57 47 38 68 12 49 63 21 27 41 43 25 1 28 58 67 39 13 70 35 66 31 18 52 36 5 62 32 8 3 44 7 56 65 16 54 15 60 42 45
24: 55 8 12 36 10 64 40 24 48 5 47 42 39 9 22 4 68 52 38 6 41 70 14 21 2 11 1 53 29 66 15 27 61 13 56 34 19 45 37 23 49 35 28 17 59 63 69 65 44 57 20 43 46 33 16 3 31 7 30 51 54 60 25 58 62 18 67 32 50 26
25: 7 45 35 30 46 47 9 39 27 8 26 52 11 23 24 49 12 65 40 14 59 25 13 48 55 62 29 5 53 61 64 37 63 21 66 43 56 4 41 44 10 16 50 70 57 60 42 3 54 19 22 38 28 1 36 51 69 67 58 68 15 18 17 33 31 6 20 2 32 34
26: 67 58 25 3 2 35 31 65 16 45 52 57 43 27 69 18 60 17 24 68 41 56 19 59 40 23 66 62 11 37 30 70 29 20 63 7 34 8 55 9 54 39 46 15 22 12 38 61 33 13 14 1 26 28 6 42 50 21 5 44 49 64 47 4 36 10 53 51 32 48
27: 60 68 51 16 66 44 15 62 1 9 19 61 24 53 54 10 34 31 56 20 57 12 5 21 70 37 40 4 69 2 63 33 17 50 49 65 58 48 8 22 38 46 43 7 59 32 39 28 14 27 45 13 42 64 18 55 11 26 47 36 29 30 23 41 67 3 6 25 35 52
28: 41 24 20 17 68 32 44 12 59 35 4 56 9 14 46 37 34 66 67 40 29 58 22 53 1 33 10 61 65 16 43 8 13 25 36 50 51 28 23 64 39 21 49 57 45 11 2 63 5 48 18 38 70 15 62 52 6 69 42 60 26 47 55 7 30 31 27 19 54 3
29: 12 44 43 23 40 65 22 61 69 4 25 27 34 8 37 16 38 14 32 66 60 70 17 39 5 48 46 31 56 59 2 54 1 3 10 7 18 53 35 26 41 24 64 50 62 33 45 67 55 29 11 28 68 36 58 20 57 21 52 19 13 42 30 47 15 49 63 9 51 6
30: 4 29 13 23 59 51 64 7 6 54 39 25 15 1 37 27 47 17 53 67 69 22 26 68 45 36 12 46 14 49 44 50 2 30 48 38 10 8 40 5 63 41 33 21 65 28 70 32 11 57 52 58 66 19 61 62 24 35 60 31 16 18 56 43 9 34 20 42 3 55
31: 12 17 63 57 68 27 4 41 30 50 9 53 37 52 29 61 5 21 24 15 49 47 34 66 46 11 7 60 58 48 25 26 8 13 51 10 31 16 20 39 45 6 69 59 19 14 70 22 33 32 62 3 44 56 43 1 54 55 67 42 35 40 2 64 23 38 36 18 28 65
32: 11 20 35 6 38 40 64 33 47 25 12 5 65 34 17 67 66 23 48 24 43 61 36 55 15 46 49 13 3 57 14 62 16 1 32 52 59 39 54 7 45 26 4 68 18 19 51 53 60 9 42 37 30 2 44 28 10 41 69 63 8 29 22 58 56 70 31 21 50 27
33: 68 49 57 41 66 28 17 37 65 38 34 47 13 4 31 53 19 25 40 22 50 30 33 26 48 70 67 5 62 60 16 18 23 12 2 46 21 55 15 58 61 35 32 20 43 45 14 59 3 1 36 56 42 8 29 64 63 6 54 69 7 27 11 51 52 10 24 9 44 39
34: 50 57 69 6 2 13 56 45 68 5 29 54 27 7 25 35 41 58 37 16 18 10 23 11 48 21 15 60 17 32 33 55 40 8 22 38 51 4 59 31 39 30 65 63 24 46 36 19 44 26 53 64 34 1 3 67 52 66 47 62 20 9 49 42 14 28 61 43 70 12
35: 27 33 31 18 32 37 22 39 48 57 62 45 47 6 44 34 66 58 15 64 41 42 3 50 36 10 49 16 19 5 67 53 1 29 65 4 54 52 70 7 56 20 68 24 12 63 17 2 35 61 60 30 40 9 69 13 28 14 43 26 51 23 55 59 38 11 25 21 8 46
36: 65 68 50 63 1 26 56 19 57 61 16 69 67 4 21 29 46 20 30 18 52 48 6 37 49 33 22 51 66 2 10 39 31 41 42 44 54 70 55 13 53 12 9 45 11 8 35 24 47 15 3 25 17 64 23 43 28 58 40 32 7 14 38 36 60 5 62 59 34 27
37: 50 58 43 1 35 22 59 17 57 32 46 53 19 49 55 56 36 60 14 63 69 28 10 47 67 15 12 54 11 66 65 4 24 33 68 23 8 20 64 2 26 40 52 21 39 45 34 13 29 30 5 6 25 51 31 41 27 42 44 61 7 70 18 62 9 37 48 16 3 38
38: 45 52 1 35 50 60 37 30 70 19 14 31 39 61 21 59 26 43 38 16 51 56 2 49 4 27 7 40 34 67 25 13 54 47 55 28 20 32 8 5 29 48 9 24 23 11 42 68 57 33 63 65 36 18 69 41 44 6 3 58 22 15 64 10 62 12 53 46 66 17
39: 62 1 57 68 32 42 15 45 37 2 29 25 9 38 61 23 69 70 48 3 66 14 65 19 17 46 6 22 51 11 26 47 34 35 13 44 63 12 21 16 20 10 67 7 5 30 28 43 31 53 54 33 52 49 55 27 58 60 56 8 39 64 18 50 4 36 40 59 24 41
40: 17 22 39 38 37 12 35 28 40 11 10 61 16 66 15 26 67 23 68 7 1 45 14 41 44 3 30 24 33 34 54 9 47 8 55 19 51 50 60 6 36 52 13 4 43 42 69 29 48 65 57 31 46 59 62 70 53 49 20 5 25 21 63 64 27 56 58 2 32 18
41: 32 59 3 16 28 30 7 60 18 57 61 1 8 29 45 31 35 33 51 13 34 64 69 36 53 47 38 22 52 27 6 12 39 48 40 62 41 37 9 58 43 67 26 42 4 50 49 68 46 14 24 15 25 2 10 63 44 56 20 21 17 19 70 11 54 23 66 5 55 65
42: 43 40 10 59 4 48 42 53 30 68 45 62 37 26 35 11 31 24 22 6 65 15 28 7 34 51 44 41 47 61 66 2 56 9 27 55 8 19 36 70 21 18 1 58 12 25 38 60 57 3 50 54 46 67 52 69 29 16 39 23 14 33 17 13 49 64 63 32 5 20
43: 31 45 66 17 56 68 44 6 64 3 57 26 39 25 65 47 40 70 20 48 19 60 61 7 41 28 33 29 37 62 10 52 21 43 49 23 11 54 42 24 55 35 51 59 9 38 69 13 36 2 8 14 15 1 53 50 27 34 46 5 12 63 58 22 16 18 32 30 67 4
44: 2 67 65 53 12 14 30 48 68 63 11 35 31 62 50 38 29 34 9 5 25 6 4 23 59 3 37 10 18 40 51 15 20 17 16 47 64 32 52 1 46 56 27 45 58 70 26 43 13 33 28 8 60 55 57 22 66 21 61 41 54 24 69 44 49 42 36 19 39 7
45: 41 4 15 1 58 14 55 34 16 62 19 3 32 11 9 37 38 46 70 49 21 53 63 18 68 39 33 27 12 60 47 44 28 66 40 57 26 8 67 25 30 65 43 56 10 35 5 2 59 52 48 64 17 31 7 36 20 6 24 61 50 69 42 29 13 54 51 45 23 22
46: 16 43 70 55 14 35 34 39 22 6 38 7 48 2 63 30 40 33 28 37 53 15 51 26 62 69 56 32 42 18 11 61 5 60 36 58 1 23 10 41 65 24 44 13 49 29 52 66 20 59 21 50 67 17 46 27 47 12 45 4 64 9 19 57 25 8 54 3 31 68
47: 69 31 51 57 20 19 6 65 43 45 55 48 60 27 38 10 32 58 44 22 14 26 4 24 30 11 15 5 2 52 50 9 23 42 29 67 13 16 1 68 61 18 17 3 21 33 53 37 47 34 8 36 39 35 49 40 62 64 56 25 12 70 7 54 59 66 63 28 41 46
48: 20 13 11 67 56 64 59 61 60 66 25 39 18 55 22 52 24 26 7 58 32 51 6 29 12 44 50 30 45 14 43 36 41 28 31 4 34 47 68 69 16 70 40 2 15 33 46 21 35 37 5 57 48 63 38 54 23 1 27 3 17 42 19 65 9 10 53 62 49 8
49: 5 41 55 51 23 35 4 37 24 36 43 28 56 1 39 59 16 10 9 63 33 47 66 42 30 15 6 18 48 62 21 68 13 52 50 27 3 57 7 14 11 19 12 69 20 60 54 46 65 34 2 31 17 25 45 64 70 8 49 61 40 67 38 22 26 32 44 29 58 53
50: 33 64 6 18 59 1 58 9 61 12 51 38 7 22 60 2 17 19 29 41 3 69 62 40 28 23 11 44 43 54 37 27 52 5 50 67 4 66 48 65 34 32 26 53 68 16 30 15 55 36 13 31 49 45 46 8 57 14 35 42 39 24 70 63 21 20 25 56 47 10
51: 60 31 21 9 36 6 62 63 68 7 27 57 40 58 16 41 61 64 23 70 49 33 10 46 29 17 25 35 53 11 67 48 13 2 51 43 1 37 54 24 18 45 44 69 42 39 15 8 26 56 22 5 30 50 20 34 66 12 28 52 59 55 32 19 3 65 14 47 4 38
52: 33 37 19 22 67 6 25 59 52 18 61 62 5 13 9 43 63 42 46 16 56 29 47 50 28 30 32 27 57 70 26 48 1 11 44 31 14 34 51 8 53 35 60 66 40 12 68 49 17 65 24 58 55 20 10 64 36 54 4 41 21 3 23 7 38 45 2 15 39 69
53: 44 17 25 31 34 5 18 61 21 53 7 51 68 1 67 43 30 20 41 69 37 58 22 27 62 46 49 2 16 19 70 45 42 33 24 35 13 47 36 32 54 26 63 52 9 29 59 48 3 4 11 14 56 55 65 6 57 28 60 15 64 50 38 8 39 10 66 40 12 23
54: 23 46 5 51 61 20 57 45 24 70 41 22 48 31 17 6 69 33 21 13 55 15 49 8 42 27 7 37 63 4 50 54 53 2 30 40 64 38 52 32 56 47 36 34 28 67 11 9 60 25 62 39 43 12 14 58 65 68 29 59 10 1 44 35 3 19 18 26 66 16
55: 32 2 54 56 59 13 38 40 12 44 11 48 27 20 9 43 70 1 6 49 7 18 24 51 34 47 30 42 35 58 26 63 53 4 36 5 28 67 25 57 45 15 65 31 14 37 69 22 16 19 23 39 10 68 50 17 41 33 64 52 21 66 61 62 46 3 8 60 55 29
56: 4 12 24 51 2 11 3 7 57 26 55 16 54 50 5 59 23 32 43 48 62 44 6 14 60 8 46 66 39 21 63 41 27 49 61 34 70 25 52 64 56 19 58 53 45 29 20 35 36 40 33 47 10 38 9 18 17 30 15 1 28 69 65 13 67 68 22 37 42 31
57: 31 68 29 51 38 34 17 42 61 32 62 24 11 60 39 36 25 26 49 40 50 14 22 46 35 52 59 19 55 16 64 5 12 43 33 53 6 58 20 7 41 15 2 9 48 37 8 4 30 18 67 65 54 23 66 63 10 56 27 21 69 13 57 70 1 28 45 44 3 47
58: 70 46 56 18 32 7 55 3 25 58 65 67 53 62 2 13 10 69 34 42 30 49 54 66 21 5 40 29 8 52 51 28 11 47 63 50 39 41 24 12 19 36 64 35 33 23 17 20 59 48 43 31 14 1 38 16 57 45 4 27 60 9 15 68 22 61 6 26 37 44
59: 37 43 3 20 19 10 44 55 8 2 32 53 59 51 7 15 68 13 46 31 47 62 67 66 61 64 41 34 18 42 40 27 39 22 21 12 9 16 45 26 6 54 52 50 35 33 14 65 70 28 23 29 56 4 69 11 25 60 58 24 36 63 30 38 1 5 49 57 17 48
60: 1 65 4 23 54 21 51 67 9 25 17 61 14 18 41 36 2 44 68 13 43 55 38 59 47 32 34 52 22 62 26 6 28 69 40 5 31 56 12 45 30 3 7 11 42 35 66 19 70 10 37 57 48 29 64 27 33 63 8 53 46 60 39 24 50 58 15 16 20 49
61: 51 46 44 19 1 31 52 36 56 16 15 37 50 47 68 66 20 41 11 10 18 55 32 60 4 53 33 35 21 67 25 43 54 8 64 49 6 2 27 29 69 22 23 61 24 14 45 28 38 58 62 70 26 42 57 9 5 17 59 63 3 39 12 65 34 48 30 40 13 7
62: 68 38 22 63 59 29 41 3 7 43 31 18 4 11 24 42 70 45 10 1 26 19 9 54 67 27 40 25 33 60 37 65 6 2 49 64 12 15 55 35 53 62 14 17 51 5 61 34 39 69 66 56 8 57 44 21 16 20 23 30 28 58 50 47 48 13 46 32 36 52
63: 53 24 20 49 4 56 15 51 41 3 69 32 47 19 36 57 18 7 44 28 25 2 33 29 9 30 66 54 8 12 64 50 38 10 1 31 67 37 16 46 27 34 45 62 21 22 26 35 11 70 40 58 60 5 61 52 39 43 68 14 42 17 65 6 13 59 48 23 63 55
64: 6 17 23 70 10 46 38 16 69 2 32 29 60 39 57 56 11 26 62 64 50 14 5 41 30 3 36 65 25 43 44 24 51 27 1 19 31 28 20 53 15 66 34 12 58 22 13 67 55 42 49 4 45 52 35 54 33 48 8 68 21 63 9 7 40 61 47 59 18 37
65: 54 15 62 22 32 64 38 70 27 21 11 67 30 43 16 47 60 6 26 13 61 17 55 44 42 3 8 63 2 46 52 51 57 28 5 14 58 25 31 37 69 18 40 45 19 35 1 7 68 66 48 23 50 4 36 10 33 24 59 49 9 56 29 53 12 34 65 41 39 20
66: 62 67 58 66 29 25 57 21 26 30 23 45 59 49 54 33 41 7 38 65 14 6 12 39 35 31 16 52 8 44 27 20 3 40 36 34 55 60 46 61 9 64 18 5 68 22 4 10 15 17 1 2 56 37 11 63 48 32 42 13 43 47 19 69 28 53 70 51 24 50
67: 3 15 47 46 12 6 53 59 39 58 31 69 34 2 13 11 21 37 57 61 33 68 67 66 56 24 38 65 70 10 32 23 64 14 20 60 30 4 49 22 5 16 54 62 52 40 43 25 7 26 55 44 42 29 50 45 36 35 28 63 48 17 27 1 9 18 8 51 19 41
68: 56 69 43 39 50 20 48 68 32 60 2 66 62 3 61 10 64 26 14 54 27 59 16 11 7 70 42 34 21 15 25 45 36 65 30 35 49 13 46 37 17 40 63 23 51 5 9 18 1 52 12 4 22 28 6 38 29 33 41 44 31 67 55 8 19 53 58 47 57 24
69: 7 28 56 26 23 10 62 36 42 39 44 5 46 15 57 9 38 25 45 13 69 3 22 17 64 52 40 68 41 16 19 27 8 59 48 12 31 58 35 6 60 11 61 20 51 54 18 67 53 14 63 47 70 66 33 4 65 50 32 24 29 49 43 2 1 30 34 21 55 37
70: 63 37 33 3 31 50 20 15 62 24 43 44 29 52 53 68 39 49 32 30 22 40 34 36 58 18 11 5 17 61 45 9 70 13 26 27 69 42 67 57 7 21 25 64 28 41 65 23 14 54 19 48 8 1 4 47 12 35 66 16 51 6 56 59 38 55 60 46 2 10

instance parameter information
numMenOrWomen: 70
minLenPref: 70
maxLenPref: 70
skew: 0

