30
1: 17 23 19 4 25 11 27 7 9 12 18 15 2 8 22 
2: 6 18 17 14 26 27 9 8 
3: 6 15 9 19 3 25 
4: 21 28 10 16 24 3 18 26 2 22 23 14 25 12 17 15 
5: 19 
6: 20 13 19 25 1 27 24 4 7 6 11 2 16 18 3 
7: 22 3 28 1 5 16 9 29 8 27 17 18 21 15 24 
8: 8 30 4 2 17 
9: 19 8 21 4 30 20 
10: 29 12 27 6 25 4 18 23 
11: 3 23 4 28 5 18 6 
12: 28 16 3 11 30 19 27 21 
13: 15 3 1 6 20 10 30 28 29 4 8 13 16 26 17 23 22 5 25 7 19 2 24 12 9 14 
14: 20 15 27 24 18 6 1 28 25 11 29 2 10 
15: 1 25 17 29 27 4 15 20 22 5 26 23 28 19 14 12 16 
16: 1 12 5 
17: 8 29 4 
18: 27 
19: 30 
20: 16 18 1 
21: 25 12 22 5 14 2 10 17 29 
22: 9 1 21 7 
23: 5 3 6 14 26 30 25 11 
24: 29 11 15 18 23 19 27 9 
25: 12 16 21 10 17 2 8 19 29 1 28 
26: 13 6 9 29 14 25 28 15 18 
27: 9 11 12 20 22 19 8 28 24 3 26 
28: 11 12 
29: 19 16 12 9 18 2 
30: 16 26 28 23 7 6 22 9 15 12 30 13 
1: 20 22 6 14 15 25 7 13 16 
2: 29 1 13 25 6 14 4 8 21 
3: 6 11 4 7 23 27 13 12 3 
4: 17 1 8 9 15 11 6 13 10 
5: 16 21 7 13 11 15 23 
6: 11 13 26 2 30 23 14 3 6 10 
7: 22 1 30 6 13 
8: 2 1 25 27 7 8 9 13 17 
9: 24 3 7 1 29 27 2 22 13 30 26 
10: 14 25 4 21 13 
11: 23 28 6 27 14 1 24 12 
12: 28 15 29 4 13 21 27 10 25 30 1 16 
13: 30 6 26 13 
14: 13 23 15 2 21 26 4 
15: 4 14 1 3 26 7 15 30 24 13 
16: 15 7 4 25 29 13 30 20 6 12 
17: 8 2 13 1 15 25 7 4 21 
18: 26 10 1 4 29 20 7 6 2 14 11 24 
19: 5 27 24 3 12 29 25 13 6 1 15 9 
20: 9 27 6 13 15 14 
21: 12 4 7 9 25 22 
22: 1 4 27 7 30 21 15 13 
23: 10 4 30 13 24 11 15 1 
24: 7 6 4 27 14 13 
25: 3 26 14 6 15 23 10 4 13 1 21 
26: 27 30 13 15 2 23 4 
27: 18 24 2 15 12 1 10 14 7 6 
28: 25 4 15 11 27 26 7 13 30 12 14 
29: 21 24 15 14 13 17 7 25 10 26 
30: 19 30 23 13 9 12 8 



Updated preference list above: can be reinput into program.
Duration_ModCreation_milliseconds: 177
Duration_GetSolution_milliseconds: 6
Duration_CollectRes_milliseconds: 0

RawResults: 
20 29 6 17 16 11 22 2 24 14 23 28 30 13 4 15 8 26 5 9 12 1 10 7 3 27 18 25 21 19 

Duration_Total_milliseconds: 419

exitCode 0
code/Main_GS completed
