30
1: 1 6 
2: 17 15 4 10 1 7 29 19 14 
3: 16 9 21 8 26 7 25 4 2 24 11 20 5 1 23 
4: 28 6 17 29 2 18 4 10 5 
5: 11 29 16 10 13 9 20 15 5 7 2 6 1 12 14 4 28 
6: 27 11 16 19 23 9 1 4 22 
7: 10 
8: 22 17 12 26 8 18 28 15 
9: 16 15 25 30 26 3 7 12 17 1 29 
10: 28 6 9 23 19 7 29 21 5 16 8 20 
11: 20 14 5 23 26 3 
12: 9 13 27 14 2 24 1 23 12 
13: 25 
14: 26 6 15 18 25 20 14 16 30 5 22 10 23 8 13 17 1 29 7 
15: 21 15 2 
16: 13 
17: 30 15 20 9 
18: 1 23 6 8 14 26 
19: 12 17 18 
20: 19 
21: 15 9 26 30 
22: 20 30 4 23 21 8 17 
23: 25 29 3 4 
24: 22 17 1 4 24 
25: 17 26 16 
26: 25 29 17 11 
27: 5 11 1 
28: 15 4 25 18 27 
29: 11 16 14 25 3 21 
30: 5 24 20 8 
1: 27 9 6 2 24 12 1 18 5 14 3 
2: 15 12 3 5 4 
3: 11 9 29 23 
4: 23 6 24 4 5 22 3 28 2 
5: 4 10 30 11 3 14 5 27 
6: 1 5 14 10 18 4 
7: 14 9 5 3 2 10 
8: 30 3 8 14 10 18 22 
9: 17 10 3 21 5 6 12 
10: 7 4 2 14 5 
11: 26 27 5 29 6 3 
12: 12 9 5 19 8 
13: 16 14 5 12 
14: 2 12 14 29 18 5 11 
15: 8 14 2 15 5 21 28 17 9 
16: 25 3 14 10 29 5 9 6 
17: 22 19 26 24 4 8 14 25 9 2 
18: 19 8 4 14 28 
19: 20 10 6 2 
20: 10 11 14 30 3 5 17 22 
21: 29 10 22 3 15 
22: 6 14 24 8 
23: 3 14 22 12 10 6 18 11 
24: 24 30 3 12 
25: 13 23 26 3 29 28 9 14 
26: 18 11 3 14 21 8 9 25 
27: 28 6 12 
28: 5 10 8 4 
29: 9 2 5 14 10 23 4 26 
30: 21 17 22 14 9 



Updated preference list above: can be reinput into program.
Duration_ModCreation_milliseconds: 205
Duration_GetSolution_milliseconds: 2
Duration_CollectRes_milliseconds: 0

RawResults: 
27 15 11 23 4 1 14 30 17 7 26 12 16 2 8 25 22 19 20 10 29 6 3 24 13 18 28 5 9 21 

Duration_Total_milliseconds: 357

exitCode 0
code/Main_GS completed
