
Stable_correctness_tests: Date: 2019/1/21  Time: 18:19:43

Stable_numStableMatchings: 17
Stable_numPassedAcceptability: 17
Stable_numPassedCapacity: 17
Stable_numPassedStability: 17
exitCode 0
correctness/Main_Tester completed

solutions_found_by_ip:
7 10 35 8 29 4 39 19 13 6 9 30 25 26 16 17 36 27 15 11 28 12 23 20 34 32 5 33 14 31 22 21 37 24 3 2 1 18 38 40
7 10 35 6 29 4 8 19 13 39 9 30 25 26 16 17 36 27 15 11 28 12 23 20 34 32 5 33 14 31 22 21 37 24 3 2 1 18 38 40
7 40 35 6 29 4 8 31 13 39 9 30 25 26 16 17 36 22 15 11 28 12 23 20 34 32 5 33 14 10 19 21 27 3 38 2 1 18 37 24
7 40 35 6 29 4 8 31 13 39 9 30 25 26 16 17 36 19 15 11 28 12 23 20 34 32 5 33 14 10 22 21 27 3 38 2 1 18 37 24
7 40 35 6 29 4 8 31 13 24 9 30 25 26 16 17 36 22 15 11 28 12 23 20 34 32 5 33 14 10 19 21 27 3 38 2 1 18 37 39
24 40 35 23 18 4 21 17 39 11 9 8 5 28 16 32 26 22 15 27 29 36 1 20 34 3 19 33 14 13 30 38 7 6 12 2 25 10 37 31
7 40 35 6 29 4 8 28 39 24 9 30 25 26 16 17 36 22 15 11 13 12 23 20 34 32 5 33 14 10 19 21 27 3 38 2 1 18 37 31
24 40 35 23 18 4 21 10 39 11 9 8 25 28 16 17 26 22 15 27 29 36 1 20 34 32 5 33 14 13 30 38 7 3 12 2 6 19 37 31
24 40 35 23 29 4 21 28 39 11 9 8 25 26 16 17 36 22 15 27 13 12 30 20 34 32 5 33 14 10 19 1 7 3 38 2 6 18 37 31
6 40 35 23 29 4 21 28 39 11 9 8 25 26 16 17 36 22 15 27 13 12 30 20 34 32 5 33 14 10 19 1 7 3 38 2 24 18 37 31
24 40 35 23 18 4 21 28 39 11 9 8 25 26 16 17 36 22 15 27 29 12 30 20 34 32 5 33 14 10 13 1 7 3 38 2 6 19 37 31
6 40 35 23 18 4 21 28 39 11 9 8 25 26 16 17 36 22 15 27 29 12 30 20 34 32 5 33 14 10 13 1 7 3 38 2 24 19 37 31
6 40 35 23 29 4 21 28 39 24 9 8 25 26 16 17 36 22 15 11 13 12 30 20 34 32 5 33 14 10 19 1 7 3 38 2 27 18 37 31
6 40 35 23 18 4 21 28 39 11 9 8 25 26 16 17 36 22 15 27 29 12 1 20 34 32 5 33 14 13 30 10 7 3 38 2 24 19 37 31
24 40 35 23 18 4 21 28 39 11 9 8 25 26 16 17 36 22 15 27 29 12 1 20 34 32 5 33 14 13 30 10 7 3 38 2 6 19 37 31
7 40 35 6 29 4 8 28 39 24 9 30 25 26 16 17 36 19 15 11 13 12 23 20 34 32 5 33 14 10 22 21 27 3 38 2 1 18 37 31
7 40 35 6 29 4 8 31 13 24 9 30 25 26 16 17 36 19 15 11 28 12 23 20 34 32 5 33 14 10 22 21 27 3 38 2 1 18 37 39

num_solutions_found_by_ip: 17

Duration_ip_milliseconds: 55437
exitCode 0
correctness/pulpIP.py completed
