90
1: 21 65 82 17 48 63 88 89 80 25 36 15 60 13 87 78 76 7 26 20 30 52 23 18 22 32 83 2 33 85 66 56 62 71 29 35 81 55 45 42 39 4 47 37 68 41 53 27 11 72 38 77 31 19 57 8 75 79 14 51 24 84 40 3 10 49 67 64 70 28 44 58 69 6 1 59 9 54 43 5 73 34 86 74 16 61 50 46 12 90
2: 9 88 53 13 37 24 29 49 7 65 84 1 32 81 11 79 52 74 42 27 16 70 6 55 25 78 15 30 56 59 76 20 85 67 50 86 4 54 63 62 80 45 40 38 72 75 8 51 43 18 64 10 31 71 19 44 90 47 61 83 26 69 77 58 39 41 28 12 57 23 82 60 36 34 68 21 48 87 14 22 17 89 5 2 33 66 46 3 35 73
3: 61 74 52 12 63 31 84 75 36 69 50 23 1 78 9 44 19 49 65 32 2 41 64 27 11 15 85 28 46 89 72 70 79 80 30 25 82 45 81 76 77 37 90 29 43 7 38 40 54 57 8 87 16 51 24 4 58 60 39 6 62 26 3 5 67 71 83 35 53 56 47 88 21 33 34 73 10 48 14 66 59 42 17 20 86 55 13 18 68 22
4: 3 4 32 7 67 5 61 64 16 34 9 74 89 56 65 59 39 55 19 60 40 84 54 11 75 46 44 88 76 38 36 57 12 37 30 14 58 85 24 2 23 52 48 66 50 53 70 26 87 78 15 43 8 86 31 68 73 27 62 82 51 25 77 6 18 41 45 22 49 10 1 17 80 83 33 81 47 35 63 42 79 21 28 20 13 71 29 90 69 72
5: 2 56 27 30 10 31 36 65 19 54 37 11 1 28 67 47 61 68 7 57 82 16 64 35 12 86 25 62 88 75 32 17 84 51 79 26 73 33 43 15 83 85 24 53 71 18 55 58 60 59 87 77 42 52 14 9 5 76 90 23 70 78 39 49 41 80 21 72 50 6 34 63 44 46 45 69 40 74 3 89 66 4 29 48 22 81 20 8 38 13
6: 6 62 88 26 67 3 59 89 63 11 70 18 75 90 56 37 43 80 51 23 13 82 41 19 64 1 58 79 86 42 55 29 83 28 71 9 46 27 14 38 78 17 87 69 52 16 84 77 4 65 73 7 5 21 53 22 68 48 2 33 49 31 32 40 45 44 34 12 47 25 15 36 57 72 30 24 66 35 74 76 85 81 50 39 60 54 61 10 8 20
7: 70 32 65 10 17 82 39 66 63 28 60 73 31 16 53 30 75 37 5 84 72 21 8 81 23 15 12 69 56 76 14 18 35 44 48 19 77 50 47 68 87 45 6 43 59 13 4 11 85 51 88 29 24 89 20 58 27 52 90 57 9 7 49 61 1 38 25 83 22 26 80 55 40 86 46 79 71 3 42 33 41 36 74 34 78 2 54 67 62 64
8: 85 33 90 67 22 6 9 62 89 55 51 28 13 76 1 26 24 54 48 27 73 81 50 31 4 7 47 64 8 71 52 10 72 30 39 69 59 78 29 84 63 83 88 70 19 42 14 5 75 25 21 35 37 17 56 11 15 34 3 57 60 79 18 20 46 80 43 66 23 82 58 38 87 74 77 49 41 12 86 2 45 16 40 53 44 36 65 68 32 61
9: 17 65 8 24 3 19 75 52 37 73 83 81 11 5 79 27 29 14 56 41 84 20 68 71 30 66 85 15 54 77 45 69 4 74 48 35 76 64 9 36 49 47 63 78 38 87 10 58 21 13 60 57 39 42 22 25 28 50 31 18 55 88 12 6 80 1 32 7 2 70 67 62 44 61 23 51 86 34 59 72 89 16 40 43 46 53 33 26 90 82
10: 19 70 53 50 28 15 3 16 13 86 38 88 1 59 46 31 61 8 58 11 22 43 40 60 27 89 14 44 10 42 32 49 23 54 29 78 69 36 56 9 62 85 51 76 4 45 66 2 72 71 75 5 35 6 41 24 73 81 20 90 67 52 34 84 64 47 12 39 21 68 25 79 74 55 37 80 30 7 26 17 18 77 48 33 87 63 82 65 83 57
11: 2 33 75 5 62 38 82 66 48 69 35 78 57 68 36 77 86 50 42 4 56 83 90 18 22 71 39 87 16 11 46 14 24 27 13 76 30 34 41 25 47 12 54 72 80 84 49 32 67 63 65 3 61 45 89 73 55 85 59 21 6 28 9 58 53 10 74 26 37 70 60 51 17 31 19 52 43 1 29 15 81 7 64 23 88 8 40 79 44 20
12: 67 22 33 89 30 47 46 54 39 2 32 27 68 36 14 13 65 70 58 26 76 23 60 35 29 16 37 79 8 18 24 15 50 90 62 6 9 5 59 87 78 82 43 57 69 75 77 38 7 42 51 4 10 12 81 11 44 86 53 73 31 74 64 80 85 88 55 40 21 83 61 3 25 1 48 66 34 49 56 72 20 45 41 71 63 84 52 28 19 17
13: 78 75 69 68 84 18 27 66 65 37 1 80 6 11 47 9 85 50 51 58 36 34 12 56 82 35 57 67 25 45 77 86 55 76 42 3 29 52 73 88 13 89 72 79 87 64 54 43 61 17 21 23 74 10 48 63 33 5 41 26 24 22 7 28 59 44 8 30 70 31 20 60 71 46 53 49 2 39 81 40 14 15 90 19 83 16 4 32 38 62
14: 26 73 63 11 12 16 29 82 14 78 8 84 90 48 7 17 87 89 62 71 49 31 10 27 61 55 30 28 88 54 41 36 83 33 81 85 80 4 15 21 6 3 2 46 23 45 72 44 38 25 51 52 40 13 5 57 42 1 68 32 20 79 35 66 74 19 53 76 50 58 69 65 70 59 56 18 9 60 22 43 75 39 47 34 24 37 86 67 77 64
15: 54 58 3 50 8 63 76 79 13 78 39 14 56 11 9 69 77 90 65 74 72 37 43 88 45 53 67 20 7 5 21 47 49 71 46 36 66 86 82 44 12 24 52 16 35 81 55 34 31 61 26 23 89 87 6 22 28 18 64 84 48 33 15 19 83 85 51 32 42 62 25 40 59 70 29 80 27 17 4 1 57 68 30 10 2 38 41 73 60 75
16: 32 15 39 22 29 72 67 62 13 59 46 16 36 57 63 84 2 82 5 38 19 49 6 11 86 85 17 47 41 18 51 10 79 87 1 75 26 40 76 7 90 68 81 73 14 3 70 54 34 69 77 20 52 89 35 71 31 60 64 8 21 65 12 42 61 53 30 4 55 78 44 37 88 25 28 9 58 23 83 66 43 80 45 27 74 50 33 56 24 48
17: 32 65 7 51 82 76 39 4 49 13 14 73 53 42 43 79 72 45 22 86 15 60 67 66 81 70 21 68 90 61 1 3 44 85 19 16 83 52 88 11 12 36 9 71 5 23 24 38 18 69 37 31 59 34 40 41 20 62 57 26 64 29 56 6 35 84 75 55 89 63 78 8 46 27 50 10 17 2 77 48 28 33 25 58 80 47 54 87 74 30
18: 83 28 63 73 23 41 8 82 5 24 77 44 79 27 40 78 62 71 61 48 25 16 26 10 90 18 70 35 36 7 86 68 58 53 50 15 51 60 64 17 59 42 29 30 57 19 54 67 65 49 1 75 55 13 87 89 69 38 14 85 47 84 33 12 80 56 4 20 34 3 76 81 39 52 66 72 31 11 88 37 43 32 74 21 46 9 2 22 6 45
19: 58 29 19 53 45 86 33 3 50 67 51 14 32 88 70 78 28 90 40 20 87 66 18 17 31 47 69 15 62 34 48 39 5 55 25 21 4 83 85 46 7 52 57 59 81 13 71 1 77 56 11 89 79 76 8 64 75 24 16 54 60 72 2 49 80 26 63 65 68 74 22 43 44 9 12 37 6 36 23 27 73 10 30 35 84 41 38 61 42 82
20: 70 19 14 60 81 27 16 55 11 38 79 25 15 68 76 12 13 26 28 80 30 66 31 34 71 1 9 49 22 74 46 8 41 33 77 50 53 29 59 58 21 44 10 23 84 35 62 39 17 43 90 88 83 73 42 24 65 82 5 61 3 6 54 67 45 7 32 51 18 4 85 75 2 37 20 64 87 57 89 78 86 48 40 63 69 36 72 56 52 47
21: 59 4 21 28 42 44 18 13 58 60 87 57 49 20 78 38 88 89 46 39 15 51 41 16 62 80 32 67 66 69 71 6 23 72 77 24 63 48 56 68 75 11 40 84 9 14 70 65 61 73 12 74 19 27 45 54 25 17 76 5 52 31 1 64 34 33 85 81 10 30 37 50 35 8 90 2 22 29 43 83 82 86 55 26 79 53 3 47 36 7
22: 88 41 5 87 66 59 50 75 13 64 37 32 62 65 7 3 16 70 53 25 46 8 12 18 33 57 73 69 19 26 11 81 20 55 47 83 6 1 60 52 61 68 44 71 28 21 29 74 51 63 78 89 80 42 27 45 39 58 34 15 22 76 14 24 85 56 10 40 43 9 48 86 90 49 2 35 67 38 30 23 84 54 17 79 36 77 4 72 31 82
23: 36 3 34 65 71 83 11 31 69 10 39 87 18 89 35 12 57 81 64 29 19 78 42 53 16 37 68 23 41 56 4 20 74 60 80 88 24 82 32 14 79 55 49 1 17 45 38 66 73 59 48 33 5 51 86 2 52 15 26 8 77 72 30 22 6 21 58 70 75 85 25 44 47 50 9 40 84 90 76 46 7 13 62 28 61 63 67 43 27 54
24: 29 64 20 60 77 8 11 46 74 81 73 50 1 86 40 68 33 54 49 62 27 37 34 24 63 78 65 3 89 36 45 59 5 21 17 48 25 14 57 82 58 85 67 2 66 9 35 61 12 31 70 42 18 79 72 84 51 28 47 39 23 83 90 75 4 22 80 41 76 15 69 87 13 52 53 55 10 30 26 43 32 71 44 19 56 88 7 16 6 38
25: 64 70 50 78 15 74 68 4 73 18 72 71 55 11 58 28 32 19 86 60 31 30 7 10 42 52 57 27 24 43 63 12 14 5 9 3 51 79 38 80 69 39 81 88 36 56 77 65 46 2 6 61 44 40 49 33 22 1 23 87 66 90 47 48 85 26 13 16 53 25 62 75 82 29 89 54 76 67 41 37 20 83 84 34 45 17 59 21 35 8
26: 38 11 7 78 37 40 48 6 1 80 69 56 24 27 47 5 89 71 90 61 79 26 52 68 12 19 49 88 64 10 74 84 13 70 36 75 8 41 23 85 60 66 72 15 57 59 35 81 9 39 58 29 50 65 25 51 86 16 21 42 32 3 2 55 20 67 17 54 87 44 34 4 14 63 18 82 46 76 73 62 33 28 31 43 53 83 22 30 45 77
27: 32 46 41 75 90 7 8 58 64 25 33 87 17 55 74 15 24 79 40 26 69 45 68 76 3 67 84 34 19 88 89 53 73 82 35 61 14 4 50 81 23 43 63 6 65 37 20 56 1 70 13 59 66 5 18 48 31 11 12 21 38 28 44 51 27 29 36 10 9 16 57 60 52 86 2 72 83 77 49 71 39 42 78 22 80 54 62 30 85 47
28: 90 46 38 56 23 13 31 16 67 49 7 57 40 59 54 15 35 84 43 1 77 66 52 9 18 33 8 65 26 45 70 48 44 89 3 11 51 17 81 20 39 75 86 60 30 53 76 42 36 47 63 2 64 14 74 25 78 50 34 12 29 79 83 6 68 80 72 19 88 41 55 58 82 28 24 69 21 4 73 71 62 85 5 32 27 10 37 87 22 61
29: 38 9 67 54 11 56 62 10 76 29 14 37 46 75 34 36 3 49 17 35 30 86 48 44 60 64 84 74 80 85 25 59 51 19 90 58 12 61 88 79 22 47 72 2 32 83 23 1 7 70 45 13 21 89 63 68 53 33 31 15 42 27 5 41 71 69 26 39 18 66 16 50 81 6 52 20 87 77 57 82 8 73 24 4 40 55 65 78 28 43
30: 13 76 68 7 50 24 22 66 53 82 69 35 37 28 3 16 85 26 18 21 77 56 31 23 52 15 43 89 29 11 4 74 44 8 54 80 57 78 88 71 64 39 6 17 2 65 47 75 59 30 48 83 46 73 86 32 33 19 12 25 1 55 62 84 14 61 40 87 42 5 45 63 9 51 10 36 41 60 58 34 70 20 79 72 38 81 67 90 27 49
31: 48 64 67 87 19 20 79 85 59 45 72 56 7 60 24 74 11 39 26 18 22 57 28 68 10 50 83 63 37 29 17 66 70 8 27 78 31 4 62 89 2 33 47 65 1 46 3 49 77 86 41 53 90 76 43 5 82 16 35 88 84 73 44 54 52 51 25 42 15 32 30 12 6 40 75 58 14 21 55 34 36 80 13 81 69 38 61 71 23 9
32: 46 67 72 77 55 53 64 39 34 6 61 11 86 82 79 74 66 89 44 25 50 21 29 27 70 5 10 18 57 62 30 60 85 9 42 1 26 33 4 17 90 14 52 54 56 37 20 40 15 32 22 58 12 43 69 16 13 3 78 45 49 38 23 47 41 81 71 76 36 2 24 73 84 80 7 48 88 59 51 8 68 28 87 35 65 83 31 75 63 19
33: 80 19 72 76 3 17 37 74 48 47 15 30 52 27 35 7 53 62 49 59 40 18 34 79 83 28 32 9 77 45 5 24 90 16 81 21 11 66 38 84 23 41 82 43 85 63 31 25 46 50 69 12 10 51 61 65 60 13 89 88 73 68 75 39 20 2 58 78 70 36 55 54 64 71 42 8 22 29 56 14 26 33 86 67 6 57 1 44 4 87
34: 46 10 33 24 74 54 12 64 31 37 75 5 89 59 7 65 40 57 60 84 11 41 25 19 18 81 86 80 72 68 77 42 71 16 17 69 51 53 76 50 14 36 73 48 30 20 9 45 44 38 55 22 26 4 35 88 79 58 47 52 13 39 83 27 1 62 70 49 66 63 6 8 56 15 82 23 28 87 3 85 78 67 2 61 32 21 90 34 43 29
35: 67 45 38 64 78 22 52 57 56 90 17 13 66 86 16 83 60 32 30 5 69 10 48 24 9 81 19 46 37 61 88 12 26 31 33 71 18 20 47 29 73 15 63 34 36 14 54 68 25 23 50 43 87 1 82 75 77 65 2 59 42 70 76 21 85 3 7 79 8 55 35 89 6 41 58 72 39 80 62 40 51 44 53 28 74 4 49 84 11 27
36: 33 65 45 7 42 76 55 18 83 75 60 30 10 20 72 40 51 36 4 35 21 3 53 43 47 54 85 64 66 37 14 88 58 48 27 84 62 78 74 23 90 13 6 32 1 39 16 52 73 87 2 56 89 46 70 57 17 79 26 22 68 77 81 80 19 71 5 63 8 34 41 86 59 25 69 50 31 9 67 29 44 82 49 61 38 15 28 11 12 24
37: 5 87 36 31 26 63 70 81 69 71 34 51 49 3 46 68 15 9 75 33 29 10 73 30 57 14 6 88 37 50 48 8 41 22 82 21 43 65 53 80 32 54 39 18 56 28 89 84 13 27 42 83 79 11 77 23 78 16 60 64 38 85 1 86 59 58 74 25 55 7 72 24 20 61 76 19 67 45 47 2 62 12 44 52 40 4 90 66 35 17
38: 3 26 87 69 31 32 84 44 40 28 29 64 78 9 83 70 19 34 75 35 62 42 16 79 90 27 73 48 37 7 59 68 56 53 67 12 52 72 76 13 89 43 71 39 51 80 15 58 14 1 4 8 47 21 60 46 66 61 50 2 54 81 33 23 65 88 49 85 18 41 11 63 57 10 25 82 17 77 86 45 6 20 5 24 55 30 36 38 74 22
39: 5 72 60 13 18 69 38 19 42 3 80 26 45 46 10 15 53 1 37 28 57 82 54 6 47 61 32 87 49 8 22 20 48 51 21 34 90 89 12 36 55 74 66 67 17 83 29 39 24 75 79 73 88 86 33 43 85 71 11 41 14 27 56 76 2 7 65 50 59 25 58 30 70 77 9 40 4 63 44 52 64 62 16 81 68 35 23 31 78 84
40: 45 72 77 78 41 58 53 75 62 88 40 76 82 69 37 84 10 35 57 86 51 54 79 48 1 32 29 31 16 33 11 81 85 65 9 30 70 22 71 4 50 12 14 39 42 64 89 68 73 38 43 47 63 61 49 15 67 26 90 6 8 60 24 66 19 27 46 25 18 55 34 21 80 13 23 3 83 20 7 52 2 56 28 17 5 36 44 74 59 87
41: 6 75 62 25 37 89 33 30 77 90 67 45 53 39 17 49 34 78 44 74 18 79 5 29 69 68 61 28 82 8 48 81 72 55 60 50 36 58 12 54 66 57 19 32 3 56 47 10 2 71 35 38 80 26 73 14 76 84 4 7 42 13 85 88 65 43 87 20 52 41 27 22 1 9 23 70 11 24 86 31 63 21 51 40 46 15 16 59 64 83
42: 68 5 81 77 59 84 78 75 76 2 14 52 32 21 17 72 22 28 39 26 74 7 45 33 56 1 83 67 12 38 37 27 66 54 70 25 23 30 43 10 47 90 18 13 34 6 31 4 71 53 65 64 87 62 20 46 50 15 35 48 89 61 41 82 69 9 86 88 16 44 11 60 8 85 36 73 24 42 63 29 55 19 49 40 58 80 79 3 51 57
43: 29 20 65 11 18 56 53 10 67 32 24 73 40 25 68 52 50 17 75 58 16 27 85 83 78 12 31 51 66 34 36 2 13 90 57 81 26 8 70 15 7 30 3 19 74 89 84 77 55 35 23 28 37 45 62 47 71 80 87 49 43 64 59 41 79 46 21 60 5 6 48 1 63 72 54 86 44 38 22 61 88 4 76 82 69 42 33 9 14 39
44: 56 37 53 24 76 89 60 90 41 51 73 82 18 17 83 61 80 26 65 13 1 8 20 10 70 45 38 9 7 74 69 16 71 78 66 81 46 15 67 57 48 30 84 28 14 55 85 63 54 40 47 4 29 12 44 87 88 2 49 35 79 75 11 22 19 39 77 31 64 25 42 86 6 27 59 5 68 50 33 32 3 58 23 52 43 34 72 36 62 21
45: 31 66 58 3 51 77 13 69 48 55 67 85 44 86 87 56 65 80 60 10 1 68 53 47 52 16 25 6 42 84 27 5 26 30 63 88 2 59 36 71 33 46 32 35 40 23 41 15 89 83 61 9 74 90 28 11 57 14 39 64 4 29 19 75 24 43 73 37 20 76 79 12 21 50 45 54 38 70 78 18 7 62 49 17 81 22 72 82 8 34
46: 79 24 17 58 71 87 55 23 18 57 76 27 6 46 63 41 4 22 16 39 68 9 36 31 49 83 1 60 28 32 2 14 42 74 81 80 78 34 54 75 72 70 84 48 52 62 61 66 67 7 13 35 65 50 25 8 38 59 45 43 64 77 29 90 44 12 88 20 47 73 21 51 56 33 30 85 82 5 15 3 53 10 11 69 19 86 26 40 37 89
47: 69 1 47 52 12 38 15 37 2 89 84 20 72 54 35 74 83 63 87 45 81 22 60 25 9 39 76 46 57 59 31 71 14 26 75 5 51 65 55 33 79 19 61 3 43 7 34 8 56 49 24 85 42 82 78 77 73 48 29 4 16 66 40 36 6 44 41 30 53 62 64 58 88 17 27 10 67 80 90 23 50 13 68 70 18 32 28 11 21 86
48: 76 88 78 57 4 43 54 42 14 46 64 1 62 11 6 55 50 10 24 12 32 71 36 86 56 16 33 70 29 34 39 22 38 35 73 83 28 58 82 2 47 65 44 30 5 48 63 26 8 19 23 52 18 66 49 85 67 69 37 81 41 9 79 21 17 89 40 61 15 90 87 3 84 72 31 74 59 60 45 20 27 13 51 7 53 25 80 77 75 68
49: 84 1 3 7 31 87 45 38 64 9 10 42 78 19 48 89 21 82 54 57 81 72 32 28 58 50 71 79 47 80 33 40 24 70 23 4 85 49 76 12 27 66 61 88 67 34 59 62 53 68 46 86 13 65 51 29 22 74 26 37 30 5 25 77 55 43 2 8 16 44 73 6 36 39 14 17 56 63 35 18 60 90 75 83 11 41 15 69 52 20
50: 19 6 76 70 60 52 67 46 50 85 84 3 33 39 12 34 9 86 17 25 11 90 14 83 20 82 51 29 55 78 37 68 18 88 56 35 49 62 71 57 44 72 74 15 59 28 32 75 40 58 54 10 64 41 77 7 26 47 36 73 21 45 66 13 24 27 61 42 69 43 53 31 16 5 38 48 2 79 23 89 4 1 65 8 80 63 81 22 87 30
51: 81 2 46 59 38 39 36 67 87 47 29 6 69 42 25 82 1 15 14 84 45 31 65 85 23 70 89 50 83 90 58 75 28 79 21 13 32 71 54 22 73 72 88 37 34 30 19 24 76 51 8 40 52 27 63 57 64 35 66 26 68 16 5 11 61 62 53 9 56 18 48 55 7 17 20 60 12 44 3 86 4 77 33 80 43 74 10 78 41 49
52: 34 60 37 12 10 3 16 17 1 36 47 28 73 59 11 61 86 70 31 14 76 68 41 26 55 32 6 62 4 27 40 63 24 79 52 88 25 72 87 89 54 51 45 81 21 33 90 82 5 23 84 30 20 80 50 71 85 19 83 58 22 7 69 75 29 9 57 78 15 56 43 49 35 38 65 39 46 44 64 18 77 74 13 8 2 66 53 48 67 42
53: 44 27 80 4 9 58 59 65 78 31 29 25 73 76 79 15 7 47 75 32 2 50 60 48 84 54 83 68 61 39 89 88 8 46 64 82 45 24 66 74 28 23 81 21 63 16 14 30 67 18 43 11 53 56 49 86 36 41 19 71 57 85 52 38 70 69 87 77 34 13 72 62 1 90 22 35 40 3 5 33 51 10 6 55 37 17 12 26 20 42
54: 20 40 32 13 36 88 58 44 65 82 19 52 9 2 24 51 34 90 67 83 12 29 76 33 26 81 8 39 3 59 73 16 79 43 60 85 27 61 69 50 46 45 23 1 75 18 5 78 10 57 42 21 11 53 30 7 48 56 25 62 28 74 64 41 31 54 77 63 68 15 55 89 84 38 71 22 4 72 80 49 37 35 70 17 6 47 87 86 66 14
55: 1 65 30 24 7 8 35 41 62 15 79 69 2 56 11 86 27 34 87 13 51 52 40 20 21 61 33 59 75 88 58 17 5 84 89 23 12 72 46 19 54 81 9 63 66 71 48 82 49 70 31 78 45 25 85 76 67 38 32 47 16 42 60 77 64 28 6 36 83 37 18 55 50 68 39 22 90 10 43 44 29 74 57 80 73 14 53 26 3 4
56: 7 75 65 3 44 60 10 21 70 86 6 69 18 79 84 37 80 67 20 25 73 59 19 23 9 22 72 45 29 8 11 68 40 24 57 76 5 87 32 35 55 90 51 13 81 52 71 56 17 31 42 88 63 62 61 48 82 54 39 50 15 41 33 26 64 16 89 28 12 53 2 74 78 27 85 4 58 14 36 49 1 47 34 38 66 46 43 83 77 30
57: 84 45 6 63 1 56 14 69 88 28 35 37 24 86 12 38 61 31 68 30 58 11 41 62 15 7 13 87 78 32 25 64 89 85 22 18 36 48 4 75 49 33 27 8 10 51 34 70 55 59 54 29 40 3 44 23 52 82 5 26 16 2 43 77 46 76 50 65 42 72 83 19 90 20 73 9 17 81 57 53 79 80 21 66 67 71 74 60 39 47
58: 52 29 85 71 37 72 56 26 8 63 64 38 70 14 23 19 46 12 75 61 73 67 28 90 57 87 7 58 81 1 5 20 21 59 10 45 17 88 68 65 66 84 32 42 33 34 49 51 77 39 62 24 60 41 79 47 30 53 55 4 54 80 86 36 74 50 48 16 2 31 22 69 18 40 82 43 13 27 89 25 9 15 3 6 78 76 11 83 44 35
59: 68 71 2 82 66 80 61 5 35 50 75 19 90 20 46 54 23 53 12 47 51 8 73 70 49 40 3 38 30 72 14 79 37 89 4 39 42 36 67 52 74 33 87 83 77 48 24 69 65 32 6 16 41 34 62 44 31 18 64 15 56 1 57 45 63 13 85 21 76 59 17 10 7 9 84 22 81 11 43 86 88 29 78 28 27 55 25 26 60 58
60: 73 35 1 65 6 21 24 81 87 14 13 84 78 43 16 47 83 52 11 37 45 75 79 51 3 36 26 31 77 5 89 25 19 12 60 90 17 23 20 76 68 66 46 74 82 88 72 2 63 7 41 40 39 62 30 61 28 42 50 4 71 22 8 38 80 57 67 48 53 49 70 33 55 56 58 34 27 15 10 9 54 18 64 44 32 59 86 85 29 69
61: 31 59 19 82 34 90 86 1 10 20 17 16 28 47 71 3 50 77 69 33 35 27 79 56 57 25 40 29 80 13 78 7 49 4 68 38 30 6 83 24 54 66 46 43 88 65 36 48 51 11 76 81 26 9 72 75 84 62 12 39 67 87 42 89 74 23 63 41 85 15 37 2 14 52 22 53 58 60 73 32 45 70 8 21 18 64 44 55 61 5
62: 45 12 47 70 34 58 28 5 1 90 14 41 72 8 46 63 69 35 9 33 56 64 37 15 60 71 83 62 18 88 26 84 87 38 43 61 77 80 24 4 39 7 19 25 36 78 44 27 76 30 11 81 20 73 16 31 29 23 48 68 86 52 59 75 57 51 3 13 2 40 67 89 74 6 32 53 65 17 79 21 42 22 10 50 54 66 55 85 49 82
63: 46 30 79 41 69 17 16 39 28 88 25 24 61 13 65 51 68 43 36 23 70 27 3 9 12 81 6 14 76 90 11 62 31 66 20 78 87 10 84 52 89 50 34 59 63 26 49 53 67 55 18 57 15 60 45 22 48 80 77 86 32 38 83 2 21 42 4 33 37 54 44 8 64 71 29 74 73 40 82 58 85 1 19 56 35 47 7 72 5 75
64: 45 35 78 77 42 43 82 65 23 81 6 30 54 87 86 3 32 70 33 48 85 4 61 90 63 15 79 24 18 36 26 10 5 20 39 34 38 52 17 72 53 44 47 49 83 46 71 7 8 66 89 67 41 16 88 12 14 68 75 50 25 1 19 84 37 40 11 13 60 76 21 73 22 64 56 57 58 80 74 31 62 27 29 51 59 2 28 9 55 69
65: 47 36 61 40 24 49 28 63 65 45 8 3 23 87 76 35 20 73 85 17 59 32 44 42 74 79 83 4 56 80 60 75 38 69 53 64 89 10 81 57 30 39 68 5 78 19 50 72 33 70 31 66 54 88 62 18 52 84 15 12 34 71 77 21 9 43 7 16 2 67 26 22 37 51 82 6 86 11 48 25 90 13 1 27 46 14 55 58 41 29
66: 59 15 88 61 72 35 83 74 43 25 6 24 63 30 85 55 54 57 68 76 4 82 90 12 44 26 58 32 75 60 13 39 38 51 7 37 2 71 14 41 46 47 52 87 40 33 22 69 66 31 3 1 56 8 18 5 50 9 80 28 20 19 67 23 64 16 89 49 48 42 86 70 10 29 62 45 21 17 53 73 81 79 84 27 65 78 77 36 11 34
67: 43 41 37 32 34 44 51 14 29 18 15 83 38 8 82 16 85 23 9 7 47 50 84 52 75 42 55 21 39 33 19 70 73 10 57 2 22 20 26 45 68 12 1 66 78 74 67 25 53 5 88 80 36 64 13 3 61 31 89 63 76 40 90 81 69 17 59 87 65 72 71 35 62 86 60 6 77 24 4 79 11 56 54 48 30 27 46 28 58 49
68: 41 88 77 85 82 84 8 6 30 76 26 89 17 68 71 67 11 15 18 10 50 33 53 59 44 31 70 55 86 75 78 38 24 19 48 54 90 34 52 16 51 13 87 32 80 45 39 29 60 28 40 62 35 23 12 66 43 20 9 61 58 74 1 22 46 7 5 64 73 27 81 63 83 56 72 25 3 69 49 65 36 42 2 37 57 4 47 79 14 21
69: 87 3 25 61 18 11 54 17 59 45 10 51 50 34 46 79 70 47 58 76 81 24 20 56 64 86 53 7 52 14 57 55 60 39 73 16 62 68 33 65 19 22 9 1 88 12 63 37 49 38 31 41 82 29 42 71 2 5 74 26 48 90 30 72 67 75 27 84 78 28 32 36 15 43 85 69 80 4 40 89 77 8 83 23 13 6 44 66 21 35
70: 57 47 67 87 34 45 58 89 84 35 62 65 83 25 70 54 56 82 72 14 68 80 26 15 24 66 1 61 88 77 21 8 30 86 7 38 50 18 5 6 71 4 85 36 90 42 3 40 16 63 17 2 48 73 12 37 78 10 81 46 76 41 33 64 75 32 13 44 29 39 59 49 28 20 79 69 74 43 52 22 23 9 27 55 53 51 19 11 60 31
71: 7 69 21 6 77 75 41 26 32 38 30 37 22 55 10 60 35 76 48 71 11 36 83 62 45 2 84 24 85 82 58 47 31 23 86 79 89 65 63 43 74 19 29 61 28 51 3 16 64 44 8 56 87 42 57 14 17 18 53 5 50 54 67 59 20 68 49 39 13 12 4 34 27 9 66 81 73 70 25 90 52 40 1 15 72 78 88 80 33 46
72: 17 15 70 37 11 34 38 51 25 30 57 26 2 61 31 47 20 85 46 73 1 40 13 90 35 45 79 4 64 88 83 87 84 89 21 6 58 41 49 53 29 24 48 62 78 36 82 68 7 59 56 10 65 72 63 12 23 74 3 9 60 14 76 86 81 42 8 52 80 19 44 33 69 54 77 75 16 67 43 55 66 28 27 22 18 32 39 50 71 5
73: 74 28 81 53 33 35 22 52 54 89 5 46 58 17 88 21 62 83 2 56 39 20 4 24 10 49 47 68 27 61 45 78 25 26 32 71 63 38 57 77 51 48 65 36 90 66 70 31 8 84 1 12 44 73 23 80 43 76 18 30 6 50 86 41 55 37 16 19 85 7 42 11 13 34 75 87 29 9 67 59 79 40 15 82 72 3 60 69 64 14
74: 32 89 20 74 17 72 51 90 84 14 1 86 13 37 80 66 4 38 57 21 26 22 64 25 41 55 46 19 12 81 67 56 49 5 52 31 69 39 30 35 15 63 9 11 58 70 23 65 8 61 71 2 68 83 50 62 10 27 85 82 18 60 75 40 53 44 6 3 79 87 16 29 54 48 42 45 28 77 7 36 73 33 88 34 59 24 43 76 47 78
75: 66 76 33 6 12 57 41 58 54 37 52 87 35 64 7 15 21 75 59 73 43 89 72 3 83 4 8 45 19 38 11 1 51 28 53 74 34 48 69 67 80 23 20 13 22 70 32 86 10 27 65 31 84 82 2 39 14 55 40 63 9 25 61 24 81 47 77 5 60 85 68 78 16 46 26 44 50 18 79 42 62 29 36 71 49 88 30 17 90 56
76: 72 82 14 58 66 39 77 13 22 62 53 34 51 47 24 4 65 12 76 36 79 10 87 67 9 32 45 1 20 7 42 35 84 54 56 57 78 37 63 71 30 46 40 17 83 23 70 31 81 60 49 88 90 21 43 41 19 44 48 64 74 18 2 25 8 59 68 5 86 75 26 73 55 61 85 80 38 69 27 11 29 3 52 50 15 33 6 16 28 89
77: 62 55 60 25 34 52 15 3 51 2 70 20 59 11 57 29 67 41 88 86 21 4 10 19 63 84 46 48 23 30 9 42 5 64 43 31 37 45 87 72 74 24 12 69 38 35 53 32 16 28 68 22 78 44 83 85 49 40 56 33 80 75 26 36 66 54 61 71 76 17 8 65 82 27 18 58 39 6 89 79 13 47 14 90 1 7 50 81 73 77
78: 38 58 15 41 28 46 62 81 3 65 8 12 13 90 37 24 21 83 14 64 32 44 54 87 51 49 9 23 25 88 2 78 71 55 77 30 80 66 75 47 63 34 60 53 52 76 43 35 40 73 70 19 89 85 36 4 5 39 82 45 20 79 31 22 56 26 17 11 74 68 59 50 72 16 42 69 1 27 29 7 10 33 57 84 48 6 18 67 61 86
79: 83 77 79 61 78 21 75 12 63 88 29 17 10 39 38 84 22 74 8 24 13 4 5 47 46 30 69 67 16 54 86 6 55 89 76 32 34 45 70 15 90 49 72 85 68 62 25 1 65 9 3 66 57 44 59 20 23 43 73 11 33 87 14 2 31 71 58 28 7 81 82 19 50 52 64 37 56 18 42 80 41 48 53 26 60 36 40 51 27 35
80: 82 80 7 5 54 24 55 12 42 84 87 23 27 8 89 45 46 81 2 73 51 63 57 79 18 1 10 39 43 68 44 78 62 74 32 13 75 22 36 4 33 90 70 34 61 30 35 53 71 21 65 88 76 31 38 28 37 47 86 14 85 6 29 25 60 17 83 26 19 15 9 56 41 16 52 50 11 49 40 48 20 66 72 64 67 58 3 59 77 69
81: 35 24 57 87 90 65 78 53 83 27 14 12 8 47 16 86 5 58 22 74 43 6 85 45 32 18 33 3 34 49 4 46 60 52 82 76 2 38 39 30 15 42 61 7 66 72 20 55 41 13 75 73 11 10 62 25 28 26 88 64 23 44 81 51 50 67 1 70 63 59 17 71 37 31 84 21 68 79 54 56 29 77 40 80 9 36 69 19 89 48
82: 46 82 41 74 19 3 72 9 13 5 80 73 59 23 15 55 85 79 68 88 89 32 44 48 18 61 12 17 63 70 83 54 50 76 26 16 81 71 30 90 43 37 34 53 86 77 57 1 10 69 29 11 6 36 65 7 39 67 2 25 62 66 84 35 27 38 20 87 64 60 21 58 49 24 22 47 33 42 51 45 4 28 78 56 52 14 8 75 40 31
83: 46 80 58 45 66 21 68 70 56 71 84 90 4 69 65 3 17 19 44 79 16 35 38 75 83 62 76 51 73 59 47 33 5 36 60 86 39 8 37 34 49 50 25 6 40 89 18 53 55 78 13 1 42 85 27 31 67 20 72 23 54 14 87 11 41 12 81 77 64 74 43 30 32 48 61 10 82 22 9 24 15 26 63 7 52 88 29 28 57 2
84: 62 65 22 36 84 67 80 57 54 87 8 13 55 51 72 48 18 47 89 59 88 28 14 34 76 43 75 77 73 23 50 46 42 35 33 38 16 6 66 44 85 58 29 17 79 31 45 53 9 61 11 74 64 56 37 30 4 24 41 21 83 86 63 69 70 7 27 10 90 39 81 60 71 20 40 1 12 25 32 2 3 49 52 15 78 5 26 82 19 68
85: 84 23 65 47 63 71 70 6 30 61 87 64 59 68 58 69 40 62 76 90 41 24 54 20 29 39 45 28 82 73 57 52 4 27 2 67 42 49 66 55 31 18 50 11 26 72 60 36 44 32 7 15 85 81 89 34 1 88 8 46 9 75 22 83 74 79 14 35 21 33 51 53 13 5 86 16 43 56 77 10 80 38 12 19 78 48 37 17 3 25
86: 48 55 67 22 82 2 3 7 49 42 10 33 61 68 17 25 54 35 75 38 6 59 18 86 44 20 71 5 15 27 58 28 14 40 89 84 43 66 90 36 50 8 9 37 39 32 31 12 85 57 24 56 62 76 26 29 4 13 51 77 63 52 69 64 72 19 80 23 1 45 46 60 83 53 79 74 30 47 34 87 41 21 70 11 88 81 65 16 73 78
87: 46 37 56 41 49 25 9 85 29 59 23 39 10 40 81 55 90 21 1 16 17 27 57 52 4 32 73 65 7 71 86 69 53 47 76 75 82 2 78 8 62 11 51 58 89 66 77 87 22 79 35 31 18 43 61 24 44 63 54 3 80 30 60 33 34 36 6 38 13 19 68 74 64 15 48 5 45 84 83 14 88 28 42 70 72 26 50 20 12 67
88: 81 90 35 29 19 10 66 55 31 50 43 85 62 27 86 75 44 39 26 59 77 46 21 18 56 53 52 60 54 20 3 2 12 47 33 63 37 76 8 23 41 84 11 15 1 45 73 25 16 57 36 5 48 82 74 69 32 67 49 42 80 79 71 65 61 78 64 30 88 83 87 4 7 89 22 38 14 34 9 70 28 68 58 24 17 40 13 51 72 6
89: 66 30 50 5 40 69 23 76 85 31 12 24 78 35 65 22 62 52 4 26 33 7 64 55 8 70 34 17 3 48 71 75 39 54 84 89 63 83 86 21 82 14 29 67 90 38 79 43 73 77 15 13 44 74 88 58 87 80 81 68 53 36 51 41 25 10 49 11 6 47 56 20 1 60 16 9 28 18 45 19 57 42 46 37 27 61 2 32 72 59
90: 43 20 78 44 57 65 49 55 74 9 68 40 33 11 87 83 1 38 19 64 7 67 36 72 6 37 66 50 2 60 47 35 17 90 80 18 73 85 3 75 51 25 31 54 4 84 81 8 69 42 41 22 76 28 53 12 63 34 23 39 89 58 24 70 46 26 77 15 5 86 62 56 30 16 13 45 21 82 71 61 32 27 29 48 10 14 52 88 59 79
1: 23 49 88 31 18 39 50 76 20 81 5 60 14 38 33 70 65 54 47 58 64 36 21 13 71 3 45 17 43 24 12 80 22 8 90 61 27 74 83 15 84 40 19 87 77 7 55 44 42 4 78 53 73 85 10 16 29 48 2 56 28 41 69 89 25 6 57 35 51 86 82 62 11 63 37 66 75 30 26 52 67 46 59 32 79 34 9 1 68 72
2: 52 9 22 34 87 81 18 56 67 40 13 44 82 2 53 23 47 8 62 17 10 73 38 72 74 61 77 19 16 7 49 58 1 6 4 86 84 24 46 83 85 27 50 69 12 54 60 32 37 51 43 71 76 64 42 39 33 45 36 30 79 31 21 66 28 29 14 78 26 3 41 65 20 63 57 90 80 5 88 25 75 15 11 59 89 48 35 55 68 70
3: 50 22 61 67 73 53 37 36 2 76 5 49 7 85 8 75 54 89 48 90 38 58 29 87 65 66 79 74 24 56 45 33 30 52 9 18 69 43 31 35 27 78 84 39 71 51 40 16 20 11 17 26 63 81 47 1 4 88 34 13 21 42 19 44 72 32 41 70 86 15 82 68 23 28 14 59 6 25 12 55 60 46 64 10 80 62 57 83 77 3
4: 55 14 59 89 88 48 70 29 42 3 67 27 56 45 75 63 41 43 1 82 5 61 50 18 52 9 28 46 26 78 20 35 22 76 69 72 79 6 24 51 21 36 77 66 40 2 17 53 39 25 12 80 44 86 62 37 31 15 32 19 57 71 64 49 47 74 16 84 81 11 90 54 73 38 68 13 33 85 83 87 60 30 8 4 34 23 65 58 10 7
5: 76 18 4 55 78 88 16 45 69 74 22 66 90 2 42 59 63 79 19 57 51 43 41 60 54 50 29 65 48 11 14 31 68 52 24 44 20 83 64 46 38 71 10 77 34 81 15 70 61 25 27 39 33 30 36 72 7 80 17 32 89 35 87 67 13 21 28 82 8 23 85 37 62 9 3 84 49 12 47 40 58 75 6 26 53 56 1 73 86 5
6: 68 77 13 41 47 4 62 78 34 56 17 33 29 53 67 6 79 38 54 58 57 61 64 22 21 20 80 16 52 3 69 2 14 28 72 24 18 44 5 12 60 8 35 45 66 11 48 49 27 37 39 70 88 25 7 84 1 74 73 76 43 10 63 83 50 26 23 40 30 15 46 82 75 55 81 87 19 32 31 65 89 42 59 51 71 9 36 85 86 90
7: 23 40 32 5 65 9 59 11 61 35 26 37 34 3 42 56 21 8 67 64 55 69 39 57 27 81 15 20 85 72 47 89 70 60 51 82 78 87 48 46 62 88 83 90 17 73 49 6 13 12 38 29 44 30 68 71 28 74 2 1 4 36 43 77 50 19 54 80 86 52 45 16 14 58 79 41 24 63 66 18 7 84 22 75 53 76 31 25 33 10
8: 21 89 74 24 36 27 18 66 3 4 51 25 75 62 63 85 45 57 29 12 26 32 49 71 2 34 10 16 44 81 79 42 33 84 15 64 38 55 46 30 47 73 58 37 78 82 9 61 68 48 14 8 76 59 13 53 28 80 17 43 88 40 60 39 56 41 6 20 52 65 54 69 72 90 23 22 31 67 87 5 77 50 7 19 83 11 35 86 70 1
9: 8 75 53 88 39 49 61 72 85 25 5 28 23 22 41 79 38 36 54 50 82 33 34 15 7 89 26 9 80 86 31 83 60 87 63 59 81 71 12 21 3 51 2 18 30 1 68 4 43 57 47 66 46 11 62 77 73 40 65 19 69 56 37 55 32 84 78 16 44 90 67 74 27 17 64 58 20 35 52 29 14 10 6 70 24 76 45 13 48 42
10: 41 5 1 53 10 62 30 33 57 11 85 6 23 20 15 50 74 86 72 90 58 42 76 60 14 79 24 13 67 77 38 35 78 48 55 64 49 47 71 12 22 73 61 34 9 36 52 39 32 89 56 19 45 65 75 29 40 28 54 18 21 81 87 43 8 17 31 27 68 16 44 70 80 26 66 82 2 4 3 59 25 7 88 37 46 51 84 69 63 83
11: 35 54 18 58 71 20 42 52 46 82 15 50 75 16 48 28 76 78 51 6 49 14 38 22 84 57 47 33 21 34 61 41 60 26 67 85 55 40 87 2 88 36 66 19 25 13 29 53 17 30 63 1 12 68 77 90 5 44 83 89 69 37 80 65 9 7 70 74 86 73 59 39 56 72 81 64 45 11 24 27 79 62 4 43 31 10 8 3 32 23
12: 18 19 1 82 79 60 47 49 22 61 26 31 17 80 20 30 2 45 70 40 44 4 11 25 28 8 76 39 46 57 13 58 48 74 72 86 66 78 5 85 23 54 16 56 3 53 84 32 89 15 37 38 67 21 65 51 24 73 69 34 63 33 81 41 36 50 90 71 42 62 7 64 59 29 83 52 87 12 14 75 35 6 68 88 10 77 55 43 27 9
13: 22 30 11 75 63 59 78 50 35 26 43 23 86 49 84 89 80 44 6 51 9 79 71 76 45 17 74 16 57 4 48 7 69 77 82 61 73 39 40 88 14 28 72 31 25 10 66 36 27 68 70 64 38 5 34 42 12 87 24 54 8 56 21 55 67 65 18 20 85 60 62 13 29 37 32 1 3 15 2 52 19 41 81 53 33 46 90 58 83 47
14: 75 37 54 7 35 41 29 43 56 82 59 20 1 38 61 4 52 68 85 67 14 28 51 76 46 30 5 83 27 21 13 69 90 70 63 15 44 33 22 65 58 72 77 87 42 3 26 78 36 89 25 45 66 19 10 11 50 88 12 23 24 60 74 53 34 16 55 31 6 48 80 2 57 81 64 49 84 79 40 71 8 32 47 17 18 73 39 86 9 62
15: 27 65 78 35 58 38 39 47 48 32 86 72 80 16 63 54 68 90 11 3 77 55 40 34 29 31 37 33 1 46 49 41 20 57 21 71 69 81 28 2 53 66 67 23 8 19 64 62 22 26 30 15 59 24 82 36 73 83 52 43 12 89 75 7 4 5 44 61 85 25 56 51 88 79 14 17 50 18 87 45 42 6 10 9 74 76 70 60 13 84
16: 64 3 81 69 43 80 87 79 33 4 29 39 2 75 88 8 18 46 27 73 68 58 9 10 76 57 17 86 44 14 42 49 90 67 63 62 5 30 23 51 26 84 70 32 71 47 53 48 77 31 15 1 74 66 41 36 38 11 12 50 55 82 24 85 6 45 40 28 37 34 22 56 65 35 61 16 59 7 21 52 13 72 83 19 54 25 78 20 60 89
17: 80 9 89 86 76 85 84 56 6 21 44 42 64 63 38 48 43 82 79 39 50 68 19 12 83 87 11 2 4 33 27 59 30 53 58 7 70 20 90 26 77 28 45 17 36 24 57 60 13 74 66 37 29 73 22 47 41 52 15 81 61 69 49 71 34 72 40 5 31 18 1 14 32 55 62 54 23 75 67 65 10 35 8 25 88 16 3 78 51 46
18: 14 8 27 5 3 7 50 52 18 84 63 13 17 46 10 40 21 42 64 24 51 35 6 33 89 57 55 45 82 1 83 86 90 19 77 74 22 49 11 48 54 28 65 61 36 39 67 73 75 53 38 60 88 70 9 85 23 20 44 2 81 16 68 72 15 25 29 62 32 71 34 76 59 41 31 69 56 12 26 66 58 87 78 79 37 80 47 43 30 4
19: 87 80 46 35 66 77 27 22 21 40 16 15 41 50 72 1 3 13 29 73 17 69 63 54 49 89 84 51 32 10 82 9 34 47 14 45 65 48 76 64 44 79 52 18 88 71 6 33 68 39 62 5 31 60 83 28 56 4 12 67 70 74 78 19 30 23 38 20 81 58 85 2 59 37 43 57 11 90 26 8 42 61 24 75 86 25 53 55 36 7
20: 71 62 58 90 5 44 12 70 34 64 66 56 52 27 9 61 38 74 73 49 65 47 31 42 22 60 82 57 83 55 48 80 63 24 46 30 26 10 15 7 16 28 18 53 45 40 39 29 72 13 43 54 81 85 25 20 87 8 37 68 36 33 78 69 11 59 89 77 50 3 76 32 17 75 14 23 41 21 1 4 79 2 84 67 19 88 6 35 86 51
21: 46 5 7 33 11 59 20 64 49 87 90 76 60 84 63 80 43 61 24 53 57 56 41 30 26 28 6 1 70 29 18 39 44 85 77 71 12 9 42 35 23 65 83 52 69 45 27 86 3 88 10 38 48 14 2 75 66 54 72 55 13 79 37 62 22 4 31 16 8 58 47 74 40 73 36 17 89 25 68 78 32 19 21 51 15 50 81 82 34 67
22: 37 61 23 83 20 54 55 24 25 90 40 47 82 88 81 13 1 75 34 14 49 2 3 50 5 86 18 62 26 43 59 68 22 9 71 79 69 65 56 77 10 38 80 87 27 53 76 35 72 84 12 78 41 7 45 8 60 32 74 17 63 15 28 29 6 51 42 73 19 89 46 39 31 36 67 11 70 64 21 52 85 48 16 30 58 44 4 57 66 33
23: 24 56 76 23 81 4 21 7 57 27 16 47 34 49 69 62 37 8 30 74 87 17 15 63 36 52 32 88 38 67 86 40 45 90 6 46 61 75 84 80 10 19 3 70 55 68 22 59 58 79 29 28 82 41 73 72 18 9 77 83 20 33 2 89 53 48 51 12 39 64 26 44 5 11 78 43 60 1 66 35 50 14 13 25 31 85 54 65 42 71
24: 23 73 45 86 32 30 80 77 74 64 40 79 36 41 61 1 59 82 81 62 25 90 27 51 47 85 69 28 20 87 21 50 68 49 65 84 2 46 53 44 35 5 7 26 67 18 43 88 13 70 83 9 16 78 14 3 12 22 33 42 11 89 48 15 60 66 38 52 55 63 24 34 71 76 56 29 57 8 37 10 54 6 58 39 31 17 19 4 75 72
25: 29 21 72 73 2 87 3 60 26 50 49 58 20 66 22 54 14 85 52 55 45 40 69 15 76 34 77 46 9 31 48 13 63 62 25 53 11 28 12 39 59 89 47 82 81 8 1 61 36 7 80 17 6 16 23 70 75 18 43 65 37 33 57 83 32 71 90 19 68 35 64 24 30 42 41 56 78 74 84 67 79 10 51 4 27 86 38 44 5 88
26: 57 48 58 17 40 72 45 5 88 82 2 53 87 47 71 33 27 59 64 3 84 21 20 18 7 52 55 42 76 31 24 13 89 15 35 80 65 90 41 43 36 34 49 62 29 1 60 8 30 14 9 22 83 4 10 25 66 56 6 67 68 70 78 86 50 12 44 37 32 77 28 85 81 51 16 74 23 79 19 61 38 54 69 11 73 75 46 63 39 26
27: 8 67 38 51 27 80 87 82 78 76 3 46 33 86 88 20 12 2 4 43 72 30 65 39 29 10 42 58 36 19 66 70 56 73 90 75 26 77 45 89 59 14 52 1 35 81 34 16 62 55 50 64 69 41 15 13 28 32 68 25 31 79 54 48 84 85 60 57 11 37 44 17 24 18 74 40 5 9 53 71 22 23 7 49 61 83 63 47 6 21
28: 59 32 2 8 72 63 9 18 45 20 48 64 16 30 49 14 84 23 86 82 26 33 28 57 60 66 79 4 89 34 69 54 85 83 43 68 51 38 46 21 7 36 70 67 6 71 76 41 13 40 75 90 3 35 11 29 44 55 39 77 58 52 80 31 56 50 88 53 15 42 65 22 25 37 78 47 62 87 81 19 27 12 73 24 74 61 1 5 17 10
29: 41 42 50 7 90 81 35 55 79 31 84 73 1 48 67 22 17 23 70 40 37 58 64 66 43 36 33 3 16 88 29 83 19 49 82 45 63 75 44 20 15 87 54 47 21 69 78 8 13 9 24 62 5 76 72 27 2 80 59 25 85 56 30 68 11 77 4 52 10 32 34 12 46 38 60 26 71 57 74 51 6 53 28 86 14 65 18 61 89 39
30: 42 54 89 57 32 22 21 28 47 60 35 63 51 5 43 78 80 3 34 73 67 31 17 90 12 11 69 16 4 62 20 77 88 85 61 55 44 65 79 40 74 7 82 38 8 75 56 83 66 81 19 13 30 1 48 14 15 27 70 72 46 37 18 39 76 6 86 2 84 49 26 24 71 45 33 36 68 58 64 59 87 10 29 25 41 9 23 53 50 52
31: 37 41 10 50 15 35 31 32 79 65 4 18 57 83 17 81 30 34 86 75 53 16 48 60 85 55 67 74 72 22 54 14 26 64 24 76 8 6 58 19 69 56 70 88 36 44 38 13 46 80 90 33 89 87 49 40 43 27 47 5 51 61 3 42 59 2 82 68 28 25 78 21 52 9 45 39 12 73 29 63 1 20 66 23 77 71 7 62 84 11
32: 49 22 8 73 89 55 61 50 76 24 36 78 5 69 11 80 10 62 26 19 14 9 58 86 82 87 45 6 48 72 42 32 70 52 30 47 41 77 81 40 39 67 12 25 68 28 63 71 3 4 90 20 2 23 16 18 17 15 84 74 85 57 59 56 37 21 60 33 65 13 44 1 29 46 7 51 64 79 53 88 34 75 27 35 43 83 31 54 38 66
33: 68 8 87 12 19 72 44 9 61 39 38 86 78 88 28 64 6 20 55 40 59 16 49 2 7 14 69 51 76 53 60 35 26 56 34 5 37 74 3 83 89 31 58 24 22 47 84 62 41 13 11 71 73 1 30 10 57 77 54 70 43 25 79 4 18 32 48 29 21 66 42 90 63 15 27 85 36 75 33 46 23 80 17 50 45 65 52 82 67 81
34: 6 22 70 34 37 64 17 8 27 23 49 69 4 25 71 5 56 62 61 74 47 18 79 80 55 84 3 77 32 36 9 43 66 19 63 83 42 10 87 30 15 12 35 53 58 86 67 29 2 48 73 65 24 76 57 72 90 52 1 45 14 26 31 20 21 28 75 13 40 59 68 82 88 85 44 50 60 16 38 51 41 33 46 7 54 11 78 89 81 39
35: 59 83 15 26 37 85 21 16 48 19 71 36 68 84 35 18 42 73 63 14 54 43 39 78 4 28 8 12 52 40 3 20 69 5 33 76 58 13 9 70 17 6 60 23 45 82 88 80 55 81 79 25 34 44 7 24 38 53 66 46 90 1 30 41 32 51 86 10 62 22 75 2 67 27 65 77 61 49 57 87 31 64 11 74 89 56 50 47 72 29
36: 18 22 52 11 51 26 58 56 62 6 53 34 43 86 87 81 75 88 21 46 42 77 5 44 40 80 16 68 15 83 23 14 89 74 36 19 17 9 69 25 20 54 33 65 90 66 82 84 35 45 78 29 59 47 38 39 49 73 63 76 70 64 79 48 71 67 31 3 1 10 24 60 41 72 13 37 85 2 57 4 27 30 28 32 50 61 55 8 12 7
37: 44 15 39 12 10 60 81 83 70 37 43 53 75 46 55 63 79 33 32 47 29 13 2 6 23 24 65 38 45 40 18 26 30 56 64 89 71 9 90 76 67 73 34 57 87 85 20 69 8 14 35 7 5 16 51 19 61 36 27 72 59 80 82 31 52 50 88 49 66 22 62 68 28 74 77 78 42 86 17 41 25 84 1 54 48 58 21 11 3 4
38: 26 15 89 59 24 57 30 60 79 5 50 13 12 25 43 88 1 56 23 35 49 44 46 54 2 87 16 72 47 77 82 42 21 41 39 9 53 65 58 52 86 64 73 78 14 32 45 40 62 71 67 29 10 68 28 90 18 76 81 33 27 63 17 70 7 3 51 48 31 69 20 74 11 83 66 8 85 36 80 38 22 61 19 37 75 84 34 6 55 4
39: 24 20 84 31 14 27 13 33 35 82 37 69 73 79 42 57 76 49 51 56 1 65 15 29 61 3 11 47 46 44 7 2 55 10 38 68 86 18 41 88 81 50 25 78 75 39 5 30 54 4 53 16 40 64 52 6 83 26 74 80 12 21 19 36 60 72 85 43 28 9 32 17 58 67 59 22 45 23 90 62 77 63 48 34 70 89 71 8 87 66
40: 53 20 25 9 13 24 86 1 63 70 80 61 14 83 75 29 90 64 5 66 54 76 87 33 22 8 34 68 11 88 7 89 2 36 52 28 30 51 6 32 74 17 27 39 3 47 4 10 21 37 56 57 44 85 72 65 16 31 69 26 41 45 81 46 49 35 23 48 40 15 43 58 82 18 59 77 50 12 60 73 55 84 67 79 62 42 71 78 19 38
41: 13 4 42 47 27 40 28 17 84 78 73 62 89 64 67 16 37 90 45 10 83 57 48 79 59 21 41 50 58 56 43 6 15 30 72 81 70 34 46 29 71 2 76 18 65 52 54 20 66 49 51 1 35 26 33 24 8 36 32 85 63 60 55 75 87 86 82 12 74 77 23 68 80 53 9 61 11 25 88 31 69 7 22 39 19 38 5 14 3 44
42: 46 12 65 55 75 9 82 52 17 48 15 11 2 61 22 50 18 67 45 78 42 20 35 43 81 27 68 24 49 21 40 80 4 70 57 62 90 77 85 47 58 41 33 79 6 39 83 16 44 14 5 10 53 1 84 60 88 64 8 71 63 73 34 25 26 89 72 59 30 87 54 56 32 37 7 28 86 29 13 3 66 74 19 23 38 51 36 76 31 69
43: 11 35 7 29 71 26 72 39 38 36 78 27 8 24 81 87 84 50 60 19 70 32 61 51 55 17 13 53 2 83 49 33 4 74 69 1 82 16 46 21 63 9 67 68 75 18 54 64 34 44 25 10 47 23 79 65 86 6 85 41 40 12 89 90 58 52 3 88 76 22 73 43 77 15 48 45 20 57 31 62 66 28 80 56 42 37 59 14 5 30
44: 59 49 6 27 73 22 12 8 10 85 78 40 63 28 45 31 25 76 66 36 19 53 39 16 34 61 83 56 4 18 50 55 35 75 67 21 72 47 89 60 37 14 51 77 33 48 87 74 62 80 90 15 23 81 42 54 2 26 68 88 44 29 24 70 65 17 7 30 52 32 38 71 11 20 69 82 43 5 3 58 41 57 79 1 13 86 9 46 84 64
45: 41 16 49 62 52 6 73 1 65 33 60 66 58 67 48 25 15 50 46 44 35 28 84 4 32 82 76 26 12 5 19 54 21 8 7 18 10 69 13 11 3 61 30 80 37 86 20 59 87 40 14 57 43 51 79 42 83 63 53 89 2 88 24 29 34 81 77 72 36 74 17 31 56 55 71 23 68 22 39 90 78 75 45 85 27 47 70 38 64 9
46: 46 26 85 87 61 59 31 90 19 62 7 50 65 66 80 67 79 29 32 4 8 68 41 55 2 38 11 81 23 44 24 30 75 9 35 84 3 28 74 37 10 16 5 49 52 60 76 17 88 22 43 70 33 36 18 48 51 21 6 64 82 54 69 86 1 42 25 12 57 40 34 58 63 89 39 13 71 45 53 20 56 72 78 15 14 47 83 73 77 27
47: 23 82 55 49 51 33 38 58 85 88 45 37 39 64 12 59 77 75 54 65 66 61 28 10 46 83 50 60 13 81 87 89 56 36 27 5 29 52 2 44 22 57 79 42 74 30 19 1 41 26 70 40 16 73 90 34 8 63 78 24 43 67 76 47 7 86 21 6 62 71 18 11 9 31 14 3 48 53 72 68 35 25 84 15 32 17 4 80 69 20
48: 52 80 30 31 32 1 33 69 82 40 44 64 37 28 34 45 75 49 22 61 36 88 86 87 16 84 47 39 67 24 83 27 48 43 54 15 5 3 85 6 20 72 10 57 90 56 71 66 51 25 8 74 78 19 81 17 70 60 42 76 53 9 38 18 65 63 13 62 89 26 73 35 41 50 7 29 46 4 59 23 58 55 11 79 2 68 14 21 77 12
49: 51 46 15 31 75 22 18 57 58 85 28 54 60 69 27 12 87 45 80 7 74 3 37 40 36 63 33 76 10 48 41 70 47 52 66 89 68 55 19 14 49 2 53 50 90 86 71 67 29 4 20 5 25 61 38 39 64 35 73 42 23 84 1 16 13 81 43 26 72 34 83 32 6 9 82 59 17 30 78 88 56 77 79 24 21 65 44 11 62 8
50: 53 26 76 56 18 54 48 79 24 59 86 4 43 82 3 58 20 42 88 14 90 64 73 55 7 21 36 23 22 6 66 62 17 60 52 9 37 71 81 50 33 11 70 44 65 49 25 38 27 41 51 75 89 15 35 40 85 57 13 84 2 74 16 72 10 69 29 87 63 80 30 68 1 61 39 19 45 5 67 77 32 28 47 34 83 12 31 78 8 46
51: 49 73 23 24 18 58 26 29 2 7 82 28 89 27 74 14 6 30 84 10 11 46 65 88 47 76 42 5 13 52 36 60 35 17 69 37 41 87 45 1 71 63 66 54 12 72 56 31 50 38 85 70 4 78 81 64 33 9 48 21 83 57 40 55 61 68 20 53 79 44 86 43 16 15 22 3 62 59 80 34 77 90 25 75 51 19 39 8 32 67
52: 72 52 71 61 34 82 56 6 62 79 67 45 78 57 16 63 64 70 29 38 4 19 27 58 18 69 83 25 28 5 11 51 26 84 35 43 49 88 86 2 59 65 39 76 10 37 47 50 31 8 20 1 17 85 53 33 81 21 89 36 54 3 23 48 75 13 73 42 22 44 14 12 15 9 60 32 74 24 77 80 90 66 87 40 41 55 7 46 30 68
53: 81 74 18 73 10 42 51 11 5 65 72 41 19 30 6 77 70 36 59 85 90 7 66 1 82 48 58 8 16 62 29 2 40 46 83 86 43 54 31 55 61 14 69 47 76 27 56 67 50 37 15 24 4 17 32 68 22 53 63 20 38 34 9 75 45 78 21 84 33 12 13 3 79 28 80 35 60 23 49 44 57 89 71 25 39 87 26 64 52 88
54: 26 10 68 88 50 35 49 23 47 62 27 12 7 52 57 58 85 61 22 87 14 13 37 34 2 82 3 83 21 24 70 8 36 71 48 89 54 33 60 31 77 73 44 40 90 41 9 75 72 78 69 55 39 64 79 86 30 19 46 18 59 63 1 76 17 53 28 56 65 80 43 15 51 29 38 45 32 84 81 66 42 74 5 11 25 6 20 16 67 4
55: 87 3 29 10 69 50 41 11 59 16 77 23 67 82 75 78 39 33 31 36 61 46 18 7 83 70 55 68 9 52 76 62 8 88 54 25 37 58 53 6 90 72 89 1 28 19 26 35 20 86 66 47 84 40 22 81 42 4 57 12 60 73 43 14 32 63 56 71 15 51 5 2 49 27 80 45 48 64 65 24 38 34 85 44 13 30 79 74 17 21
56: 89 61 27 38 41 34 50 88 74 31 73 14 19 77 39 24 57 29 56 58 45 72 35 1 3 17 21 32 47 13 64 53 52 2 78 66 46 83 70 15 42 55 23 48 51 79 82 28 12 7 76 81 71 60 40 62 10 65 4 86 75 68 25 20 9 36 54 16 11 6 49 80 22 30 33 85 90 44 84 87 26 63 67 43 37 69 59 8 5 18
57: 29 85 58 77 89 73 39 64 50 7 18 24 25 35 49 76 40 27 11 9 34 59 21 74 55 45 88 62 8 60 56 63 79 86 12 2 44 5 3 81 51 67 38 20 75 78 31 65 83 37 71 80 57 13 61 53 66 1 19 54 72 90 48 69 84 36 68 16 4 70 14 10 87 42 26 33 82 17 47 41 22 43 30 15 46 32 6 28 23 52
58: 36 90 34 69 78 4 71 18 15 21 22 82 16 61 66 13 3 31 62 56 32 41 55 85 1 42 74 6 68 60 70 17 11 86 39 80 8 37 28 9 19 53 30 77 24 14 88 59 52 26 29 84 49 43 81 73 50 79 64 89 2 65 7 72 38 63 20 10 76 48 54 87 57 47 67 51 23 12 35 5 83 45 27 33 44 40 75 46 25 58
59: 35 73 67 69 75 44 10 28 14 64 21 6 76 60 51 86 9 12 85 29 63 49 84 38 16 82 59 57 47 66 55 5 39 65 31 81 87 41 15 83 7 8 48 19 27 68 22 53 45 37 18 34 58 17 24 40 78 62 2 20 32 36 54 13 71 77 33 74 52 46 50 11 4 25 42 56 30 72 61 70 90 79 89 3 1 80 88 26 43 23
60: 48 81 41 3 76 26 56 21 70 45 20 63 60 59 65 47 32 50 77 39 66 19 9 86 14 15 46 13 61 80 7 40 1 37 58 34 68 18 29 33 73 2 89 24 5 67 23 87 74 4 88 31 71 55 22 43 6 8 30 35 16 79 38 17 10 52 83 25 84 62 49 36 57 27 82 11 53 90 75 64 28 85 51 78 42 44 54 72 69 12
61: 46 12 67 70 26 66 71 30 47 63 53 17 73 54 56 58 44 11 59 81 45 39 35 21 72 29 77 87 19 25 61 31 60 76 18 65 5 24 20 85 38 84 62 3 89 80 1 57 55 50 13 9 8 88 15 52 28 40 2 64 43 83 7 51 34 41 69 4 86 78 90 6 49 22 42 23 32 36 79 75 10 48 37 16 14 82 68 27 74 33
62: 90 70 76 74 10 17 31 63 80 13 44 7 12 29 81 5 68 77 84 19 83 42 82 54 87 88 61 27 23 8 4 69 36 56 41 66 89 22 3 67 57 65 1 32 35 62 64 15 71 50 6 53 78 55 24 30 43 37 18 20 60 28 51 26 79 14 85 72 73 48 47 33 16 9 58 11 46 25 34 86 59 39 40 52 2 49 38 21 75 45
63: 85 64 46 1 49 36 76 18 22 54 21 59 82 41 6 66 65 89 63 80 12 74 27 9 43 25 60 83 33 10 44 69 32 55 68 58 72 47 11 34 70 7 17 67 8 81 53 26 16 3 29 14 23 38 71 24 39 40 30 19 5 84 51 28 48 57 90 52 79 35 61 56 20 88 77 62 42 73 4 15 2 37 45 75 87 78 13 50 31 86
64: 45 23 25 30 73 41 5 9 14 33 38 18 29 48 7 4 28 74 84 63 61 12 2 81 89 49 11 27 8 42 46 56 70 69 31 32 36 82 68 40 15 71 57 19 51 65 55 52 22 54 50 10 75 86 79 44 80 43 1 90 76 6 85 34 64 59 60 78 83 16 13 53 24 3 47 37 35 88 21 62 87 77 67 20 17 58 72 66 26 39
65: 59 65 19 64 44 28 15 76 51 7 47 31 52 72 80 61 75 58 13 49 30 22 23 35 77 79 40 89 50 2 66 70 42 4 55 34 29 45 17 21 67 83 74 26 87 32 33 5 41 78 1 24 8 11 20 36 3 14 53 37 68 25 60 90 48 12 84 43 69 9 6 86 57 85 16 73 62 27 10 46 18 39 54 63 71 82 38 81 56 88
66: 56 46 81 45 15 37 7 54 59 87 2 89 90 67 22 41 4 34 40 79 36 5 31 24 42 76 83 61 18 19 6 72 21 11 70 53 43 57 74 35 13 8 30 75 44 29 68 65 39 63 77 49 82 48 32 20 85 27 55 33 26 9 84 51 12 47 3 50 69 1 25 10 38 58 14 71 16 88 52 28 17 86 23 73 80 62 78 64 66 60
67: 7 84 86 90 64 22 8 21 61 25 56 87 36 16 62 37 42 20 80 1 27 71 9 65 11 15 70 4 76 34 5 38 23 77 14 47 57 10 13 18 41 79 49 82 55 52 33 35 2 88 89 58 17 72 12 40 29 66 30 43 60 3 26 39 53 6 31 32 81 73 59 67 74 28 19 46 54 69 44 85 48 75 63 83 50 51 78 24 45 68
68: 31 5 62 7 75 89 24 68 18 59 30 77 29 32 57 6 53 69 65 71 8 1 27 34 61 19 35 85 36 41 23 86 72 13 78 28 60 2 3 37 74 9 39 66 44 83 42 15 25 10 16 63 21 26 67 58 49 56 47 43 88 82 73 51 4 33 55 38 54 64 22 81 46 20 90 45 52 70 87 17 79 76 48 40 80 11 12 14 50 84
69: 70 80 9 33 50 21 14 22 26 24 49 86 20 34 61 63 3 57 7 29 5 68 36 38 85 12 73 78 58 13 17 55 46 48 90 79 56 65 35 42 84 47 64 69 30 1 62 23 15 87 51 67 6 81 88 39 41 72 10 77 27 71 16 19 59 37 83 76 52 2 54 4 66 60 31 44 82 28 25 89 74 11 45 40 18 32 53 43 75 8
70: 7 88 3 78 41 1 12 34 6 46 54 22 37 4 81 51 87 74 29 68 26 32 42 13 19 16 59 58 47 90 84 79 63 31 70 43 14 86 25 82 45 24 85 5 33 60 89 9 10 73 8 30 28 35 39 48 52 56 2 38 67 61 40 83 65 75 20 36 77 18 23 80 21 62 15 66 17 11 44 53 49 50 27 64 72 57 69 76 71 55
71: 22 61 78 76 36 39 51 17 32 48 46 85 69 66 34 75 31 55 26 84 71 11 24 72 43 14 16 6 89 88 27 67 77 42 9 70 33 18 86 58 41 37 1 60 7 49 13 45 79 47 80 12 59 25 38 64 4 29 23 65 53 68 35 10 54 50 15 52 74 44 87 62 8 20 73 2 30 63 3 5 21 83 19 56 28 82 57 90 81 40
72: 82 54 10 4 58 57 20 6 23 62 18 22 47 59 37 74 51 41 16 85 49 17 28 89 11 19 72 88 64 25 2 56 75 9 42 79 38 5 77 87 21 14 63 30 60 84 90 55 36 52 34 81 65 50 76 29 1 86 68 71 26 7 43 61 12 78 53 27 48 33 70 66 13 73 31 45 15 35 39 46 67 32 8 3 44 80 24 69 40 83
73: 89 1 82 84 61 7 25 73 3 9 59 37 67 71 66 2 5 77 78 88 79 29 20 24 83 70 22 15 52 64 19 8 48 43 10 14 30 33 86 53 85 35 50 39 54 57 40 16 21 87 68 76 58 28 49 11 81 46 55 47 23 56 17 51 4 60 69 63 34 13 90 44 6 45 26 42 72 32 12 65 75 62 18 41 80 74 27 38 31 36
74: 20 64 26 74 36 39 19 11 75 70 81 78 79 16 44 14 33 83 68 57 15 55 30 84 76 7 48 3 52 6 86 61 71 53 47 63 21 23 89 77 29 46 18 1 45 85 41 24 58 32 9 82 12 22 34 87 49 59 17 25 65 43 60 13 35 73 90 54 69 28 38 4 51 31 2 37 8 50 27 67 80 66 62 88 40 10 56 42 72 5
75: 30 13 16 19 5 74 37 24 26 65 85 1 90 17 9 87 53 28 50 40 64 42 81 7 3 62 8 52 54 18 55 45 78 49 67 48 76 88 80 70 10 73 72 6 14 57 75 86 66 32 79 47 33 44 15 34 35 38 29 27 58 51 25 43 63 46 89 11 56 68 82 12 2 61 36 84 77 59 31 20 41 39 83 22 4 23 71 60 21 69
76: 23 63 32 37 82 4 83 81 84 74 18 61 69 58 75 16 8 12 30 56 67 25 87 46 43 48 52 40 76 90 28 55 89 79 29 17 44 54 66 62 24 38 20 31 2 19 36 13 70 41 59 35 47 64 72 14 42 34 22 9 5 68 33 1 21 15 80 50 53 39 6 60 51 65 86 45 78 85 3 57 11 88 49 10 77 26 27 73 71 7
77: 43 26 90 78 82 48 34 66 9 80 36 25 72 74 65 63 85 10 19 61 86 3 50 53 15 11 20 88 52 12 64 60 67 57 47 83 35 49 39 22 6 69 84 17 21 41 8 70 81 54 5 42 46 7 1 58 13 16 59 62 77 76 45 18 31 32 55 2 89 87 40 79 71 56 44 73 51 24 4 33 68 27 28 75 23 14 29 37 30 38
78: 76 69 56 33 85 64 43 42 51 36 86 26 35 49 7 81 72 29 44 13 30 11 73 10 6 45 37 55 88 15 40 80 57 28 75 34 25 82 1 19 53 24 31 71 5 62 63 3 65 87 59 12 14 61 74 60 16 2 66 78 89 27 54 8 79 38 67 32 20 4 70 48 58 68 41 50 23 22 47 21 9 83 52 90 17 18 39 77 46 84
79: 5 1 43 59 82 68 3 79 83 42 40 47 28 71 56 41 46 18 77 81 89 2 57 19 30 62 72 20 13 66 15 17 35 48 52 80 75 65 36 45 29 4 50 39 49 22 78 37 86 21 23 76 63 58 38 44 31 54 24 27 10 32 11 25 90 34 84 74 8 51 70 16 33 67 53 64 6 12 88 7 55 85 9 87 61 69 60 14 26 73
80: 58 54 35 69 10 79 8 77 25 68 32 18 46 44 88 70 89 47 83 74 81 41 21 6 27 53 85 63 29 43 80 62 66 16 9 33 86 34 61 15 3 90 36 49 13 72 4 55 73 28 42 26 22 57 65 24 78 38 19 59 60 84 5 2 30 23 76 17 12 20 52 39 67 48 71 64 56 37 1 51 11 45 82 50 31 7 40 75 87 14
81: 21 7 55 72 53 35 90 74 58 32 47 2 11 86 56 48 14 70 78 42 54 4 5 67 71 29 40 37 18 89 30 39 85 33 57 69 84 25 52 6 45 34 1 77 75 15 50 63 19 44 82 51 9 49 36 23 88 43 46 8 20 22 66 26 3 10 79 87 13 24 59 81 62 64 12 16 28 38 27 80 60 83 68 41 76 73 31 65 61 17
82: 9 15 72 17 26 32 69 78 14 58 60 85 66 11 25 49 37 13 47 42 1 62 50 86 74 30 24 57 5 65 71 10 68 70 43 77 12 89 75 53 22 7 64 61 4 84 45 87 83 44 19 79 21 3 29 18 80 35 88 40 39 38 67 52 56 2 28 6 82 23 36 46 27 55 59 73 51 48 34 8 41 31 76 90 16 81 63 54 33 20
83: 74 31 28 49 69 71 12 9 38 80 41 23 83 53 36 50 84 37 47 16 81 88 19 43 13 24 61 66 34 64 45 57 6 87 78 10 55 17 63 75 42 46 82 39 11 21 5 65 90 62 8 70 60 26 20 30 25 67 68 22 73 56 35 72 40 2 15 85 77 14 1 4 79 27 33 3 51 18 58 86 44 7 48 76 59 52 54 29 89 32
84: 24 25 14 60 11 55 48 56 82 78 65 90 23 16 52 70 44 71 8 36 67 83 86 41 84 53 2 89 28 6 30 57 76 7 66 54 33 74 59 81 37 15 46 40 63 38 80 5 9 17 58 18 3 19 12 22 47 75 69 87 27 61 51 39 13 64 10 31 79 42 77 35 26 21 85 34 68 72 88 50 45 20 32 4 62 1 73 49 29 43
85: 85 76 9 53 42 81 8 5 65 30 73 36 40 55 28 11 24 23 72 80 22 44 60 51 14 29 63 56 34 62 2 25 6 16 26 88 67 1 89 37 75 68 17 10 84 54 70 45 52 64 21 57 77 69 49 46 3 71 66 27 87 18 32 4 90 82 78 79 31 61 35 13 33 50 12 58 41 86 74 59 83 38 39 15 20 19 7 43 47 48
86: 81 86 43 23 5 70 20 42 73 68 48 38 10 51 90 74 53 50 47 45 18 12 85 21 55 13 27 9 65 60 26 80 3 56 88 44 77 49 84 57 11 72 14 35 15 17 67 1 62 28 34 59 89 69 8 22 71 76 32 40 52 54 33 30 39 25 58 29 79 41 87 36 75 19 46 37 82 83 61 6 24 64 63 2 31 7 66 16 78 4
87: 32 85 23 9 13 22 18 48 73 65 46 35 86 62 50 16 2 89 64 75 8 60 11 88 68 20 5 55 39 78 87 41 71 40 56 53 6 19 83 24 49 84 37 4 72 58 38 21 59 47 80 10 81 29 15 69 27 45 28 14 90 12 57 3 76 82 63 36 70 30 54 7 42 1 52 66 17 61 74 25 43 26 67 77 51 79 31 33 34 44
88: 88 47 19 82 24 49 83 52 7 61 58 35 45 46 62 31 39 48 78 43 76 66 41 59 26 37 10 67 68 56 25 6 51 85 36 16 74 3 14 38 72 69 75 32 20 2 63 29 90 11 21 13 71 15 77 34 4 70 64 89 33 81 27 12 86 40 22 87 80 17 60 53 50 54 28 8 55 84 42 1 73 18 23 57 9 44 79 30 65 5
89: 41 88 68 64 81 17 85 10 4 55 83 44 11 86 62 77 7 2 65 47 27 63 72 87 80 40 39 42 52 78 33 89 61 51 36 74 60 8 67 30 29 53 46 38 54 25 13 32 24 34 14 21 70 3 26 5 28 31 22 57 9 37 16 73 58 50 69 43 19 35 56 71 84 75 82 1 49 18 76 23 6 90 59 79 45 20 15 48 66 12
90: 46 53 54 78 44 62 86 90 80 83 11 61 12 75 79 18 70 35 56 38 82 8 48 58 81 43 34 71 25 1 22 40 47 10 55 39 7 5 16 33 20 73 23 69 24 67 52 68 59 84 85 27 65 42 51 57 21 72 66 50 49 74 19 30 4 63 77 13 41 89 45 28 31 37 76 9 64 17 87 60 36 29 15 6 2 14 32 88 3 26

instance parameter information
numMenOrWomen: 90
minLenPref: 90
maxLenPref: 90
skew: 0

