90
1: 29 62 37 77 55 50 16 5 84 74 45 66 38 58 79 63 83 47 21 32 80 70 49 42 1 51 13 86 60 12 14 24 18 56 67 82 41 23 85 9 10 59 72 43 71 17 34 61 6 19 87 75 27 90 26 11 25 81 57 28 15 7 65 30 2 53 20 4 31 48 35 73 52 78 44 8 89 68 69 33 40 64 54 3 88 39 36 76 46 22
2: 46 87 9 31 66 15 85 38 29 68 18 32 19 69 50 41 51 34 81 67 25 73 28 64 22 5 89 62 7 72 35 27 44 14 55 61 11 65 39 88 74 43 53 8 49 42 54 79 58 12 90 6 59 2 23 45 56 37 71 57 13 33 80 10 30 36 77 75 63 83 24 20 21 78 3 60 26 17 52 40 70 1 76 82 4 48 84 47 86 16
3: 62 52 42 37 28 73 47 76 55 54 36 59 78 79 80 26 58 74 81 69 45 38 20 64 27 85 46 68 30 19 66 5 35 89 40 60 44 17 12 61 53 43 24 63 9 86 56 34 48 50 31 82 4 22 11 33 65 23 7 10 87 18 49 77 57 83 6 3 84 32 29 8 21 41 15 90 14 51 25 75 88 13 1 39 2 70 16 72 67 71
4: 7 4 63 5 58 10 26 2 47 1 21 15 43 89 6 27 52 42 51 23 38 60 74 87 68 32 11 18 80 69 83 67 20 72 77 12 56 53 36 84 48 50 22 79 14 82 71 17 9 61 62 39 3 75 73 35 34 90 59 40 78 30 13 19 88 24 64 25 85 45 76 16 66 46 65 44 55 31 8 28 33 49 86 41 57 29 37 81 54 70
5: 11 7 14 50 41 9 65 26 5 89 66 86 75 43 49 10 30 47 53 31 83 21 18 13 80 28 71 20 63 45 3 40 74 16 69 73 35 70 29 19 12 37 67 62 78 68 24 55 8 39 27 17 72 33 56 60 48 1 88 22 84 64 32 59 34 38 2 81 61 42 46 15 90 23 44 52 85 79 54 76 57 51 4 58 82 6 77 87 25 36
6: 60 68 43 32 29 79 23 80 17 45 78 76 52 64 13 28 51 61 83 67 20 31 27 58 44 74 14 6 41 70 26 47 71 16 9 59 56 3 89 90 85 62 19 72 30 86 50 24 11 10 35 81 33 82 77 53 8 34 39 25 73 69 48 12 88 46 15 54 21 38 40 57 37 75 4 65 5 36 84 63 49 55 87 18 66 42 7 1 2 22
7: 60 13 52 55 11 83 73 64 71 68 31 59 28 53 2 58 82 62 39 17 84 3 51 37 34 77 86 74 8 67 36 49 80 25 57 54 69 79 4 10 75 33 12 61 14 20 18 32 29 48 50 89 40 87 66 19 38 1 42 72 78 46 76 44 21 70 85 45 41 6 23 24 88 30 56 43 35 5 63 9 65 7 15 22 26 81 16 27 90 47
8: 77 32 80 33 66 14 26 73 82 38 16 47 65 39 17 51 40 34 8 45 18 48 10 6 3 68 84 54 57 42 4 52 87 21 46 60 62 13 25 88 72 28 30 78 41 64 76 20 19 55 35 24 63 12 79 69 22 27 44 2 81 49 5 53 11 9 36 70 74 61 89 59 58 37 67 83 1 50 7 75 23 43 90 86 56 31 71 29 15 85
9: 27 50 70 85 84 86 63 8 17 30 20 68 76 42 26 88 61 90 13 25 47 41 11 7 69 72 77 12 65 9 53 74 28 40 73 52 15 83 62 75 18 58 16 36 66 21 82 57 80 4 6 78 14 87 71 60 56 55 45 19 29 31 48 32 79 5 35 33 44 51 1 89 37 23 49 59 34 2 22 43 10 64 39 38 54 24 67 46 81 3
10: 79 67 62 77 86 46 71 30 85 59 65 39 22 2 60 48 61 26 47 15 35 9 23 21 33 69 17 4 13 42 12 74 18 44 45 57 63 78 38 37 5 73 56 10 52 72 51 43 29 11 76 20 27 83 53 89 24 3 19 41 88 87 58 81 80 16 31 40 28 64 25 90 55 32 14 82 68 1 7 70 36 54 8 66 34 50 75 6 49 84
11: 78 88 35 13 55 79 67 43 3 63 9 41 34 56 81 20 4 2 75 85 72 29 58 51 69 37 60 64 19 77 21 50 46 18 76 36 48 80 86 54 90 82 33 10 87 12 61 73 84 11 25 62 23 70 26 32 52 6 30 5 24 15 59 42 74 39 89 49 1 45 31 17 22 71 38 83 65 44 40 57 28 8 47 66 68 14 7 16 27 53
12: 59 22 56 17 71 78 30 49 53 62 79 64 88 65 2 58 12 89 21 31 44 8 40 70 68 82 23 46 24 33 39 85 45 13 90 63 34 52 72 60 43 26 6 16 86 37 66 75 81 25 61 77 15 57 18 83 29 5 1 14 4 19 50 55 11 3 35 54 27 67 9 73 47 42 80 51 7 74 84 36 32 41 20 69 87 48 38 28 10 76
13: 9 17 62 6 27 50 20 37 23 44 3 48 65 61 19 88 12 53 74 87 2 8 86 76 45 16 77 32 81 60 89 42 36 70 49 78 4 73 22 72 5 13 63 54 39 10 33 7 24 64 71 30 28 15 83 68 14 34 41 90 59 26 21 55 38 11 85 84 52 43 1 67 46 79 66 57 47 31 80 18 75 51 40 69 56 58 35 25 29 82
14: 2 86 5 70 34 27 21 18 38 54 43 6 74 23 16 48 85 33 67 66 17 73 42 82 81 71 83 77 79 22 55 26 31 53 64 11 30 51 29 9 41 88 57 15 72 59 87 76 89 36 35 40 19 39 84 60 24 63 25 69 44 14 90 75 28 68 80 8 62 10 61 4 58 65 45 52 46 3 50 1 47 56 13 7 20 37 12 32 49 78
15: 42 45 1 56 18 26 40 71 29 73 70 37 58 34 10 82 36 50 62 61 11 27 15 39 23 51 14 59 52 16 49 84 67 77 66 75 72 20 74 8 32 68 44 83 21 48 90 76 9 17 64 78 13 7 54 28 5 43 60 19 4 35 47 38 81 87 79 41 3 6 69 89 86 33 22 63 31 2 57 85 12 65 25 80 24 53 88 30 46 55
16: 29 74 31 36 12 1 78 82 64 56 55 13 46 79 9 20 37 59 87 47 6 50 30 7 65 80 41 61 69 76 3 28 51 43 18 83 22 24 21 72 49 16 48 19 15 62 39 68 60 88 71 40 42 2 35 86 38 25 54 10 4 34 81 85 63 33 70 52 17 5 75 8 67 32 89 84 73 58 27 90 53 66 26 11 57 44 14 23 45 77
17: 16 66 33 22 30 2 9 24 4 63 62 26 10 23 86 55 29 21 76 70 58 68 11 45 12 44 27 75 52 88 39 59 57 18 34 83 51 41 48 89 5 78 64 36 1 71 77 90 20 38 40 54 87 17 80 74 72 8 46 61 50 15 25 82 81 84 35 13 32 37 7 60 73 28 85 42 67 6 49 43 65 69 47 14 31 19 53 79 3 56
18: 58 3 76 42 63 49 9 57 55 18 1 20 15 67 12 19 41 46 5 40 77 45 86 54 8 88 44 23 36 50 85 37 61 35 82 66 78 7 52 74 17 51 16 32 11 13 90 59 80 81 29 39 6 28 60 33 38 72 68 65 48 87 83 70 43 21 84 30 56 4 64 75 31 73 47 71 69 10 25 79 2 24 62 53 14 26 27 89 22 34
19: 12 52 6 80 87 74 56 33 5 75 51 3 13 40 17 41 65 28 26 45 68 85 30 72 9 83 16 58 39 37 14 77 23 21 48 47 2 82 42 84 29 36 70 49 69 86 11 8 1 55 67 18 34 7 90 71 15 53 61 35 24 43 4 62 32 10 46 64 78 20 89 66 76 88 79 81 59 50 54 27 57 31 73 38 60 44 19 25 22 63
20: 64 84 15 31 20 88 37 36 68 55 19 4 1 70 29 80 40 44 57 5 39 76 16 50 54 34 28 2 77 53 49 83 14 35 66 33 60 59 41 13 82 79 58 86 8 81 87 73 3 75 85 48 21 61 6 32 78 67 74 63 65 51 22 26 7 30 90 56 11 38 23 89 69 27 42 25 17 45 18 72 9 62 71 46 52 47 43 24 12 10
21: 10 47 11 82 79 25 26 13 45 70 14 74 35 3 61 38 55 22 63 43 40 19 76 31 58 87 66 69 85 21 84 77 16 24 75 89 71 29 37 15 18 17 23 56 73 41 34 54 67 60 36 59 5 28 81 78 4 7 39 9 42 64 12 33 53 65 72 62 86 80 57 48 6 2 44 52 90 49 51 20 46 27 83 8 68 30 1 32 50 88
22: 4 79 75 24 28 84 11 21 82 68 38 50 1 52 66 7 83 71 41 5 14 53 44 80 63 49 45 46 58 67 81 89 20 15 90 2 16 9 39 12 57 32 62 59 3 87 30 8 55 35 69 85 56 36 65 86 47 88 18 10 70 77 61 60 43 13 42 27 48 23 54 17 33 29 51 6 25 64 19 37 76 31 78 74 40 34 26 73 22 72
23: 43 41 12 66 40 1 4 90 61 37 85 77 57 6 36 75 52 82 45 34 47 39 89 69 5 14 49 56 78 68 64 15 65 74 35 84 81 59 17 53 42 54 44 86 32 87 13 23 48 33 19 80 20 83 26 10 8 9 3 30 72 62 51 67 22 73 27 88 63 2 16 71 60 31 18 24 70 46 29 79 58 50 11 38 28 25 76 21 7 55
24: 5 2 58 52 21 56 17 28 68 20 71 73 9 47 88 7 55 40 30 46 36 11 31 19 39 14 78 67 69 8 65 12 42 53 1 75 66 43 3 87 81 57 6 54 13 51 10 25 61 33 59 72 83 37 64 45 44 23 86 62 85 18 77 22 34 50 90 76 79 84 29 41 63 16 89 60 49 74 38 80 15 24 4 35 82 48 70 32 27 26
25: 45 11 29 67 6 82 83 41 60 26 79 71 80 7 76 14 30 54 10 34 19 59 1 25 3 56 75 81 48 42 44 43 31 47 13 69 68 33 87 27 90 17 15 40 49 4 52 70 89 16 51 32 46 12 37 2 74 24 23 50 53 64 39 78 18 85 22 72 35 8 66 38 55 73 77 88 9 86 21 65 5 57 36 61 62 20 58 63 84 28
26: 71 20 19 76 52 84 33 18 79 14 15 39 41 31 51 73 70 58 55 12 4 54 89 85 81 69 64 16 35 57 30 3 48 10 29 45 72 82 25 88 22 77 32 28 68 59 40 44 26 34 7 66 53 60 87 23 63 24 62 74 47 46 2 6 43 38 49 27 8 5 1 13 67 56 80 78 36 65 21 9 11 83 86 61 17 90 37 42 75 50
27: 1 26 61 32 6 64 52 22 12 58 10 84 70 39 15 47 79 25 53 74 63 83 14 50 76 65 51 4 48 82 86 21 8 88 41 33 20 23 80 16 17 81 73 19 28 46 13 60 36 24 42 49 27 62 18 90 11 67 35 44 43 69 30 56 85 75 2 3 38 66 34 31 77 68 40 59 72 55 78 71 57 5 7 87 9 45 54 29 89 37
28: 16 58 36 46 51 37 74 63 62 5 3 7 39 38 56 61 8 47 12 72 64 88 6 41 84 80 73 48 68 55 77 17 85 78 15 32 10 44 27 79 83 42 67 57 28 49 34 45 9 20 86 29 18 2 43 70 22 24 14 35 25 54 11 60 21 19 75 23 4 65 53 76 89 66 59 31 82 40 1 81 87 50 71 33 30 13 52 26 90 69
29: 32 23 67 43 57 38 3 41 71 64 31 13 35 89 27 47 74 45 61 78 14 49 60 85 59 48 68 2 37 88 79 17 66 20 26 72 65 75 8 40 16 46 10 21 39 36 77 69 25 24 1 82 44 5 30 34 11 63 33 9 12 83 29 51 56 73 42 76 86 70 50 80 81 55 53 15 19 18 28 7 62 54 22 90 4 84 52 58 87 6
30: 58 81 78 25 62 38 40 21 19 80 31 77 74 6 30 88 42 82 15 68 76 48 54 85 9 36 28 56 7 75 45 70 27 90 18 37 34 59 29 51 5 17 35 66 65 26 4 41 23 69 11 61 16 20 8 53 63 13 12 64 22 3 24 71 50 10 83 47 2 79 33 84 72 73 57 49 55 39 87 43 86 1 46 60 89 32 44 52 67 14
31: 24 77 31 37 7 83 41 36 22 74 9 15 34 42 62 20 81 10 84 90 89 66 67 33 29 18 35 59 30 25 1 53 32 88 27 16 61 6 56 82 79 80 58 78 13 17 86 28 14 51 21 47 75 52 49 73 38 40 26 23 60 72 8 48 55 63 71 64 5 44 50 3 57 43 46 2 12 65 70 54 68 39 76 11 85 45 69 19 4 87
32: 40 13 73 47 53 20 8 75 56 80 15 74 60 67 18 5 11 84 82 26 1 57 36 12 55 68 45 51 43 59 69 38 28 16 9 83 42 4 79 23 33 49 85 29 58 21 3 35 31 90 88 86 7 10 72 37 44 48 30 76 61 81 39 46 14 27 63 65 71 87 2 19 54 25 70 64 89 50 77 22 6 24 78 41 34 66 17 52 62 32
33: 39 78 70 53 3 43 13 1 27 14 21 76 60 17 42 61 47 65 25 75 88 34 48 49 22 41 87 36 71 90 54 45 79 30 28 4 73 72 58 46 37 31 80 59 89 56 50 81 11 2 84 32 57 44 55 18 83 77 82 33 29 74 8 24 26 62 63 7 86 67 16 19 68 15 52 6 38 35 64 23 85 66 69 40 20 9 51 12 10 5
34: 88 82 74 16 48 73 5 79 39 61 26 53 40 59 85 80 27 50 38 24 76 1 54 20 30 75 60 89 43 3 86 35 32 11 7 72 9 69 51 29 77 87 78 4 33 57 12 37 52 31 42 90 23 6 18 49 10 66 14 56 8 47 45 63 13 46 19 34 84 68 21 25 36 67 44 2 55 22 64 58 81 70 41 17 83 71 15 65 28 62
35: 8 41 35 25 54 33 52 22 66 60 10 31 30 68 50 11 44 4 87 28 89 39 7 78 75 37 36 88 79 85 69 6 12 59 46 9 43 1 82 19 65 34 40 21 17 56 38 73 90 61 86 47 71 29 14 23 16 48 72 55 27 20 42 67 57 5 63 18 2 83 32 76 3 26 58 15 77 45 51 81 64 49 74 70 24 84 80 13 53 62
36: 33 12 90 89 70 24 48 46 71 57 78 36 16 85 10 81 60 86 1 53 6 66 62 35 41 84 38 22 75 26 11 15 49 9 68 43 2 88 25 54 28 39 76 13 79 52 59 64 4 17 23 5 21 83 50 47 77 32 73 37 74 34 30 65 31 7 27 45 63 51 29 69 61 82 58 55 42 80 20 14 67 40 44 72 19 18 8 3 87 56
37: 43 29 41 77 68 42 4 84 64 73 80 65 81 69 48 17 50 61 6 49 54 63 56 87 37 36 2 13 70 26 86 32 20 85 25 57 79 53 51 19 18 16 8 45 24 66 11 31 27 12 35 75 28 67 72 21 40 39 9 3 71 55 60 89 10 38 58 47 90 52 5 30 59 23 76 34 7 14 33 1 44 88 62 83 46 74 82 22 15 78
38: 1 59 24 21 78 56 44 57 9 2 5 40 26 8 63 15 50 71 43 90 52 31 82 36 86 75 76 55 14 83 61 62 54 68 39 7 64 18 69 32 38 23 51 22 13 33 60 28 4 41 45 19 80 84 27 89 3 74 88 25 49 87 20 85 17 6 81 37 79 47 70 29 42 53 77 48 58 10 11 65 34 46 12 66 73 16 67 72 35 30
39: 24 21 90 19 9 51 87 11 79 77 16 23 81 17 84 86 85 73 71 47 53 59 39 13 26 68 28 82 63 1 12 40 69 8 22 4 52 66 58 46 50 10 7 70 34 18 61 67 30 72 76 75 57 64 62 44 25 37 56 27 60 83 65 20 29 54 41 3 36 89 45 15 35 38 14 2 74 49 80 32 43 78 33 88 55 31 42 6 48 5
40: 74 30 10 49 2 90 42 14 75 73 36 82 67 66 47 52 79 65 23 41 39 76 72 88 33 71 3 61 45 70 68 31 80 48 84 5 78 21 44 32 9 62 1 22 37 15 56 40 26 63 50 85 43 13 25 64 11 18 58 6 17 83 12 57 27 86 53 28 34 7 54 38 20 69 87 24 77 8 60 16 55 81 59 89 35 51 29 46 4 19
41: 36 50 63 8 55 72 15 43 49 75 64 51 76 10 59 5 23 20 90 52 31 84 22 53 46 6 11 4 56 74 71 80 65 66 41 32 7 25 86 44 27 18 40 78 45 19 70 9 77 29 39 62 42 17 33 61 37 68 1 73 87 3 81 57 13 82 79 26 24 48 28 14 58 34 16 54 85 35 89 67 60 38 69 2 21 88 12 30 83 47
42: 7 75 39 26 61 55 33 74 68 51 21 80 20 84 17 64 90 49 86 88 60 59 62 27 28 69 4 3 32 29 54 58 12 1 2 10 16 76 70 71 46 30 52 5 18 19 82 41 45 35 11 14 87 79 56 42 38 34 89 6 67 9 50 48 23 43 53 13 72 65 77 78 22 8 15 40 31 47 73 81 36 44 83 37 63 25 57 66 24 85
43: 57 1 18 33 22 16 80 52 45 86 74 39 43 32 10 3 31 69 41 24 11 14 50 72 23 29 61 53 13 84 59 49 6 25 66 75 17 12 58 36 88 73 15 79 78 81 63 46 87 44 77 62 64 82 55 40 19 83 20 35 8 70 54 42 27 85 7 4 30 68 48 56 9 67 90 34 51 26 65 37 21 60 89 71 38 2 47 5 28 76
44: 48 37 20 88 59 61 41 54 77 36 23 66 12 18 38 83 25 9 14 15 27 84 56 62 28 22 43 2 1 21 80 26 71 11 72 4 29 50 85 10 67 89 52 8 17 86 19 87 63 58 3 79 7 24 47 73 64 44 32 70 57 45 69 5 39 35 31 16 76 75 42 49 82 68 33 51 46 13 60 53 30 55 6 78 81 90 65 74 40 34
45: 52 64 82 78 19 54 83 50 57 76 69 73 27 42 23 7 48 21 33 2 4 35 65 46 86 68 31 90 79 1 88 58 40 3 14 18 6 80 17 71 36 63 11 20 49 84 61 85 56 26 47 22 37 62 34 55 74 77 9 89 41 51 16 8 45 60 67 12 5 44 59 38 32 66 81 43 72 25 39 15 13 87 30 24 53 28 29 10 70 75
46: 18 68 24 65 35 87 51 39 50 69 83 29 60 84 21 33 19 90 81 32 37 70 67 22 28 27 2 55 59 62 9 41 34 8 42 76 48 78 12 25 56 64 4 61 75 45 14 46 16 74 88 1 31 80 89 10 36 23 38 73 44 54 57 30 5 3 15 71 86 52 43 82 40 7 72 85 47 63 6 20 26 77 11 13 79 66 17 58 49 53
47: 16 44 87 84 43 6 55 63 18 17 15 72 30 49 39 83 50 31 3 42 70 67 78 75 86 11 2 25 61 27 82 48 52 51 74 36 19 68 77 60 24 69 20 13 65 9 37 28 46 8 66 79 29 40 53 35 73 85 7 57 76 47 90 34 33 23 80 59 10 58 54 89 45 26 71 88 32 38 62 21 5 12 1 22 4 64 41 56 81 14
48: 2 66 12 74 89 35 14 51 41 68 53 63 90 46 60 48 86 65 71 73 76 72 19 30 59 34 58 25 22 43 61 56 7 4 29 10 9 33 17 11 39 28 24 42 87 13 38 78 70 32 77 81 79 18 27 82 15 21 26 75 55 47 36 84 16 6 80 64 62 85 54 88 83 3 5 20 50 67 40 8 23 49 45 31 57 52 37 1 69 44
49: 79 54 14 77 22 83 59 27 87 1 40 39 81 17 23 56 72 7 85 82 89 34 61 37 10 20 42 25 52 46 55 15 41 35 16 47 18 44 3 84 11 51 19 68 62 6 5 9 74 29 70 32 31 38 65 60 75 53 58 71 69 30 12 90 26 36 45 88 24 78 57 63 80 66 50 33 8 49 13 67 64 48 43 76 86 21 28 4 73 2
50: 66 25 38 86 15 78 13 85 80 72 23 65 12 60 18 33 7 11 9 81 26 8 31 75 40 19 58 28 49 36 32 82 67 52 47 54 45 37 69 89 88 27 79 57 64 35 24 73 29 84 70 42 1 71 46 56 17 21 41 59 44 83 61 20 50 22 39 63 68 74 16 62 90 4 34 30 10 48 77 2 76 87 14 51 5 43 6 55 3 53
51: 15 28 42 60 75 45 21 64 55 39 90 44 38 25 83 86 72 27 68 77 43 57 40 24 56 19 16 1 71 31 29 3 78 59 62 32 80 76 5 6 87 66 26 11 82 17 74 36 14 22 10 67 73 7 37 46 49 18 61 2 30 47 48 89 53 63 13 84 9 8 52 23 41 20 58 50 12 54 79 88 34 65 35 69 4 70 51 85 81 33
52: 60 69 70 39 24 17 19 52 55 36 50 59 14 61 78 38 62 71 80 40 63 32 34 16 27 72 33 51 20 10 90 64 42 75 3 8 43 45 25 79 30 2 12 1 57 77 11 83 86 5 49 81 29 31 68 41 23 53 7 66 9 26 88 44 56 47 37 82 65 4 13 18 54 84 48 74 22 46 85 67 87 76 15 21 6 89 35 58 28 73
53: 63 49 64 76 19 42 10 3 69 43 82 6 73 55 58 8 85 61 89 83 87 11 26 14 86 33 66 77 48 65 80 50 90 40 34 88 28 12 51 57 35 39 30 37 60 21 78 20 81 15 13 74 41 71 70 25 7 1 79 59 18 23 56 32 46 4 53 27 45 68 36 2 62 54 75 16 38 29 52 31 22 5 17 47 67 9 72 24 84 44
54: 6 56 51 24 22 76 25 90 64 21 29 82 42 30 7 39 63 31 61 2 50 54 71 20 67 12 34 79 60 72 75 47 19 84 1 68 83 73 43 18 37 74 44 5 46 88 13 4 38 14 26 58 49 70 10 69 27 66 36 48 59 53 80 35 32 65 16 87 78 28 52 8 3 41 89 23 77 81 62 45 55 86 33 11 15 40 17 85 57 9
55: 63 86 78 62 35 4 65 70 11 43 9 75 73 39 13 19 55 69 77 46 90 44 38 26 74 51 34 58 41 14 66 16 59 84 28 48 88 72 3 54 1 8 82 80 7 31 17 49 10 23 5 68 53 45 89 61 52 83 25 87 64 36 22 50 15 33 57 47 56 29 24 71 37 27 20 79 76 21 81 2 12 42 18 30 32 60 6 67 85 40
56: 55 80 68 66 1 75 65 64 72 4 59 27 28 62 57 89 44 70 34 43 30 74 73 48 37 21 35 40 8 32 84 6 90 86 60 11 58 39 87 56 26 16 46 49 36 5 45 82 61 38 50 85 33 63 15 31 69 79 17 2 67 42 12 18 3 10 20 13 76 23 9 22 77 24 71 52 14 7 78 29 88 41 53 19 54 81 25 51 47 83
57: 28 67 33 74 46 82 84 31 58 90 2 1 11 25 80 20 85 47 7 9 43 15 61 68 41 73 71 60 50 59 42 14 30 49 27 18 8 57 34 16 21 12 32 54 23 75 48 13 22 51 83 36 77 86 89 17 53 78 3 72 5 37 65 26 88 64 76 6 69 4 10 52 38 56 19 87 29 62 63 81 79 35 24 66 55 39 40 44 45 70
58: 37 5 53 47 40 20 6 10 52 33 2 83 68 82 79 44 9 24 17 56 67 41 73 74 65 66 89 38 25 34 3 35 90 80 4 31 42 84 32 86 19 71 39 55 7 57 16 43 64 12 45 60 81 54 14 77 21 22 46 58 69 15 72 50 1 78 63 75 36 23 61 28 29 30 62 85 13 48 51 88 70 87 18 8 11 27 49 26 76 59
59: 82 33 36 28 43 87 23 60 37 65 1 12 46 72 25 31 89 10 24 67 49 77 86 71 68 26 13 58 32 84 78 38 15 3 75 11 20 39 18 69 90 6 79 34 29 30 80 27 70 76 59 54 42 50 55 2 22 8 51 85 17 73 88 83 64 62 52 40 14 81 74 63 5 44 66 56 4 61 16 48 19 35 41 21 45 47 9 7 53 57
60: 34 70 55 11 43 6 2 65 61 8 33 5 53 41 40 82 63 12 50 84 72 69 1 3 83 66 10 85 30 80 20 42 36 7 86 54 51 79 60 35 46 28 67 23 68 44 81 9 19 45 77 57 22 38 31 18 62 25 16 15 56 64 76 37 87 88 89 39 48 73 58 74 27 24 26 52 90 29 71 59 47 13 21 75 32 14 49 17 4 78
61: 62 4 15 35 36 89 66 87 57 28 26 67 13 80 48 10 63 14 84 46 29 53 68 38 58 1 37 69 3 85 75 9 27 61 16 50 78 8 44 2 60 41 79 70 12 51 5 81 55 32 34 49 24 20 42 56 43 86 64 54 30 52 39 40 74 88 7 17 11 71 22 82 90 23 25 77 33 76 65 72 19 31 73 6 21 59 83 47 18 45
62: 1 64 45 77 51 57 35 72 74 37 12 19 30 47 90 33 23 6 32 28 41 78 34 70 7 15 3 88 2 4 21 75 76 29 36 65 17 79 11 58 83 26 82 39 84 69 27 14 60 48 63 18 67 86 55 46 13 66 5 50 20 53 61 24 42 38 68 8 71 10 85 73 25 87 22 16 40 43 80 52 89 31 9 44 59 81 54 56 62 49
63: 37 76 38 3 58 78 19 32 9 69 75 72 62 33 2 4 7 80 35 64 54 12 16 49 25 65 82 59 70 60 1 8 83 15 48 47 88 11 5 10 74 24 31 23 20 56 17 50 63 28 61 55 51 22 67 86 29 6 13 36 57 84 14 44 45 42 52 77 81 85 27 66 89 90 71 43 68 87 18 21 39 40 26 46 79 34 53 30 41 73
64: 72 51 64 37 43 46 27 74 32 14 36 89 17 52 18 90 62 33 35 38 28 26 57 21 31 11 60 80 58 42 88 67 56 85 49 53 22 75 83 39 82 48 47 63 3 50 59 61 16 45 69 10 9 78 84 13 65 40 79 55 2 23 30 68 6 44 34 87 5 71 77 24 66 4 70 76 29 7 54 20 86 25 12 8 73 81 41 19 1 15
65: 25 69 82 63 53 80 39 55 70 18 26 12 48 86 83 42 1 38 66 45 21 35 46 75 31 64 15 74 43 88 81 67 37 65 85 23 5 87 8 89 16 4 19 59 61 60 51 47 36 79 78 20 58 54 71 52 62 90 40 6 73 2 68 33 7 28 14 84 49 56 72 9 27 76 50 22 11 44 57 77 30 34 41 3 24 29 13 32 17 10
66: 58 88 76 55 31 75 10 36 84 39 86 41 63 11 85 46 45 25 21 77 90 49 28 30 22 79 64 44 32 66 14 53 19 15 73 34 23 59 78 38 62 56 13 72 61 68 42 52 7 37 67 83 33 81 26 48 3 65 4 9 18 2 74 17 82 16 35 24 5 12 50 20 57 1 29 54 87 40 69 80 43 8 27 47 51 70 71 89 60 6
67: 52 36 58 65 67 35 5 47 64 15 51 86 34 55 80 60 62 61 19 40 8 14 88 28 24 21 22 74 16 30 4 53 87 32 90 82 73 13 43 71 89 69 37 11 68 3 2 44 10 39 49 48 6 46 54 25 83 33 18 1 9 31 45 77 70 81 66 72 79 23 17 57 27 63 75 76 41 78 26 50 7 42 38 20 29 59 84 12 56 85
68: 31 33 88 8 12 15 82 65 14 26 37 6 83 9 1 2 56 60 44 17 16 18 40 63 48 79 51 50 68 57 49 77 53 45 28 20 5 46 7 35 58 4 54 3 32 55 24 86 27 34 70 52 47 72 74 80 64 75 66 29 10 85 36 38 22 78 71 73 19 39 11 90 25 30 42 59 89 41 84 69 87 23 43 76 67 21 61 62 81 13
69: 11 80 56 29 85 64 37 27 14 79 32 22 12 75 63 48 71 61 66 40 73 21 23 76 83 13 20 47 52 2 34 38 65 1 30 87 81 67 35 41 15 72 70 49 43 5 89 36 45 4 10 84 6 17 69 26 62 86 46 44 58 90 18 16 78 31 55 77 50 60 42 57 74 8 25 24 19 33 59 88 28 7 54 82 9 3 53 51 39 68
70: 4 75 50 34 10 76 73 46 8 2 5 26 55 87 63 40 51 37 65 71 85 25 31 20 35 52 89 68 23 43 15 38 83 12 29 47 48 59 82 19 69 14 86 33 58 90 81 30 27 28 70 66 17 9 80 57 16 77 62 32 64 21 84 1 88 42 7 67 18 39 3 56 44 41 11 24 78 45 61 79 22 36 13 53 74 72 49 6 60 54
71: 54 68 52 17 23 66 80 6 22 71 19 85 60 49 45 20 36 86 50 30 44 40 73 78 69 26 76 75 38 74 53 61 28 70 31 21 77 65 8 15 1 87 83 79 33 7 84 35 10 37 24 82 18 11 81 62 59 42 4 51 47 64 89 12 90 56 48 41 34 9 39 5 63 25 16 13 14 58 88 27 72 29 43 3 57 67 46 55 32 2
72: 15 39 83 18 46 34 6 56 7 23 69 48 45 53 32 42 75 81 21 49 22 52 71 41 55 86 16 10 50 35 76 44 63 68 67 74 38 19 13 28 36 43 59 65 30 12 25 84 62 79 73 61 9 14 29 27 77 58 3 57 66 80 72 1 37 20 90 17 11 85 70 47 24 78 51 82 5 8 88 26 40 2 60 64 54 33 31 87 89 4
73: 58 78 10 75 7 88 20 38 84 79 25 53 68 39 90 17 44 16 83 45 8 77 4 28 85 24 51 9 6 80 15 11 56 37 21 69 19 89 76 22 55 1 26 33 35 3 30 40 57 48 60 46 72 32 66 34 36 27 62 71 14 74 2 64 41 61 49 23 65 52 87 81 63 5 70 13 59 42 73 31 50 86 12 54 82 67 43 18 29 47
74: 49 73 14 23 79 40 89 75 42 71 77 84 74 26 67 85 22 46 78 63 11 55 30 31 4 15 25 29 90 57 2 53 18 70 17 6 16 81 10 58 60 9 12 80 87 20 27 36 59 37 56 21 66 44 86 47 68 48 32 33 28 38 7 76 45 41 52 61 65 82 50 51 34 39 69 5 88 3 19 72 13 24 54 43 62 8 35 64 83 1
75: 65 88 35 16 47 81 70 90 12 8 20 62 36 84 58 29 6 10 15 11 89 86 52 76 26 1 87 56 74 72 78 85 43 14 68 64 19 45 73 66 25 34 61 80 42 49 54 69 79 30 13 83 32 71 23 38 39 82 24 3 17 4 48 50 57 46 41 2 27 33 60 31 77 67 5 37 21 28 9 7 63 75 55 59 40 22 44 51 18 53
76: 82 56 61 2 54 43 33 76 32 64 73 65 62 80 39 89 66 87 50 67 42 40 70 78 48 3 9 35 41 83 23 69 86 51 47 16 18 88 6 68 77 12 46 24 22 85 90 49 84 7 26 27 17 11 21 29 63 45 15 31 55 74 30 59 13 36 81 8 14 20 34 60 52 25 5 71 28 79 75 58 1 19 57 4 37 44 72 53 38 10
77: 51 25 83 42 80 20 36 90 69 74 52 22 57 70 53 15 40 21 54 89 47 61 56 33 85 6 14 46 5 55 8 9 24 48 65 26 39 18 59 62 88 45 29 64 76 84 10 32 67 43 49 78 77 37 75 68 66 82 4 7 13 86 44 63 19 71 60 35 17 81 28 58 1 12 11 38 31 79 3 72 50 73 23 87 30 34 2 27 16 41
78: 58 71 56 61 35 63 24 40 16 78 41 29 28 75 39 25 5 79 77 12 11 60 45 86 42 65 33 14 6 83 68 3 15 38 19 10 2 81 67 46 20 73 37 90 50 7 49 27 76 36 64 4 30 88 26 55 9 70 66 43 82 57 17 13 47 48 54 34 89 52 51 59 21 72 32 23 22 74 8 84 87 80 44 62 31 18 85 53 1 69
79: 27 2 49 33 70 88 9 85 79 50 25 43 12 3 8 64 83 17 40 75 6 47 42 69 41 46 54 67 72 26 87 30 24 11 63 77 36 62 66 53 90 7 76 68 78 59 34 15 29 73 48 22 5 58 18 71 86 52 28 39 20 23 21 61 45 56 14 10 55 44 32 13 31 74 35 81 80 65 82 51 57 89 1 60 38 19 4 16 84 37
80: 49 48 24 15 35 37 56 7 43 2 51 44 26 33 87 32 54 63 83 88 85 72 61 14 27 65 28 79 45 30 80 31 90 3 8 13 25 23 78 10 55 58 89 17 77 50 84 29 12 6 69 16 47 38 5 18 60 34 41 75 11 59 57 9 52 53 68 81 64 73 70 62 4 20 21 86 39 71 36 46 19 40 76 42 67 74 22 66 1 82
81: 53 62 7 80 81 52 64 90 68 46 86 39 20 31 34 42 74 48 38 27 19 26 18 79 14 10 63 22 49 28 29 50 21 72 66 17 32 78 82 36 35 43 24 37 33 2 69 88 55 76 9 56 4 51 40 6 8 77 58 65 84 71 85 54 25 12 16 11 83 89 67 3 75 73 15 87 30 57 70 13 41 23 59 45 44 5 60 61 1 47
82: 87 62 21 13 49 82 88 59 31 8 28 17 39 74 55 65 83 7 79 78 50 33 71 69 64 23 34 85 61 15 25 73 57 72 58 89 46 35 20 5 52 6 86 90 30 22 12 26 66 2 10 80 70 48 54 16 9 27 53 38 67 56 43 3 44 60 45 18 47 1 76 42 81 77 63 14 36 37 84 29 4 19 75 41 40 51 24 68 32 11
83: 19 42 21 89 32 43 71 90 1 68 75 29 13 35 73 34 11 8 77 80 6 20 81 64 85 33 28 7 27 10 3 47 40 5 9 61 14 41 45 37 66 59 24 23 65 4 31 56 54 25 12 82 30 76 72 2 49 16 39 15 36 88 84 58 70 53 83 52 22 46 60 51 67 17 57 50 63 86 78 48 87 69 62 55 26 74 38 44 18 79
84: 35 68 88 16 54 76 41 70 34 5 86 74 33 60 13 83 25 69 52 87 82 58 23 43 1 17 47 45 57 65 10 4 15 64 40 66 63 73 26 79 3 6 75 42 46 28 67 55 2 27 84 19 24 8 71 9 48 31 89 29 49 78 85 80 32 62 21 18 22 20 30 39 50 36 90 14 72 56 77 37 12 11 38 81 53 44 61 7 51 59
85: 13 47 31 12 71 60 16 90 68 9 5 88 58 56 46 75 86 78 76 48 22 11 29 87 85 66 18 67 3 42 70 1 62 2 34 32 27 51 26 36 40 23 73 38 4 77 57 6 43 10 25 37 24 84 69 89 33 65 52 63 50 59 17 30 72 81 45 74 15 19 41 53 61 83 39 21 8 35 7 49 64 55 44 82 20 14 54 79 80 28
86: 14 69 88 56 58 70 80 48 23 59 40 3 77 46 90 65 49 79 21 10 39 5 30 76 86 41 12 34 16 44 42 37 2 36 60 15 38 78 87 32 52 62 45 64 43 20 8 81 31 83 47 11 72 22 18 82 89 13 66 33 53 55 75 85 6 27 7 84 25 68 29 1 54 50 9 26 35 73 17 61 19 74 63 67 4 71 28 24 51 57
87: 65 36 85 61 26 62 3 73 31 23 86 79 64 22 54 50 51 35 15 84 74 48 66 63 89 29 80 81 6 88 82 32 90 69 60 77 37 68 30 25 71 56 17 49 87 28 45 55 39 9 72 18 8 46 67 5 10 20 19 38 40 78 53 70 14 75 1 27 34 59 41 43 47 4 57 44 7 58 21 52 11 83 13 16 2 24 33 42 12 76
88: 83 64 11 37 36 66 50 15 40 21 87 22 33 46 84 73 32 86 54 19 41 51 18 39 20 60 7 26 2 71 1 4 43 24 68 61 74 76 81 88 85 89 57 75 90 78 12 62 28 44 10 58 65 69 27 80 42 63 31 82 45 8 13 59 55 14 23 52 35 38 56 47 9 29 72 79 17 6 25 30 3 5 70 34 16 77 53 67 49 48
89: 14 37 12 2 9 31 80 47 71 42 24 15 35 4 60 72 76 64 46 18 52 62 34 21 43 45 73 58 39 32 69 40 85 6 87 89 22 86 88 50 56 53 54 13 67 77 83 44 74 51 82 90 75 68 17 30 63 57 81 48 26 36 84 11 5 70 61 79 27 29 59 16 19 38 49 7 65 55 25 10 78 28 33 8 41 66 23 3 1 20
90: 41 72 21 24 52 44 42 79 15 32 81 87 31 56 13 4 23 70 18 83 37 89 84 14 10 20 43 29 1 59 66 11 63 17 67 53 68 62 46 40 3 50 61 34 27 49 33 6 25 86 38 69 26 7 48 78 9 39 2 22 45 12 57 35 73 90 77 75 85 5 30 54 58 76 36 8 19 64 65 16 51 74 71 28 60 55 82 88 47 80
1: 73 48 79 19 44 13 59 46 53 43 68 64 23 18 14 3 76 60 58 84 70 20 57 81 40 74 87 85 28 25 82 65 29 11 50 51 61 75 21 63 67 15 77 37 47 32 35 54 41 31 4 30 33 52 5 72 88 27 6 83 9 34 45 56 49 42 78 7 2 69 36 62 80 71 90 66 89 39 10 16 22 26 86 1 24 55 38 12 8 17
2: 34 83 82 42 67 76 16 13 53 55 75 18 65 89 71 77 14 47 61 38 27 54 52 56 4 12 59 41 23 11 15 45 21 2 80 84 19 40 32 35 69 90 50 5 46 78 39 70 24 81 10 9 29 3 49 17 74 6 7 88 28 26 31 63 37 72 48 60 79 85 58 73 22 66 68 33 51 20 43 87 8 1 25 57 30 44 86 36 64 62
3: 4 37 5 32 85 29 66 24 84 55 15 38 16 2 82 47 69 76 28 34 61 81 25 9 79 27 73 51 78 13 41 83 54 75 42 33 65 44 18 64 11 7 77 40 67 68 30 39 17 89 49 10 86 56 1 21 80 72 62 3 12 50 8 58 46 22 23 19 53 36 31 45 43 90 87 59 63 48 57 71 14 26 74 70 6 52 88 60 35 20
4: 52 64 71 13 34 51 31 67 45 73 82 30 11 56 29 25 12 6 74 23 26 88 60 38 17 59 15 39 79 47 1 61 16 49 37 85 24 42 32 72 69 62 10 80 48 35 66 9 87 53 3 65 41 2 14 76 86 7 75 33 63 8 81 21 58 55 77 5 57 83 20 18 70 19 84 22 4 36 40 28 46 68 89 43 54 50 27 44 78 90
5: 54 74 67 87 50 23 34 64 78 72 61 19 76 26 17 18 9 86 3 37 2 48 58 13 79 81 27 10 68 90 30 36 11 66 25 40 80 28 69 8 21 1 44 5 85 46 12 6 38 70 43 75 22 35 62 47 29 41 51 77 20 39 89 7 4 15 71 60 88 63 83 33 57 82 55 45 24 42 16 53 32 31 56 65 52 49 59 73 84 14
6: 20 10 59 57 4 88 1 60 73 49 65 8 84 87 61 67 14 56 51 18 53 48 27 17 36 43 6 37 25 24 90 52 79 62 7 71 5 32 9 30 26 11 55 23 22 81 54 41 16 35 34 46 66 13 38 86 12 75 76 33 50 77 39 89 15 3 42 72 45 58 29 68 64 28 21 19 78 69 63 31 44 85 40 80 74 2 70 82 47 83
7: 51 1 10 77 27 31 78 63 87 44 9 42 74 17 84 6 13 62 8 19 69 52 54 68 30 29 79 48 45 3 72 85 28 65 21 18 7 76 64 67 46 24 59 34 15 25 73 47 41 38 58 35 11 81 89 49 14 80 71 39 43 56 83 53 50 37 32 20 70 2 75 26 33 4 22 40 86 57 36 60 5 66 90 16 61 88 12 23 82 55
8: 74 25 43 86 63 21 84 47 67 5 60 45 64 79 20 81 22 12 54 18 27 36 34 3 31 8 72 9 88 30 57 17 26 75 15 24 42 58 71 35 70 90 77 80 85 44 29 76 13 56 49 78 1 32 83 65 52 62 73 61 37 41 89 50 53 11 69 38 10 33 28 87 39 51 23 14 48 2 19 46 4 59 7 40 66 82 16 55 68 6
9: 13 23 43 77 46 79 50 48 42 5 57 88 69 15 80 21 36 19 81 76 38 54 58 33 49 72 27 44 61 32 3 55 2 62 86 25 67 1 8 74 41 52 18 28 90 75 59 64 39 6 11 47 70 7 30 45 10 37 83 89 73 84 71 35 12 17 14 34 65 56 68 53 78 85 40 22 24 26 16 31 63 4 20 66 51 60 82 87 9 29
10: 29 49 60 78 9 87 66 13 85 14 2 81 37 31 21 82 12 26 28 16 38 42 86 56 22 89 71 32 83 54 90 57 33 74 68 6 24 77 51 58 25 7 35 67 19 15 76 10 75 41 72 55 40 18 48 73 39 3 70 11 8 17 43 88 4 84 20 69 53 27 61 44 34 5 63 23 62 79 52 50 59 36 30 47 80 65 45 64 46 1
11: 3 83 1 75 36 23 5 24 57 25 20 28 12 80 71 39 79 51 26 33 81 2 21 74 70 8 85 22 67 9 4 64 62 48 35 61 58 37 18 69 27 77 63 65 60 32 7 46 6 52 17 30 68 55 88 47 78 50 72 40 31 45 29 76 90 42 44 54 73 66 38 15 82 16 11 13 86 43 10 87 14 56 41 49 34 84 89 19 53 59
12: 6 39 5 12 74 43 19 61 90 7 18 31 67 68 52 78 40 64 34 23 66 46 45 53 48 3 35 60 14 63 25 29 89 75 8 88 47 62 50 84 55 22 20 82 27 1 28 72 87 13 77 76 41 9 70 49 85 11 71 30 36 10 51 73 15 24 2 54 59 65 33 37 79 21 4 17 83 42 56 69 38 58 86 16 80 81 44 26 32 57
13: 80 22 82 89 4 47 68 28 53 50 42 39 73 48 33 5 70 49 78 45 13 60 38 52 16 8 58 43 10 75 69 87 26 11 37 66 6 84 56 63 7 86 20 81 9 46 14 1 19 71 55 40 67 35 30 31 57 79 32 72 23 64 76 41 2 25 34 85 51 12 88 27 36 21 17 61 54 62 65 24 29 3 90 15 83 44 18 77 59 74
14: 2 54 30 18 37 75 90 80 14 26 32 78 8 81 39 63 65 88 46 83 58 9 22 69 20 66 74 16 31 33 40 68 77 85 11 21 53 38 73 56 23 49 6 10 86 59 72 34 17 42 4 36 61 43 82 12 51 47 52 19 57 45 60 7 64 35 67 62 41 29 84 55 50 24 3 44 15 87 48 76 89 70 28 1 25 5 27 79 13 71
15: 32 89 81 14 75 43 70 27 45 87 79 86 10 42 39 17 46 34 6 33 18 49 23 25 4 36 82 20 88 44 13 85 3 58 73 29 52 16 74 15 19 5 56 12 59 72 71 66 2 40 35 51 41 54 78 55 62 31 60 30 50 83 65 53 48 76 61 47 28 9 26 22 37 67 77 24 80 90 64 21 8 63 57 7 69 11 1 68 38 84
16: 35 58 27 47 72 89 48 12 41 81 49 84 82 13 78 8 14 11 57 3 54 17 66 30 5 20 51 68 76 61 44 36 22 7 15 53 73 6 23 34 32 88 67 18 37 33 75 50 16 62 86 31 28 40 29 59 19 64 38 70 46 63 77 21 39 56 74 43 80 65 69 87 85 26 1 9 24 52 71 45 83 90 10 79 25 60 4 42 55 2
17: 61 6 41 70 82 12 31 15 8 45 56 57 4 29 32 9 74 23 40 46 43 51 37 89 84 44 13 86 33 68 17 20 85 65 16 73 39 26 64 54 3 77 19 87 90 30 78 49 71 69 81 42 21 7 88 34 75 72 58 18 63 76 80 22 14 25 10 36 1 60 27 2 62 67 47 83 11 38 66 24 5 79 48 53 35 55 50 59 28 52
18: 83 38 58 41 60 19 68 25 73 12 34 80 81 67 46 66 31 33 54 24 36 40 21 39 2 23 51 72 13 1 87 42 74 70 61 10 69 88 77 78 7 89 29 90 44 8 27 84 59 82 65 47 5 15 9 4 35 3 48 50 14 11 30 20 55 26 71 17 22 45 85 37 62 18 32 53 64 76 86 52 63 57 79 43 49 56 75 6 28 16
19: 59 54 58 5 53 19 52 42 37 56 51 89 87 33 21 63 83 78 66 71 82 23 31 16 43 72 80 79 65 17 22 81 57 25 10 32 26 24 34 30 84 50 70 49 62 90 47 60 77 27 44 46 7 14 75 40 18 41 73 86 39 4 1 64 38 67 6 35 45 2 13 48 12 55 3 88 28 68 85 11 36 76 20 29 15 61 9 8 74 69
20: 62 53 38 58 9 42 86 66 56 37 13 26 72 32 81 69 54 90 11 84 22 46 73 35 55 64 34 14 85 57 39 51 50 8 31 61 19 67 15 76 17 83 4 79 2 29 3 1 6 43 49 45 23 27 78 88 68 52 30 16 47 20 41 71 33 10 24 82 75 80 36 89 65 7 12 25 5 21 48 18 63 59 44 28 40 87 70 77 60 74
21: 77 8 23 3 75 25 61 81 67 63 59 10 38 88 17 84 16 79 50 65 28 62 74 83 55 6 51 87 73 11 22 27 18 40 32 19 89 12 2 64 30 58 52 34 29 45 66 9 47 53 35 43 7 60 14 5 41 37 42 49 57 70 85 36 78 20 44 13 48 71 90 39 33 80 46 24 21 4 72 31 82 56 15 76 69 1 86 68 54 26
22: 11 7 59 89 90 68 70 78 65 4 71 76 50 88 26 15 13 45 67 49 6 83 1 29 46 14 62 28 73 69 38 32 86 61 43 36 51 72 87 39 24 81 77 22 34 16 25 33 64 2 31 35 3 53 37 19 41 60 79 80 82 84 66 54 74 47 44 75 18 21 63 42 10 12 8 5 58 17 57 23 30 55 85 48 9 52 27 20 56 40
23: 23 18 79 88 47 72 20 71 52 84 66 28 80 36 37 63 75 29 90 55 73 54 61 16 25 22 32 50 21 44 26 33 48 3 62 65 7 4 34 5 6 46 59 83 10 1 69 35 67 19 40 14 8 31 17 77 56 12 41 43 9 45 53 86 89 30 60 70 42 27 85 74 38 82 2 57 15 81 78 51 11 76 24 39 64 58 49 87 68 13
24: 34 47 36 63 64 4 80 75 56 90 82 43 71 9 41 16 83 72 67 28 17 2 23 68 69 33 85 19 25 15 88 66 22 40 42 65 50 14 37 70 52 55 54 1 31 39 77 76 18 87 86 3 11 81 49 60 5 20 32 84 12 30 24 44 45 6 51 59 21 8 78 13 73 58 10 61 27 79 29 7 57 62 53 38 46 74 26 48 89 35
25: 13 29 9 27 43 34 20 16 4 88 85 58 62 84 66 42 54 89 8 87 10 38 44 24 31 46 30 76 63 41 80 77 59 73 25 33 81 86 15 82 49 51 79 5 67 12 22 75 28 50 11 74 32 53 56 35 90 6 17 40 57 26 72 36 55 61 48 19 37 18 64 71 52 14 45 68 69 7 23 1 60 78 47 2 3 65 70 83 39 21
26: 35 71 86 48 74 19 34 68 80 43 88 82 8 57 3 47 14 37 5 4 28 12 38 54 36 7 64 49 10 63 6 17 73 84 51 40 52 45 30 75 62 76 69 46 90 27 16 21 26 87 31 22 18 42 59 89 81 33 78 25 32 23 1 24 66 55 15 72 13 44 70 9 60 41 83 56 85 20 11 77 58 29 61 79 53 39 65 67 2 50
27: 69 65 33 20 62 49 75 67 82 18 22 27 19 73 2 87 47 4 7 72 64 83 46 80 78 58 85 54 41 24 35 39 13 45 51 1 57 9 74 31 23 66 34 48 55 10 15 52 38 61 16 11 28 60 17 90 3 44 56 70 77 42 21 84 8 81 29 59 30 36 12 6 5 43 63 14 37 25 68 89 32 50 76 86 26 40 53 71 88 79
28: 64 54 23 35 19 88 56 36 50 27 38 4 39 33 80 77 73 55 62 79 84 51 82 52 46 89 53 76 45 61 22 40 67 87 5 20 65 8 7 81 25 16 2 15 28 85 59 60 6 14 13 18 58 63 90 75 74 29 70 83 24 66 34 42 31 21 57 72 1 3 69 17 37 41 12 10 78 49 48 26 71 30 68 9 32 86 11 47 44 43
29: 67 38 36 6 85 32 84 11 77 35 9 40 2 66 3 68 31 22 42 82 55 61 33 75 4 44 89 13 27 64 39 25 79 24 88 20 30 57 69 16 34 46 17 29 23 48 90 37 21 18 49 76 83 12 26 87 65 63 71 8 86 1 74 78 62 7 53 5 80 14 10 54 47 60 81 56 19 52 43 28 50 15 51 45 72 59 70 41 58 73
30: 87 65 68 81 83 64 5 89 21 14 45 17 30 10 11 46 27 39 67 75 8 34 73 19 88 59 13 40 61 9 35 55 51 77 3 80 6 7 62 36 72 12 82 69 42 1 18 84 20 23 85 16 28 26 48 66 71 15 24 57 43 29 47 70 2 31 79 86 54 63 49 76 78 56 32 25 33 53 52 74 41 22 38 50 60 90 4 44 37 58
31: 21 84 37 40 11 48 23 18 53 15 59 60 81 82 13 55 90 71 74 69 65 9 50 27 67 56 78 66 19 42 57 3 72 20 79 62 35 51 43 83 76 80 31 7 52 30 58 32 24 25 68 89 77 47 34 49 2 46 73 17 41 14 45 22 1 16 70 26 64 29 33 6 10 61 75 39 87 5 88 86 44 12 38 8 4 36 63 85 28 54
32: 66 69 71 33 24 31 77 39 42 59 85 6 48 65 88 52 90 60 46 57 7 25 2 15 72 79 4 27 1 43 47 34 5 21 9 51 41 36 14 84 45 28 29 3 22 38 12 49 50 68 62 58 19 40 17 83 63 30 89 67 70 56 32 86 10 76 37 8 74 61 53 44 20 75 13 55 64 54 87 80 35 82 73 23 18 16 78 81 26 11
33: 35 2 40 57 75 84 1 46 63 14 64 77 17 8 72 44 67 48 81 38 3 74 79 55 89 34 86 53 85 45 6 25 12 60 80 18 49 59 87 66 15 52 78 41 30 71 68 61 76 19 56 62 33 51 28 32 31 36 37 88 22 4 24 9 10 42 69 20 23 7 29 90 47 5 65 27 83 73 70 54 16 50 11 13 26 21 43 39 82 58
34: 49 3 53 23 42 20 22 11 50 77 81 56 18 5 28 10 33 71 80 59 29 12 21 82 58 63 37 48 72 41 2 61 27 62 14 19 54 76 52 70 16 25 73 44 38 68 46 85 57 86 36 9 43 55 32 17 34 88 66 40 87 79 83 35 6 15 30 47 26 74 45 7 65 69 13 89 64 1 39 51 84 4 75 67 24 78 8 60 90 31
35: 70 81 68 17 18 15 72 6 60 67 52 42 36 50 54 86 82 25 19 35 26 51 90 14 75 31 24 11 46 62 22 1 39 13 56 34 48 3 30 16 4 88 76 28 43 71 64 7 77 10 37 45 5 55 58 40 20 33 74 85 61 73 32 66 29 44 89 79 57 38 23 41 69 78 49 53 80 83 59 27 21 63 65 87 12 8 84 47 2 9
36: 36 81 6 89 73 88 86 43 2 69 63 39 4 24 26 10 25 48 50 1 27 46 83 5 49 38 40 13 37 33 19 28 87 31 16 18 44 71 41 54 23 59 34 11 58 32 68 74 75 22 79 47 57 9 78 8 29 70 60 80 82 12 42 85 53 67 61 72 17 7 65 20 76 84 21 56 3 77 14 90 52 66 55 15 51 30 45 62 35 64
37: 56 89 52 1 23 30 58 36 9 10 61 38 41 60 29 82 80 45 40 5 70 34 79 78 18 46 51 25 88 75 73 26 65 83 57 67 24 43 55 53 66 59 69 85 54 8 20 13 16 4 42 27 76 39 90 32 37 74 68 35 28 62 50 87 11 22 84 6 19 3 48 17 64 15 81 86 7 63 72 21 77 33 47 12 14 49 71 44 31 2
38: 61 43 36 24 10 6 34 42 21 1 57 64 40 52 18 2 26 67 70 58 90 80 25 45 31 51 88 20 73 4 60 5 86 81 69 9 35 72 46 47 54 49 66 74 32 78 3 8 65 85 84 29 11 30 50 48 12 62 41 15 44 68 28 56 53 82 63 14 16 37 89 59 83 55 75 87 71 13 17 22 19 7 79 39 27 76 23 38 33 77
39: 59 26 27 75 77 25 5 9 11 83 45 43 37 29 23 78 66 49 51 87 70 63 12 44 20 69 42 24 80 36 81 16 58 3 10 61 53 31 39 13 55 73 50 22 46 15 34 4 90 8 64 52 86 65 74 62 2 28 48 67 6 57 60 32 68 38 82 71 47 40 54 88 56 85 76 19 18 14 41 84 30 35 72 89 1 33 17 21 79 7
40: 1 32 75 29 51 69 68 37 15 82 16 41 39 55 34 62 6 74 56 70 67 64 5 14 23 48 2 31 77 47 65 21 89 9 59 80 87 71 22 78 40 10 24 86 90 18 20 60 38 52 27 8 54 83 33 84 85 79 3 66 45 50 61 35 57 76 36 53 17 72 58 88 25 7 81 46 19 44 13 4 30 49 12 42 63 11 43 26 73 28
41: 27 53 34 23 28 63 88 89 84 79 18 66 5 29 8 16 31 42 62 36 7 20 90 83 86 50 82 41 58 24 45 52 33 17 38 59 57 68 77 3 30 71 39 70 15 13 11 61 25 56 73 48 69 64 44 78 55 51 43 54 75 74 72 21 9 22 67 81 19 4 37 80 2 12 65 32 87 35 46 10 47 76 49 40 14 6 26 85 1 60
42: 6 31 1 50 23 8 60 38 41 82 72 5 63 10 76 71 56 46 59 11 13 87 81 78 12 27 69 43 73 40 30 75 49 19 68 18 9 80 29 57 67 51 53 35 89 77 88 65 24 17 16 55 45 86 52 4 44 37 79 15 64 32 28 39 85 7 26 47 20 3 70 21 83 61 22 84 2 54 48 66 74 62 58 42 14 90 36 33 25 34
43: 8 36 61 5 17 24 13 44 47 87 48 9 15 71 23 69 30 28 83 2 82 86 52 76 27 78 51 80 4 88 59 72 90 12 68 34 3 35 75 26 29 85 79 37 45 20 21 65 84 89 41 57 81 33 19 49 70 32 63 18 16 74 60 42 56 46 11 77 40 66 10 67 50 64 39 38 54 1 43 73 31 14 55 6 62 25 53 22 7 58
44: 15 27 36 52 12 67 61 73 87 66 58 37 57 43 33 1 13 25 82 70 56 18 21 8 64 46 24 75 38 88 6 35 78 30 68 89 48 54 5 29 45 79 26 16 44 14 53 42 74 28 76 83 10 40 41 22 4 62 86 69 39 63 11 71 2 3 77 85 47 55 72 84 90 51 81 17 80 31 9 65 34 7 23 32 60 20 49 19 50 59
45: 27 5 49 8 62 45 22 34 70 61 14 30 24 39 79 2 16 31 83 17 84 35 78 73 46 56 21 13 12 36 19 58 63 40 26 29 33 3 71 86 44 10 28 85 11 54 81 57 51 25 87 55 38 60 18 76 1 82 88 37 68 64 20 89 48 53 4 43 75 50 7 66 9 15 6 74 72 80 90 32 47 41 23 42 67 52 77 69 59 65
46: 2 70 36 9 53 67 50 55 81 68 78 72 77 26 51 61 62 76 82 19 34 52 5 71 46 86 1 84 29 11 47 22 49 48 45 12 4 40 8 89 74 18 87 30 58 35 59 60 85 57 28 27 33 44 39 14 6 42 83 75 25 65 15 64 21 80 41 24 63 7 16 88 56 38 37 90 13 69 54 17 43 20 79 66 3 31 73 10 23 32
47: 36 39 15 67 84 44 27 82 68 53 49 87 4 14 8 65 74 63 6 64 2 12 56 60 10 31 21 33 79 46 54 26 81 16 75 73 61 37 25 52 50 78 1 30 41 43 42 17 22 89 19 88 70 59 90 3 29 86 9 11 51 45 20 18 40 58 69 72 13 34 57 71 80 47 5 28 48 66 7 38 62 35 76 85 83 24 32 55 77 23
48: 47 88 86 60 4 71 44 10 30 31 40 79 24 36 56 54 25 26 8 48 39 37 58 9 12 57 11 32 55 81 52 82 72 1 33 19 41 63 6 5 84 53 76 42 74 35 43 78 3 67 21 65 64 46 16 77 13 75 38 85 62 28 69 87 34 66 50 2 89 22 20 27 80 90 73 70 49 7 83 45 14 17 15 59 51 23 68 61 29 18
49: 33 52 49 76 31 74 8 60 14 87 86 85 71 3 23 15 32 13 50 88 77 1 38 36 17 9 11 56 22 28 51 46 61 65 90 83 18 62 42 59 66 55 41 43 48 80 69 67 40 16 63 68 47 25 12 10 75 57 5 27 53 45 81 79 78 30 6 19 44 4 21 35 24 70 2 26 89 64 7 37 72 73 82 20 39 58 84 54 29 34
50: 43 23 64 89 20 35 5 86 69 38 71 21 18 39 3 44 12 13 33 45 7 62 54 57 78 79 47 59 60 4 50 15 34 11 56 8 83 40 81 41 75 25 73 28 76 32 19 30 49 84 65 74 53 42 67 72 6 24 36 1 31 48 68 88 70 85 51 22 26 17 27 55 14 9 80 16 77 37 61 10 87 66 2 29 46 82 90 63 58 52
51: 74 25 69 52 89 7 18 11 75 6 59 27 39 38 53 16 41 58 22 34 15 30 2 85 77 12 48 50 51 55 61 49 54 60 23 56 10 57 67 68 33 4 71 83 65 26 84 40 24 47 78 43 1 3 64 14 37 17 88 9 79 5 21 82 62 29 20 86 72 70 73 19 90 66 81 63 28 31 13 44 76 32 45 36 80 35 87 8 42 46
52: 36 40 49 1 25 73 10 55 89 9 66 42 2 29 47 87 64 71 27 53 33 51 39 41 84 59 58 16 68 3 43 12 62 50 28 65 75 38 56 69 67 88 90 46 14 31 11 15 52 13 83 63 35 4 24 23 82 5 19 30 74 86 79 22 32 80 76 6 57 18 21 45 78 61 77 34 48 37 20 54 85 44 70 17 60 7 81 8 26 72
53: 14 89 55 64 9 53 43 20 45 36 25 24 4 39 57 3 15 34 23 11 50 31 33 82 63 73 61 27 1 13 59 84 74 46 10 79 60 62 5 40 67 76 83 38 56 54 42 75 37 90 85 44 66 49 72 26 35 8 87 81 65 77 7 32 18 2 68 41 69 22 51 21 30 52 48 71 78 80 86 47 88 70 16 19 12 28 58 29 17 6
54: 78 58 19 13 44 39 4 27 80 87 53 81 70 23 76 50 34 55 11 25 16 57 49 56 89 14 28 62 82 90 54 43 9 83 10 69 1 38 41 86 45 63 6 84 72 66 59 18 17 40 73 64 74 7 47 79 52 31 22 65 46 15 21 26 77 24 60 88 33 48 37 30 2 61 12 32 35 68 20 71 67 5 36 85 29 8 3 42 75 51
55: 36 35 76 40 31 87 46 71 37 78 72 43 24 51 90 88 81 86 32 30 62 77 16 55 9 6 54 47 61 8 64 53 74 4 89 73 33 23 38 57 85 19 27 12 45 67 20 49 22 63 66 59 80 65 69 25 29 58 39 1 68 18 52 21 34 2 70 56 41 79 84 15 14 7 13 75 60 82 3 48 50 83 10 11 5 42 26 17 44 28
56: 3 73 8 19 34 25 47 87 4 16 85 21 52 53 14 51 69 5 42 56 31 45 75 9 27 80 89 15 43 76 54 90 66 40 32 57 12 46 41 29 63 74 17 71 50 23 77 6 58 7 37 33 24 79 26 88 70 83 39 2 59 10 68 62 60 1 48 30 18 36 78 35 65 11 86 84 82 55 64 22 20 72 44 61 81 13 28 49 67 38
57: 84 39 12 48 50 22 30 17 38 71 42 49 85 78 5 65 35 75 60 11 81 2 26 14 13 73 16 52 69 57 46 20 63 18 56 4 83 37 88 36 67 7 86 15 40 61 23 89 82 34 68 90 51 31 66 45 44 21 3 41 33 32 28 19 87 70 72 1 79 9 10 55 29 77 24 47 76 25 53 27 8 74 59 54 43 6 80 64 62 58
58: 39 54 83 12 74 5 10 22 14 51 56 4 7 86 32 66 71 6 55 15 60 42 1 40 20 53 43 21 64 59 65 78 61 18 49 13 63 23 70 35 27 31 19 36 9 44 45 41 2 24 37 77 3 80 81 11 16 38 88 58 76 28 67 62 69 46 26 57 79 73 33 47 72 52 89 25 29 50 48 87 30 90 82 17 34 85 84 68 75 8
59: 38 37 85 5 31 16 84 8 79 51 89 77 82 50 69 33 53 70 25 78 35 81 20 39 73 47 56 12 17 86 60 55 52 71 6 72 32 40 49 64 57 45 74 61 10 65 3 59 87 34 18 83 63 46 90 23 7 62 27 30 43 29 11 1 36 24 22 42 21 76 15 67 88 68 13 54 28 80 9 14 41 44 48 19 26 58 4 75 66 2
60: 54 9 31 89 68 64 61 23 37 76 38 32 65 62 19 59 75 2 57 5 6 48 28 12 66 73 71 67 43 18 46 86 26 82 44 21 39 40 35 70 45 14 13 41 90 58 11 51 36 81 20 88 7 49 60 78 55 83 24 17 29 63 74 50 69 10 84 52 34 87 33 4 85 8 22 1 27 47 53 56 3 77 42 25 15 72 16 30 80 79
61: 5 88 17 2 45 85 78 56 48 64 8 3 10 55 68 42 27 62 53 22 23 1 9 19 59 77 58 49 75 14 90 66 73 18 65 20 4 7 13 15 70 36 40 43 33 12 51 72 34 86 37 82 54 25 32 41 29 57 61 26 24 46 80 11 38 87 81 35 69 67 71 31 21 76 83 79 50 74 63 30 28 47 39 6 60 44 16 52 84 89
62: 45 72 39 24 8 15 59 79 35 62 60 12 69 83 90 71 43 37 77 48 64 33 84 52 75 18 57 56 66 42 40 41 27 20 44 87 3 82 49 51 55 30 68 23 58 28 29 10 6 34 86 25 65 53 36 47 38 16 17 67 2 63 21 22 81 26 1 73 9 4 32 74 19 31 89 13 76 85 7 78 5 46 88 70 54 14 50 61 80 11
63: 39 43 79 70 51 76 82 3 13 90 22 10 63 2 61 55 23 15 64 73 20 38 31 87 29 28 17 41 48 9 21 54 52 53 83 1 71 30 57 33 74 24 69 47 7 44 81 86 49 11 18 27 25 88 26 19 59 40 14 4 68 45 60 36 5 75 77 50 65 12 37 56 42 32 85 80 35 78 84 89 6 16 72 34 62 67 8 66 58 46
64: 85 60 59 90 69 54 52 49 8 62 66 42 45 34 65 88 80 47 67 15 36 6 16 35 21 12 1 26 5 79 38 87 64 14 76 46 23 44 82 84 72 73 37 28 30 50 10 3 55 51 56 89 71 4 61 32 43 19 9 81 22 13 40 48 39 74 25 53 33 75 27 31 63 58 11 70 83 18 78 77 29 86 20 57 2 41 17 7 68 24
65: 78 85 42 73 40 84 53 77 75 65 21 37 4 82 86 64 27 25 16 7 48 66 9 52 10 26 60 24 3 56 12 72 45 81 80 44 8 5 18 70 30 50 68 87 36 46 69 31 83 38 49 74 57 63 22 19 34 88 59 33 41 11 13 90 62 79 29 89 2 39 61 43 23 1 54 6 58 47 67 17 28 55 32 15 35 76 71 20 51 14
66: 48 85 22 25 14 75 77 53 13 12 74 87 39 15 32 16 43 63 41 60 30 24 73 9 46 69 62 58 88 82 61 20 6 23 1 34 26 78 36 83 64 37 28 2 4 38 71 89 49 81 90 57 84 10 18 59 17 47 55 66 5 67 21 35 65 3 79 29 72 76 42 52 70 80 8 11 40 27 45 19 51 56 31 86 54 44 7 33 68 50
67: 74 60 12 58 89 67 79 14 47 30 76 50 35 54 43 25 5 34 19 62 21 70 3 72 80 85 7 55 42 15 63 10 59 22 33 73 57 75 87 90 65 13 23 83 51 45 71 46 69 6 88 61 84 81 1 16 41 64 52 8 24 27 17 9 26 32 4 77 18 20 31 53 82 86 48 36 56 11 2 49 29 44 66 78 28 68 40 37 38 39
68: 25 13 48 19 73 76 75 23 10 81 18 12 65 53 86 6 68 11 44 50 59 1 14 5 71 7 77 29 2 51 56 49 9 42 31 24 22 85 62 80 87 35 27 54 84 78 20 21 46 28 74 32 79 33 69 36 17 39 45 4 83 60 67 72 47 41 82 89 38 16 34 64 30 63 61 57 70 90 58 26 66 88 3 55 15 8 43 37 40 52
69: 54 27 61 8 75 65 89 16 79 56 48 88 42 45 66 90 83 36 37 82 44 53 21 13 24 4 49 43 17 32 1 23 3 31 5 40 69 30 15 87 12 22 77 28 26 76 35 62 20 38 72 29 18 34 78 33 58 6 46 25 41 67 11 59 47 68 7 80 39 64 9 2 19 63 55 84 70 51 50 74 73 14 85 86 60 52 10 81 57 71
70: 84 79 21 58 35 70 16 74 57 75 56 87 52 67 4 85 10 59 23 61 26 88 41 60 63 78 5 64 11 14 31 54 68 33 86 89 7 81 34 38 24 29 39 27 18 6 53 82 3 83 2 32 73 1 22 50 90 40 72 12 9 49 69 28 13 30 77 47 46 51 25 43 45 17 42 19 55 15 44 80 48 36 62 8 37 76 71 65 66 20
71: 9 44 21 3 48 82 33 14 85 22 80 2 65 78 29 43 1 60 6 7 4 47 52 66 61 23 87 5 17 8 57 45 11 64 15 16 53 55 41 90 38 39 71 59 49 35 30 88 79 20 67 72 36 19 73 34 81 74 54 40 10 69 28 56 83 89 26 86 77 75 84 24 42 62 51 37 12 76 46 63 13 58 18 70 25 31 50 32 27 68
72: 29 18 49 70 63 7 81 76 28 88 68 3 33 4 89 64 24 74 84 27 75 62 85 6 44 56 2 13 59 43 77 41 21 90 53 30 17 31 22 16 51 66 26 52 15 25 55 42 37 36 78 38 54 39 71 9 48 40 11 58 82 73 50 20 45 57 69 61 1 65 47 12 23 14 35 72 67 79 87 86 19 83 34 60 46 10 5 8 80 32
73: 33 32 65 17 26 75 70 67 34 8 61 41 42 51 73 62 27 1 43 11 15 58 76 53 39 52 28 46 60 68 6 23 74 66 81 20 82 37 49 18 38 86 85 45 2 35 56 77 40 84 22 57 9 21 31 29 88 7 69 59 5 30 14 24 47 16 3 72 71 80 83 4 25 13 87 44 55 36 50 89 79 63 90 10 48 78 12 19 64 54
74: 16 1 49 43 14 46 77 55 71 29 68 33 35 74 38 63 81 88 75 72 85 54 40 61 8 32 31 51 82 24 80 70 76 69 64 62 73 3 19 10 52 15 28 47 48 87 13 2 66 53 42 12 11 67 50 58 86 59 30 60 26 21 83 23 36 84 6 4 44 5 65 90 22 78 39 7 57 18 56 37 41 79 17 27 25 89 20 45 9 34
75: 38 57 51 67 75 82 72 29 14 46 5 7 37 63 6 86 19 1 71 50 88 36 48 11 39 13 60 41 22 44 8 77 10 68 52 16 74 31 32 89 4 24 40 66 64 49 62 45 34 27 33 70 69 54 73 42 55 53 25 30 43 61 56 2 76 3 84 17 85 9 79 35 87 18 28 15 81 59 90 26 80 12 23 78 21 83 58 20 47 65
76: 4 13 8 83 63 77 55 87 85 75 88 40 50 64 30 51 74 71 41 2 79 47 35 26 22 69 10 3 80 38 18 28 56 54 62 57 32 25 44 58 90 39 14 45 29 16 21 59 81 23 17 6 33 72 60 73 67 36 89 11 31 24 70 7 34 1 46 43 78 53 66 5 37 82 49 19 76 86 12 48 42 27 61 20 65 15 84 52 68 9
77: 86 67 53 79 72 80 57 5 60 14 54 64 46 56 32 90 59 41 16 11 78 81 87 22 21 49 19 35 28 36 6 65 40 68 83 82 85 89 15 84 48 33 61 44 55 13 77 27 4 73 39 24 2 1 26 30 58 69 37 74 88 51 75 76 31 20 18 50 66 8 71 62 3 43 17 12 9 23 42 34 47 70 25 45 29 38 63 52 10 7
78: 5 61 29 35 80 40 37 58 2 38 25 45 6 20 39 73 50 65 31 90 62 3 41 24 28 18 16 33 79 10 85 84 36 13 48 47 75 57 77 11 15 42 8 43 66 7 49 32 9 82 70 52 89 26 87 34 56 22 30 88 67 51 1 71 64 4 81 72 63 53 83 69 68 12 44 59 46 17 19 54 76 14 74 23 55 21 27 86 60 78
79: 75 13 4 73 90 20 27 71 81 85 80 62 60 49 76 24 2 61 67 88 57 32 15 82 44 30 33 31 46 39 54 43 86 19 8 22 70 36 87 53 9 18 42 14 7 11 51 25 45 77 74 10 23 59 64 68 21 65 55 1 17 6 52 26 5 79 37 69 35 72 83 16 48 12 63 58 38 41 66 89 40 56 47 84 34 50 28 29 3 78
80: 16 81 61 54 10 50 22 49 59 89 47 88 57 51 33 76 48 86 63 32 4 71 64 23 82 15 5 65 17 90 37 42 53 78 29 79 70 7 34 1 84 80 77 75 19 56 58 52 87 66 30 9 74 38 69 62 18 14 28 67 46 44 73 13 31 40 20 24 2 36 26 6 11 41 55 45 39 43 27 72 68 83 60 85 3 21 35 8 25 12
81: 17 66 37 81 88 74 33 29 42 80 23 62 47 59 75 11 35 82 28 40 52 76 67 53 18 38 85 48 31 68 7 26 34 10 36 78 16 70 30 57 46 87 15 24 5 61 19 1 3 4 22 27 84 55 2 56 73 83 90 44 50 64 60 12 14 6 86 41 13 9 21 63 71 49 54 20 58 39 65 25 51 72 79 8 32 69 45 43 77 89
82: 56 63 49 78 45 41 81 74 36 51 55 89 76 87 46 85 50 21 84 38 13 72 19 66 47 3 31 69 75 27 37 16 70 53 67 59 82 58 6 80 83 29 90 33 8 2 26 32 86 43 20 14 44 88 28 71 1 23 57 64 35 17 24 10 52 77 42 25 22 65 62 4 12 9 68 48 15 11 40 18 73 39 30 34 79 61 7 54 5 60
83: 10 41 90 22 16 25 14 18 19 48 83 55 70 24 69 45 74 86 62 47 31 68 8 53 21 4 37 88 29 11 76 54 84 63 71 65 72 12 40 66 30 82 67 17 34 43 3 15 5 79 9 42 1 36 73 85 6 78 32 44 33 50 58 7 80 52 60 57 75 89 20 49 35 64 87 27 23 59 46 81 56 77 13 26 2 61 28 51 38 39
84: 68 29 88 49 73 8 80 19 79 71 22 69 47 2 25 74 81 1 58 85 56 50 83 4 38 12 72 52 46 21 32 75 61 27 40 6 48 82 55 90 15 45 34 43 36 10 89 9 70 76 63 13 67 77 11 65 57 26 51 14 44 37 16 20 64 30 84 86 78 35 60 62 7 39 18 59 87 41 24 33 28 5 31 42 23 3 54 53 66 17
85: 61 71 42 1 82 4 19 52 44 35 78 90 30 73 65 37 17 54 79 68 50 49 56 7 84 16 77 51 64 14 72 74 83 86 5 20 47 6 25 63 23 22 11 46 2 34 76 40 21 67 24 59 70 48 18 15 27 45 43 3 12 62 28 55 81 88 66 80 60 89 8 36 85 53 75 9 57 31 10 26 29 87 32 69 13 33 41 38 39 58
86: 57 31 2 3 53 85 78 17 59 46 88 43 49 18 87 25 15 20 74 58 73 68 30 40 16 12 7 83 36 1 69 67 28 44 86 51 54 71 64 56 29 33 77 72 27 42 62 4 60 55 81 21 82 26 76 19 11 8 70 13 10 45 34 14 61 75 32 23 89 38 6 47 84 90 79 39 35 9 41 37 22 24 65 5 63 66 80 50 48 52
87: 6 15 24 39 10 65 28 12 47 63 40 33 70 87 32 20 76 84 5 88 35 71 19 79 43 34 83 66 48 81 16 80 29 3 9 45 31 25 14 51 21 54 78 18 52 44 7 41 27 46 36 8 13 74 53 89 30 61 59 23 55 2 75 22 90 38 26 68 86 1 64 62 58 85 82 4 37 50 57 42 69 72 17 11 56 60 67 73 77 49
88: 5 82 80 39 67 8 49 60 68 65 85 42 38 18 74 59 40 44 14 87 79 81 15 24 86 63 88 31 13 77 78 50 69 27 84 29 83 19 70 4 32 33 71 51 35 28 20 89 34 36 22 75 45 10 41 7 58 21 11 3 55 48 26 73 46 56 2 66 52 57 76 17 72 30 25 12 61 9 62 1 16 90 6 54 43 64 47 23 37 53
89: 12 68 34 86 27 24 66 84 89 16 67 21 13 11 41 81 76 64 63 35 43 10 9 38 8 78 23 33 90 83 87 20 72 57 65 14 44 22 45 28 82 88 61 56 5 69 3 2 4 51 70 77 54 1 62 19 26 31 37 50 39 49 79 48 42 18 7 46 32 47 75 53 36 59 25 52 58 74 60 6 15 73 40 17 29 55 85 80 71 30
90: 48 46 12 74 6 53 39 87 67 20 19 55 41 78 9 5 18 65 25 77 17 13 60 15 28 47 7 8 61 68 54 73 71 49 23 81 38 76 57 82 16 24 56 86 44 33 66 52 50 83 34 30 63 51 21 88 36 14 32 59 75 43 1 29 4 45 40 72 22 42 90 64 62 84 69 70 85 10 11 31 37 3 58 79 35 2 26 89 80 27

instance parameter information
numMenOrWomen: 90
minLenPref: 90
maxLenPref: 90
skew: 0

