20
1: 6 2 4 20 18 19 5 
2: 11 2 4 18 5 17 20 
3: 12 13 15 4 6 11 2 18 
4: 19 4 20 17 18 11 3 2 
5: 20 18 2 17 8 1 4 
6: 18 11 17 4 5 20 2 
7: 2 17 18 5 1 
8: 8 18 20 4 5 17 
9: 15 19 6 2 5 11 
10: 5 2 18 4 20 14 17 
11: 1 2 4 17 5 14 11 7 20 
12: 7 3 18 2 17 4 20 
13: 9 13 17 16 1 6 19 18 7 2 
14: 17 4 19 7 1 16 5 2 20 
15: 4 8 18 2 20 19 10 5 6 17 
16: 3 4 18 19 5 2 14 
17: 10 17 7 2 11 20 19 
18: 14 19 17 5 20 
19: 16 7 2 6 19 20 17 
20: 13 18 2 7 15 1 17 20 4 
1: 5 7 20 14 13 11 
2: 6 16 13 19 17 20 12 11 15 2 4 5 1 3 10 9 14 7 
3: 4 12 16 
4: 5 11 6 12 1 10 2 16 20 3 4 8 14 15 
5: 9 15 8 18 1 7 6 11 2 14 16 10 
6: 13 19 3 9 15 1 
7: 17 20 13 11 19 14 12 
8: 15 5 8 
9: 13 
10: 15 17 
11: 11 6 3 17 9 4 2 
12: 3 
13: 3 13 20 
14: 10 16 11 18 
15: 3 20 9 
16: 13 14 19 
17: 13 6 7 11 19 15 4 8 18 2 5 10 12 20 17 14 
18: 3 12 16 8 4 2 15 10 13 1 5 20 7 6 
19: 9 15 18 14 17 1 19 13 16 4 
20: 2 17 19 14 12 15 10 1 20 18 8 6 11 4 5 



Updated preference list above: can be reinput into program.
Duration_ModCreation_milliseconds: 218
Duration_GetSolution_milliseconds: 3
Duration_CollectRes_milliseconds: 0

RawResults: 
6 11 12 19 20 18 2 8 15 5 1 7 9 17 4 3 10 14 16 13 

Duration_Total_milliseconds: 379

exitCode 0
code/Main_GS completed
