20
1: 14 15 17 4 19 
2: 12 1 15 14 10 17 
3: 7 2 5 6 12 15 13 
4: 15 1 9 17 10 12 14 
5: 16 13 18 14 17 4 
6: 13 17 12 
7: 18 15 2 14 4 17 8 
8: 17 15 10 20 8 7 
9: 6 15 1 17 9 20 12 13 
10: 8 6 1 17 15 5 10 
11: 10 17 15 8 14 13 1 20 5 
12: 9 6 13 10 17 15 1 5 
13: 11 17 8 20 15 6 
14: 20 15 11 12 13 8 4 17 
15: 5 13 9 4 14 15 2 20 17 
16: 1 20 17 
17: 3 13 19 17 11 1 
18: 4 16 17 13 12 6 
19: 19 11 4 17 13 15 5 
20: 2 15 13 10 5 6 
1: 12 2 11 9 4 10 17 16 
2: 3 7 15 20 
3: 17 
4: 7 5 14 15 1 19 18 
5: 3 19 20 12 11 10 15 
6: 20 12 13 3 18 10 9 
7: 8 3 
8: 14 11 13 7 8 10 
9: 9 4 15 12 
10: 12 10 2 20 4 8 11 
11: 17 19 14 13 
12: 14 3 9 4 18 6 2 
13: 15 19 11 14 9 5 17 18 20 3 12 6 
14: 15 4 11 5 2 7 1 
15: 9 10 19 14 2 12 8 15 1 13 3 20 7 11 4 
16: 18 5 
17: 4 15 18 6 16 1 2 10 12 5 13 9 7 11 19 14 17 8 
18: 5 7 
19: 1 17 19 
20: 15 13 9 8 11 16 14 



Updated preference list above: can be reinput into program.
Duration_ModCreation_milliseconds: 52
Duration_GetSolution_milliseconds: 2
Duration_CollectRes_milliseconds: 0

RawResults: 
14 12 7 15 16 13 18 17 6 8 10 9 11 20 5 1 3 4 19 2 

Duration_Total_milliseconds: 102

exitCode 0
code/Main_GS completed
