// General stats
numRotations: 12
numStableMatchings: 21


// Rotations
rotation_0: (42, 55) (54, 52) 
rotProfileMen_0: -1 1 0 0 0 0 0 0 -1 0 0 0 0 0 0 0 0 0 0 0 1 0 0 0 0 0 0 0 0 0 0 0 0 0 0 0 0 0 0 0 0 0 0 0 0 0 0 0 0 0 0 0 0 0 0 0 0 0 0 0 0 0 0 0 0 0 0 0 0 0 
rotProfileWomen_0: 0 0 1 0 0 0 0 0 0 0 0 0 0 0 0 0 0 1 0 0 0 0 0 0 0 0 0 -1 0 0 0 0 0 0 0 0 0 0 0 0 0 0 0 0 0 0 0 0 0 0 0 0 0 0 0 0 0 -1 0 0 0 0 0 0 0 0 0 0 0 0 
rotProfileCombined_0: -1 1 1 0 0 0 0 0 -1 0 0 0 0 0 0 0 0 1 0 0 1 0 0 0 0 0 0 -1 0 0 0 0 0 0 0 0 0 0 0 0 0 0 0 0 0 0 0 0 0 0 0 0 0 0 0 0 0 -1 0 0 0 0 0 0 0 0 0 0 0 0 
 --- 
rotation_1: (53, 36) (10, 44) (61, 21) (8, 33) (39, 41) (29, 18) 
rotProfileMen_1: -1 -2 0 -2 2 1 1 0 0 0 0 0 0 1 -1 0 0 0 0 0 0 0 0 0 0 0 0 1 0 0 0 0 0 0 0 0 0 0 0 0 0 0 0 0 0 0 0 0 0 0 0 0 0 0 0 0 0 0 0 0 0 0 0 0 0 0 0 0 0 0 
rotProfileWomen_1: 0 0 1 0 0 0 0 0 0 0 0 0 1 0 0 1 0 1 0 0 0 0 0 0 0 0 0 -1 0 -1 0 0 -1 0 0 0 0 0 0 0 0 0 0 0 0 0 0 0 0 0 0 0 0 -1 0 0 0 0 0 0 0 0 0 0 0 0 0 0 0 0 
rotProfileCombined_1: -1 -2 1 -2 2 1 1 0 0 0 0 0 1 1 -1 1 0 1 0 0 0 0 0 0 0 0 0 0 0 -1 0 0 -1 0 0 0 0 0 0 0 0 0 0 0 0 0 0 0 0 0 0 0 0 -1 0 0 0 0 0 0 0 0 0 0 0 0 0 0 0 0 
 --- 
rotation_2: (64, 67) (67, 65) 
rotProfileMen_2: 0 -1 0 0 0 0 0 0 0 0 0 0 0 0 0 0 0 0 1 0 0 0 0 0 0 0 0 0 0 0 0 0 0 0 0 0 0 0 0 0 0 0 0 0 0 0 0 0 0 0 0 0 0 0 0 0 0 0 0 0 0 0 0 0 0 0 0 0 0 0 
rotProfileWomen_2: 0 0 0 0 0 1 0 0 0 0 0 -1 0 0 0 0 0 0 0 0 0 0 1 0 0 0 0 0 0 0 0 0 -1 0 0 0 0 0 0 0 0 0 0 0 0 0 0 0 0 0 0 0 0 0 0 0 0 0 0 0 0 0 0 0 0 0 0 0 0 0 
rotProfileCombined_2: 0 -1 0 0 0 1 0 0 0 0 0 -1 0 0 0 0 0 0 1 0 0 0 1 0 0 0 0 0 0 0 0 0 -1 0 0 0 0 0 0 0 0 0 0 0 0 0 0 0 0 0 0 0 0 0 0 0 0 0 0 0 0 0 0 0 0 0 0 0 0 0 
 --- 
rotation_3: (29, 36) (30, 70) (46, 25) (10, 21) (66, 12) (56, 3) 
rotProfileMen_3: -1 0 -1 -1 0 -1 0 0 -1 1 0 0 0 1 0 0 0 0 1 0 0 0 0 0 0 0 0 -1 1 1 0 0 0 0 0 0 1 0 0 0 0 0 0 0 0 0 0 0 0 0 0 0 0 0 0 0 0 0 0 0 0 0 0 0 0 0 0 0 0 0 
rotProfileWomen_3: 0 0 0 1 -1 0 1 0 0 0 0 0 1 0 0 0 0 -1 0 0 0 0 0 0 0 -1 0 0 0 0 1 0 -1 0 0 0 0 0 0 0 0 0 0 0 0 0 0 0 0 0 0 0 0 0 0 0 0 0 0 0 0 0 0 0 0 0 0 0 0 0 
rotProfileCombined_3: -1 0 -1 0 -1 -1 1 0 -1 1 0 0 1 1 0 0 0 -1 1 0 0 0 0 0 0 -1 0 -1 1 1 1 0 -1 0 0 0 1 0 0 0 0 0 0 0 0 0 0 0 0 0 0 0 0 0 0 0 0 0 0 0 0 0 0 0 0 0 0 0 0 0 
 --- 
rotation_4: (26, 32) (56, 36) (62, 16) 
rotProfileMen_4: -1 0 0 1 0 0 0 0 0 -1 0 0 1 0 0 0 0 0 0 0 0 -1 0 1 0 0 0 0 0 0 0 0 0 0 0 0 0 0 0 0 0 0 0 0 0 0 0 0 0 0 0 0 0 0 0 0 0 0 0 0 0 0 0 0 0 0 0 0 0 0 
rotProfileWomen_4: 0 0 1 0 0 1 -1 -1 0 0 0 0 0 0 0 0 0 0 0 0 0 0 0 0 0 0 0 0 0 0 0 1 0 0 0 0 0 0 0 0 0 -1 0 0 0 0 0 0 0 0 0 0 0 0 0 0 0 0 0 0 0 0 0 0 0 0 0 0 0 0 
rotProfileCombined_4: -1 0 1 1 0 1 -1 -1 0 -1 0 0 1 0 0 0 0 0 0 0 0 -1 0 1 0 0 0 0 0 0 0 1 0 0 0 0 0 0 0 0 0 -1 0 0 0 0 0 0 0 0 0 0 0 0 0 0 0 0 0 0 0 0 0 0 0 0 0 0 0 0 
 --- 
rotation_5: (3, 35) (32, 56) (54, 55) (36, 60) (48, 10) (61, 33) (62, 32) 
rotProfileMen_5: -1 0 0 -2 0 0 -1 1 0 0 0 0 0 0 1 0 0 0 0 1 -1 1 0 0 0 1 0 0 -1 0 0 0 1 0 0 0 0 0 0 0 0 0 0 0 0 0 0 0 0 0 0 0 0 0 0 0 0 0 0 0 0 0 0 0 0 0 0 0 0 0 
rotProfileWomen_5: 2 0 -1 0 1 0 1 0 0 0 1 0 0 -1 0 -1 0 -1 0 0 0 1 -1 0 1 0 0 0 0 0 0 -1 0 0 0 0 0 0 0 0 -1 0 0 0 0 0 0 0 0 0 0 0 0 0 0 0 0 0 0 0 0 0 0 0 0 0 0 0 0 0 
rotProfileCombined_5: 1 0 -1 -2 1 0 0 1 0 0 1 0 0 -1 1 -1 0 -1 0 1 -1 2 -1 0 1 1 0 0 -1 0 0 -1 1 0 0 0 0 0 0 0 -1 0 0 0 0 0 0 0 0 0 0 0 0 0 0 0 0 0 0 0 0 0 0 0 0 0 0 0 0 0 
 --- 
rotation_6: (3, 56) (57, 26) (40, 22) (61, 32) (67, 67) (53, 44) (20, 63) (55, 47) (34, 45) (66, 3) (48, 33) (62, 35) (42, 52) (15, 15) (12, 13) 
rotProfileMen_6: -2 -3 -1 0 1 0 2 -1 1 0 1 0 0 0 -1 1 0 0 1 -1 0 -1 0 1 0 0 0 0 0 -1 1 0 0 1 0 0 1 0 0 0 0 0 0 0 0 0 0 0 0 0 0 0 0 0 0 0 0 0 0 0 0 0 0 0 0 0 0 0 0 0 
rotProfileWomen_6: 2 1 -1 0 2 1 0 -1 3 0 -2 -1 0 0 0 0 0 -1 0 1 0 -1 -1 0 -1 0 0 0 0 0 -1 0 0 0 0 0 0 0 0 0 0 0 0 0 0 0 0 0 0 0 0 0 0 0 0 0 0 0 0 0 0 0 0 0 0 0 0 0 0 0 
rotProfileCombined_6: 0 -2 -2 0 3 1 2 -2 4 0 -1 -1 0 0 -1 1 0 -1 1 0 0 -2 -1 1 -1 0 0 0 0 -1 0 0 0 1 0 0 1 0 0 0 0 0 0 0 0 0 0 0 0 0 0 0 0 0 0 0 0 0 0 0 0 0 0 0 0 0 0 0 0 0 
 --- 
rotation_7: (9, 24) (24, 7) (29, 70) (47, 31) 
rotProfileMen_7: 0 -1 -1 0 -1 1 0 1 0 0 0 0 0 0 0 0 0 0 0 0 0 1 0 0 0 0 0 0 -1 0 1 0 0 0 0 0 0 0 0 0 0 0 0 0 0 0 0 0 0 0 0 0 0 0 0 0 0 0 0 0 0 0 0 0 0 0 0 0 0 0 
rotProfileWomen_7: 0 1 0 -1 0 0 0 0 0 1 1 0 -1 -1 1 0 0 0 0 0 0 -1 0 0 0 0 0 0 0 0 0 0 0 0 0 0 0 0 0 0 0 0 0 0 0 0 0 0 0 0 0 0 0 0 0 0 0 0 0 0 0 0 0 0 0 0 0 0 0 0 
rotProfileCombined_7: 0 0 -1 -1 -1 1 0 1 0 1 1 0 -1 -1 1 0 0 0 0 0 0 0 0 0 0 0 0 0 -1 0 1 0 0 0 0 0 0 0 0 0 0 0 0 0 0 0 0 0 0 0 0 0 0 0 0 0 0 0 0 0 0 0 0 0 0 0 0 0 0 0 
 --- 
rotation_8: (47, 24) (42, 15) (33, 17) (48, 35) 
rotProfileMen_8: -1 0 0 0 0 0 0 0 0 0 0 0 0 0 1 0 0 0 0 0 0 -1 0 0 1 0 0 0 0 0 0 0 0 0 0 0 -1 0 0 0 0 0 0 0 0 0 0 0 0 0 0 0 1 0 0 0 0 0 0 0 0 0 0 0 0 0 0 0 0 0 
rotProfileWomen_8: 0 2 0 0 1 -1 0 0 -1 0 -1 0 0 0 0 0 0 0 0 0 0 0 0 0 0 0 0 0 0 0 0 0 0 0 0 0 0 0 0 0 0 0 0 0 0 0 0 0 0 0 0 0 0 0 0 0 0 0 0 0 0 0 0 0 0 0 0 0 0 0 
rotProfileCombined_8: -1 2 0 0 1 -1 0 0 -1 0 -1 0 0 0 1 0 0 0 0 0 0 -1 0 0 1 0 0 0 0 0 0 0 0 0 0 0 -1 0 0 0 0 0 0 0 0 0 0 0 0 0 0 0 1 0 0 0 0 0 0 0 0 0 0 0 0 0 0 0 0 0 
 --- 
rotation_9: (4, 23) (14, 29) (55, 45) (48, 24) 
rotProfileMen_9: 0 -1 1 0 0 0 0 0 0 0 -2 0 0 0 1 0 0 0 0 0 0 0 0 0 0 0 0 0 0 0 0 0 1 0 0 0 0 0 0 0 0 0 0 0 0 0 0 0 0 0 0 0 -1 1 0 0 0 0 0 0 0 0 0 0 0 0 0 0 0 0 
rotProfileWomen_9: 1 0 0 0 0 2 -1 0 -1 1 0 -1 0 0 0 0 0 -1 0 0 0 0 0 0 0 0 0 0 0 0 0 0 0 0 0 0 0 0 0 0 0 0 0 0 0 0 0 0 0 0 0 0 0 0 0 0 0 0 0 0 0 0 0 0 0 0 0 0 0 0 
rotProfileCombined_9: 1 -1 1 0 0 2 -1 0 -1 1 -2 -1 0 0 1 0 0 -1 0 0 0 0 0 0 0 0 0 0 0 0 0 0 1 0 0 0 0 0 0 0 0 0 0 0 0 0 0 0 0 0 0 0 -1 1 0 0 0 0 0 0 0 0 0 0 0 0 0 0 0 0 
 --- 
rotation_10: (7, 30) (60, 6) (51, 27) 
rotProfileMen_10: 0 0 -1 0 0 1 -2 0 0 0 0 0 0 0 0 0 0 0 0 0 0 1 0 0 0 0 0 0 0 0 0 1 0 0 0 0 0 0 0 0 0 0 0 0 0 0 0 0 0 0 0 0 0 0 0 0 0 0 0 0 0 0 0 0 0 0 0 0 0 0 
rotProfileWomen_10: 2 0 -1 0 0 0 0 -1 0 0 0 0 0 0 0 0 0 0 0 0 0 0 0 0 0 0 0 0 0 0 0 0 0 0 0 0 0 0 0 0 0 0 0 0 0 0 0 0 0 0 0 0 0 0 0 0 0 0 0 0 0 0 0 0 0 0 0 0 0 0 
rotProfileCombined_10: 2 0 -2 0 0 1 -2 -1 0 0 0 0 0 0 0 0 0 0 0 0 0 1 0 0 0 0 0 0 0 0 0 1 0 0 0 0 0 0 0 0 0 0 0 0 0 0 0 0 0 0 0 0 0 0 0 0 0 0 0 0 0 0 0 0 0 0 0 0 0 0 
 --- 
rotation_11: (46, 21) (52, 61) 
rotProfileMen_11: -1 0 0 0 0 0 0 0 0 0 0 0 0 0 0 0 0 0 -1 0 0 0 1 0 0 0 1 0 0 0 0 0 0 0 0 0 0 0 0 0 0 0 0 0 0 0 0 0 0 0 0 0 0 0 0 0 0 0 0 0 0 0 0 0 0 0 0 0 0 0 
rotProfileWomen_11: 0 1 0 0 0 0 -1 0 0 0 1 0 0 0 0 -1 0 0 0 0 0 0 0 0 0 0 0 0 0 0 0 0 0 0 0 0 0 0 0 0 0 0 0 0 0 0 0 0 0 0 0 0 0 0 0 0 0 0 0 0 0 0 0 0 0 0 0 0 0 0 
rotProfileCombined_11: -1 1 0 0 0 0 -1 0 0 0 1 0 0 0 0 -1 0 0 -1 0 0 0 1 0 0 0 1 0 0 0 0 0 0 0 0 0 0 0 0 0 0 0 0 0 0 0 0 0 0 0 0 0 0 0 0 0 0 0 0 0 0 0 0 0 0 0 0 0 0 0 
 --- 


// Stable matchings
// found using rotations not digraph

optimal_stable_matchings: 
rank-maximal_index: 0
generous_index: 7
sex_equal_index: 7
egalitarian_index: 3
generalisedMedian_index: 8

stable_matching_list:
20 58 35 23 49 64 30 33 24 44 14 13 48 29 15 46 40 53 59 63 51 5 54 7 34 32 19 69 18 70 43 56 17 45 1 60 39 8 41 22 62 55 42 28 38 25 31 10 11 37 27 61 36 52 47 3 26 2 50 6 21 16 9 67 66 12 65 57 68 4 
20 58 35 23 49 64 30 33 24 44 14 13 48 29 15 46 40 53 59 63 51 5 54 7 34 32 19 69 18 70 43 56 17 45 1 60 39 8 41 22 62 52 42 28 38 25 31 10 11 37 27 61 36 55 47 3 26 2 50 6 21 16 9 67 66 12 65 57 68 4 
20 58 35 23 49 64 30 33 24 44 14 13 48 29 15 46 40 53 59 63 51 5 54 7 34 32 19 69 18 70 43 56 17 45 1 60 39 8 41 22 62 52 42 28 38 25 31 10 11 37 27 61 36 55 47 3 26 2 50 6 21 16 9 65 66 12 67 57 68 4 
20 58 35 23 49 64 30 41 24 21 14 13 48 29 15 46 40 53 59 63 51 5 54 7 34 32 19 69 36 70 43 56 17 45 1 60 39 8 18 22 62 52 42 28 38 25 31 10 11 37 27 61 44 55 47 3 26 2 50 6 33 16 9 67 66 12 65 57 68 4 
20 58 35 23 49 64 30 41 24 21 14 13 48 29 15 46 40 53 59 63 51 5 54 7 34 32 19 69 36 70 43 56 17 45 1 60 39 8 18 22 62 52 42 28 38 25 31 10 11 37 27 61 44 55 47 3 26 2 50 6 33 16 9 65 66 12 67 57 68 4 
20 58 35 23 49 64 30 41 24 12 14 13 48 29 15 46 40 53 59 63 51 5 54 7 34 32 19 69 70 25 43 56 17 45 1 60 39 8 18 22 62 52 42 28 38 21 31 10 11 37 27 61 44 55 47 36 26 2 50 6 33 16 9 65 66 3 67 57 68 4 
20 58 35 23 49 64 30 41 24 12 14 13 48 29 15 46 40 53 59 63 51 5 54 7 34 36 19 69 70 25 43 56 17 45 1 60 39 8 18 22 62 52 42 28 38 21 31 10 11 37 27 61 44 55 47 16 26 2 50 6 33 32 9 65 66 3 67 57 68 4 
20 58 56 23 49 64 30 41 24 12 14 13 48 29 15 46 40 53 59 63 51 5 54 7 34 36 19 69 70 25 43 55 17 45 1 10 39 8 18 22 62 52 42 28 38 21 31 33 11 37 27 61 44 60 47 16 26 2 50 6 32 35 9 65 66 3 67 57 68 4 
20 58 26 23 49 64 30 41 24 12 14 56 48 29 13 46 40 53 59 47 51 5 54 7 34 36 19 69 70 25 43 55 17 3 1 10 39 8 18 32 62 15 42 28 38 21 31 35 11 37 27 61 63 60 45 16 22 2 50 6 67 52 9 65 66 33 44 57 68 4 
20 58 26 23 49 64 30 41 7 12 14 56 48 29 13 46 40 53 59 47 51 5 54 70 34 36 19 69 31 25 43 55 17 3 1 10 39 8 18 32 62 15 42 28 38 21 24 35 11 37 27 61 63 60 45 16 22 2 50 6 67 52 9 65 66 33 44 57 68 4 
20 58 26 23 49 64 6 41 7 12 14 56 48 29 13 46 40 53 59 47 51 5 54 70 34 36 19 69 31 25 43 55 17 3 1 10 39 8 18 32 62 15 42 28 38 21 24 35 11 37 30 61 63 60 45 16 22 2 50 27 67 52 9 65 66 33 44 57 68 4 
20 58 26 23 49 64 6 41 7 12 14 56 48 29 13 46 40 53 59 47 51 5 54 70 34 36 19 69 31 25 43 55 17 3 1 10 39 8 18 32 62 15 42 28 38 61 24 35 11 37 30 21 63 60 45 16 22 2 50 27 67 52 9 65 66 33 44 57 68 4 
20 58 26 23 49 64 30 41 7 12 14 56 48 29 13 46 40 53 59 47 51 5 54 70 34 36 19 69 31 25 43 55 35 3 1 10 39 8 18 32 62 17 42 28 38 21 15 24 11 37 27 61 63 60 45 16 22 2 50 6 67 52 9 65 66 33 44 57 68 4 
20 58 26 23 49 64 6 41 7 12 14 56 48 29 13 46 40 53 59 47 51 5 54 70 34 36 19 69 31 25 43 55 35 3 1 10 39 8 18 32 62 17 42 28 38 21 15 24 11 37 30 61 63 60 45 16 22 2 50 27 67 52 9 65 66 33 44 57 68 4 
20 58 26 23 49 64 6 41 7 12 14 56 48 29 13 46 40 53 59 47 51 5 54 70 34 36 19 69 31 25 43 55 35 3 1 10 39 8 18 32 62 17 42 28 38 61 15 24 11 37 30 21 63 60 45 16 22 2 50 27 67 52 9 65 66 33 44 57 68 4 
20 58 26 29 49 64 30 41 7 12 14 56 48 45 13 46 40 53 59 47 51 5 54 70 34 36 19 69 31 25 43 55 35 3 1 10 39 8 18 32 62 17 42 28 38 21 15 23 11 37 27 61 63 60 24 16 22 2 50 6 67 52 9 65 66 33 44 57 68 4 
20 58 26 29 49 64 6 41 7 12 14 56 48 45 13 46 40 53 59 47 51 5 54 70 34 36 19 69 31 25 43 55 35 3 1 10 39 8 18 32 62 17 42 28 38 21 15 23 11 37 30 61 63 60 24 16 22 2 50 27 67 52 9 65 66 33 44 57 68 4 
20 58 26 29 49 64 6 41 7 12 14 56 48 45 13 46 40 53 59 47 51 5 54 70 34 36 19 69 31 25 43 55 35 3 1 10 39 8 18 32 62 17 42 28 38 61 15 23 11 37 30 21 63 60 24 16 22 2 50 27 67 52 9 65 66 33 44 57 68 4 
20 58 26 23 49 64 6 41 24 12 14 56 48 29 13 46 40 53 59 47 51 5 54 7 34 36 19 69 70 25 43 55 17 3 1 10 39 8 18 32 62 15 42 28 38 21 31 35 11 37 30 61 63 60 45 16 22 2 50 27 67 52 9 65 66 33 44 57 68 4 
20 58 26 23 49 64 6 41 24 12 14 56 48 29 13 46 40 53 59 47 51 5 54 7 34 36 19 69 70 25 43 55 17 3 1 10 39 8 18 32 62 15 42 28 38 61 31 35 11 37 30 21 63 60 45 16 22 2 50 27 67 52 9 65 66 33 44 57 68 4 
20 58 35 23 49 64 30 33 24 44 14 13 48 29 15 46 40 53 59 63 51 5 54 7 34 32 19 69 18 70 43 56 17 45 1 60 39 8 41 22 62 55 42 28 38 25 31 10 11 37 27 61 36 52 47 3 26 2 50 6 21 16 9 65 66 12 67 57 68 4 


matching_0: 20 58 35 23 49 64 30 33 24 44 14 13 48 29 15 46 40 53 59 63 51 5 54 7 34 32 19 69 18 70 43 56 17 45 1 60 39 8 41 22 62 55 42 28 38 25 31 10 11 37 27 61 36 52 47 3 26 2 50 6 21 16 9 67 66 12 65 57 68 4 
profileMen_0: 11 15 8 8 5 2 4 0 4 1 1 1 3 3 1 0 0 0 0 1 0 1 0 0 0 0 0 0 1 0 0 0 0 0 0 0 0 0 0 0 0 0 0 0 0 0 0 0 0 0 0 0 0 0 0 0 0 0 0 0 0 0 0 0 0 0 0 0 0 0 
profileWomen_0: 12 6 4 3 3 2 5 4 1 1 2 4 0 2 2 1 0 2 0 2 0 1 1 1 0 1 0 2 0 1 0 0 3 0 0 0 0 0 0 0 1 1 0 0 0 0 0 0 0 0 0 0 0 1 0 0 0 1 0 0 0 0 0 0 0 0 0 0 0 0 
profileCombined_0: 23 21 12 11 8 4 9 4 5 2 3 5 3 5 3 1 0 2 0 3 0 2 1 1 0 1 0 2 1 1 0 0 3 0 0 0 0 0 0 0 1 1 0 0 0 0 0 0 0 0 0 0 0 1 0 0 0 1 0 0 0 0 0 0 0 0 0 0 0 0 
costMen_0: 398
costWomen_0: 856
costCombined_0: 1254
sexEquality_0: 458

 --- 
matching_1: 20 58 35 23 49 64 30 33 24 44 14 13 48 29 15 46 40 53 59 63 51 5 54 7 34 32 19 69 18 70 43 56 17 45 1 60 39 8 41 22 62 52 42 28 38 25 31 10 11 37 27 61 36 55 47 3 26 2 50 6 21 16 9 67 66 12 65 57 68 4 
profileMen_1: 10 16 8 8 5 2 4 0 3 1 1 1 3 3 1 0 0 0 0 1 1 1 0 0 0 0 0 0 1 0 0 0 0 0 0 0 0 0 0 0 0 0 0 0 0 0 0 0 0 0 0 0 0 0 0 0 0 0 0 0 0 0 0 0 0 0 0 0 0 0 
profileWomen_1: 12 6 5 3 3 2 5 4 1 1 2 4 0 2 2 1 0 3 0 2 0 1 1 1 0 1 0 1 0 1 0 0 3 0 0 0 0 0 0 0 1 1 0 0 0 0 0 0 0 0 0 0 0 1 0 0 0 0 0 0 0 0 0 0 0 0 0 0 0 0 
profileCombined_1: 22 22 13 11 8 4 9 4 4 2 3 5 3 5 3 1 0 3 0 3 1 2 1 1 0 1 0 1 1 1 0 0 3 0 0 0 0 0 0 0 1 1 0 0 0 0 0 0 0 0 0 0 0 1 0 0 0 0 0 0 0 0 0 0 0 0 0 0 0 0 
costMen_1: 411
costWomen_1: 791
costCombined_1: 1202
sexEquality_1: 380

 --- 
matching_2: 20 58 35 23 49 64 30 33 24 44 14 13 48 29 15 46 40 53 59 63 51 5 54 7 34 32 19 69 18 70 43 56 17 45 1 60 39 8 41 22 62 52 42 28 38 25 31 10 11 37 27 61 36 55 47 3 26 2 50 6 21 16 9 65 66 12 67 57 68 4 
profileMen_2: 10 15 8 8 5 2 4 0 3 1 1 1 3 3 1 0 0 0 1 1 1 1 0 0 0 0 0 0 1 0 0 0 0 0 0 0 0 0 0 0 0 0 0 0 0 0 0 0 0 0 0 0 0 0 0 0 0 0 0 0 0 0 0 0 0 0 0 0 0 0 
profileWomen_2: 12 6 5 3 3 3 5 4 1 1 2 3 0 2 2 1 0 3 0 2 0 1 2 1 0 1 0 1 0 1 0 0 2 0 0 0 0 0 0 0 1 1 0 0 0 0 0 0 0 0 0 0 0 1 0 0 0 0 0 0 0 0 0 0 0 0 0 0 0 0 
profileCombined_2: 22 21 13 11 8 5 9 4 4 2 3 4 3 5 3 1 0 3 1 3 1 2 2 1 0 1 0 1 1 1 0 0 2 0 0 0 0 0 0 0 1 1 0 0 0 0 0 0 0 0 0 0 0 1 0 0 0 0 0 0 0 0 0 0 0 0 0 0 0 0 
costMen_2: 428
costWomen_2: 775
costCombined_2: 1203
sexEquality_2: 347

 --- 
matching_3: 20 58 35 23 49 64 30 41 24 21 14 13 48 29 15 46 40 53 59 63 51 5 54 7 34 32 19 69 36 70 43 56 17 45 1 60 39 8 18 22 62 52 42 28 38 25 31 10 11 37 27 61 44 55 47 3 26 2 50 6 33 16 9 67 66 12 65 57 68 4 
profileMen_3: 9 14 8 6 7 3 5 0 3 1 1 1 3 4 0 0 0 0 0 1 1 1 0 0 0 0 0 1 1 0 0 0 0 0 0 0 0 0 0 0 0 0 0 0 0 0 0 0 0 0 0 0 0 0 0 0 0 0 0 0 0 0 0 0 0 0 0 0 0 0 
profileWomen_3: 12 6 6 3 3 2 5 4 1 1 2 4 1 2 2 2 0 4 0 2 0 1 1 1 0 1 0 0 0 0 0 0 2 0 0 0 0 0 0 0 1 1 0 0 0 0 0 0 0 0 0 0 0 0 0 0 0 0 0 0 0 0 0 0 0 0 0 0 0 0 
profileCombined_3: 21 20 14 9 10 5 10 4 4 2 3 5 4 6 2 2 0 4 0 3 1 2 1 1 0 1 0 1 1 0 0 0 2 0 0 0 0 0 0 0 1 1 0 0 0 0 0 0 0 0 0 0 0 0 0 0 0 0 0 0 0 0 0 0 0 0 0 0 0 0 
costMen_3: 448
costWomen_3: 696
costCombined_3: 1144
sexEquality_3: 248

 --- 
matching_4: 20 58 35 23 49 64 30 41 24 21 14 13 48 29 15 46 40 53 59 63 51 5 54 7 34 32 19 69 36 70 43 56 17 45 1 60 39 8 18 22 62 52 42 28 38 25 31 10 11 37 27 61 44 55 47 3 26 2 50 6 33 16 9 65 66 12 67 57 68 4 
profileMen_4: 9 13 8 6 7 3 5 0 3 1 1 1 3 4 0 0 0 0 1 1 1 1 0 0 0 0 0 1 1 0 0 0 0 0 0 0 0 0 0 0 0 0 0 0 0 0 0 0 0 0 0 0 0 0 0 0 0 0 0 0 0 0 0 0 0 0 0 0 0 0 
profileWomen_4: 12 6 6 3 3 3 5 4 1 1 2 3 1 2 2 2 0 4 0 2 0 1 2 1 0 1 0 0 0 0 0 0 1 0 0 0 0 0 0 0 1 1 0 0 0 0 0 0 0 0 0 0 0 0 0 0 0 0 0 0 0 0 0 0 0 0 0 0 0 0 
profileCombined_4: 21 19 14 9 10 6 10 4 4 2 3 4 4 6 2 2 0 4 1 3 1 2 2 1 0 1 0 1 1 0 0 0 1 0 0 0 0 0 0 0 1 1 0 0 0 0 0 0 0 0 0 0 0 0 0 0 0 0 0 0 0 0 0 0 0 0 0 0 0 0 
costMen_4: 465
costWomen_4: 680
costCombined_4: 1145
sexEquality_4: 215

 --- 
matching_5: 20 58 35 23 49 64 30 41 24 12 14 13 48 29 15 46 40 53 59 63 51 5 54 7 34 32 19 69 70 25 43 56 17 45 1 60 39 8 18 22 62 52 42 28 38 21 31 10 11 37 27 61 44 55 47 36 26 2 50 6 33 16 9 65 66 3 67 57 68 4 
profileMen_5: 8 13 7 5 7 2 5 0 2 2 1 1 3 5 0 0 0 0 2 1 1 1 0 0 0 0 0 0 2 1 0 0 0 0 0 0 1 0 0 0 0 0 0 0 0 0 0 0 0 0 0 0 0 0 0 0 0 0 0 0 0 0 0 0 0 0 0 0 0 0 
profileWomen_5: 12 6 6 4 2 3 6 4 1 1 2 3 2 2 2 2 0 3 0 2 0 1 2 1 0 0 0 0 0 0 1 0 0 0 0 0 0 0 0 0 1 1 0 0 0 0 0 0 0 0 0 0 0 0 0 0 0 0 0 0 0 0 0 0 0 0 0 0 0 0 
profileCombined_5: 20 19 13 9 9 5 11 4 3 3 3 4 5 7 2 2 0 3 2 3 1 2 2 1 0 0 0 0 2 1 1 0 0 0 0 0 1 0 0 0 1 1 0 0 0 0 0 0 0 0 0 0 0 0 0 0 0 0 0 0 0 0 0 0 0 0 0 0 0 0 
costMen_5: 553
costWomen_5: 653
costCombined_5: 1206
sexEquality_5: 100

 --- 
matching_6: 20 58 35 23 49 64 30 41 24 12 14 13 48 29 15 46 40 53 59 63 51 5 54 7 34 36 19 69 70 25 43 56 17 45 1 60 39 8 18 22 62 52 42 28 38 21 31 10 11 37 27 61 44 55 47 16 26 2 50 6 33 32 9 65 66 3 67 57 68 4 
profileMen_6: 7 13 7 6 7 2 5 0 2 1 1 1 4 5 0 0 0 0 2 1 1 0 0 1 0 0 0 0 2 1 0 0 0 0 0 0 1 0 0 0 0 0 0 0 0 0 0 0 0 0 0 0 0 0 0 0 0 0 0 0 0 0 0 0 0 0 0 0 0 0 
profileWomen_6: 12 6 7 4 2 4 5 3 1 1 2 3 2 2 2 2 0 3 0 2 0 1 2 1 0 0 0 0 0 0 1 1 0 0 0 0 0 0 0 0 1 0 0 0 0 0 0 0 0 0 0 0 0 0 0 0 0 0 0 0 0 0 0 0 0 0 0 0 0 0 
profileCombined_6: 19 19 14 10 9 6 10 3 3 2 3 4 6 7 2 2 0 3 2 3 1 1 2 2 0 0 0 0 2 1 1 1 0 0 0 0 1 0 0 0 1 0 0 0 0 0 0 0 0 0 0 0 0 0 0 0 0 0 0 0 0 0 0 0 0 0 0 0 0 0 
costMen_6: 561
costWomen_6: 637
costCombined_6: 1198
sexEquality_6: 76

 --- 
matching_7: 20 58 56 23 49 64 30 41 24 12 14 13 48 29 15 46 40 53 59 63 51 5 54 7 34 36 19 69 70 25 43 55 17 45 1 10 39 8 18 22 62 52 42 28 38 21 31 33 11 37 27 61 44 60 47 16 26 2 50 6 32 35 9 65 66 3 67 57 68 4 
profileMen_7: 6 13 7 4 7 2 4 1 2 1 1 1 4 5 1 0 0 0 2 2 0 1 0 1 0 1 0 0 1 1 0 0 1 0 0 0 1 0 0 0 0 0 0 0 0 0 0 0 0 0 0 0 0 0 0 0 0 0 0 0 0 0 0 0 0 0 0 0 0 0 
profileWomen_7: 14 6 6 4 3 4 6 3 1 1 3 3 2 1 2 1 0 2 0 2 0 2 1 1 1 0 0 0 0 0 1 0 0 0 0 0 0 0 0 0 0 0 0 0 0 0 0 0 0 0 0 0 0 0 0 0 0 0 0 0 0 0 0 0 0 0 0 0 0 0 
profileCombined_7: 20 19 13 8 10 6 10 4 3 2 4 4 6 6 3 1 0 2 2 4 0 3 1 2 1 1 0 0 1 1 1 0 1 0 0 0 1 0 0 0 0 0 0 0 0 0 0 0 0 0 0 0 0 0 0 0 0 0 0 0 0 0 0 0 0 0 0 0 0 0 
costMen_7: 619
costWomen_7: 562
costCombined_7: 1181
sexEquality_7: 57

 --- 
matching_8: 20 58 26 23 49 64 30 41 24 12 14 56 48 29 13 46 40 53 59 47 51 5 54 7 34 36 19 69 70 25 43 55 17 3 1 10 39 8 18 32 62 15 42 28 38 21 31 35 11 37 27 61 63 60 45 16 22 2 50 6 67 52 9 65 66 33 44 57 68 4 
profileMen_8: 4 10 6 4 8 2 6 0 3 1 2 1 4 5 0 1 0 0 3 1 0 0 0 2 0 1 0 0 1 0 1 0 1 1 0 0 2 0 0 0 0 0 0 0 0 0 0 0 0 0 0 0 0 0 0 0 0 0 0 0 0 0 0 0 0 0 0 0 0 0 
profileWomen_8: 16 7 5 4 5 5 6 2 4 1 1 2 2 1 2 1 0 1 0 3 0 1 0 1 0 0 0 0 0 0 0 0 0 0 0 0 0 0 0 0 0 0 0 0 0 0 0 0 0 0 0 0 0 0 0 0 0 0 0 0 0 0 0 0 0 0 0 0 0 0 
profileCombined_8: 20 17 11 8 13 7 12 2 7 2 3 3 6 6 2 2 0 1 3 4 0 1 0 3 0 1 0 0 1 0 1 0 1 1 0 0 2 0 0 0 0 0 0 0 0 0 0 0 0 0 0 0 0 0 0 0 0 0 0 0 0 0 0 0 0 0 0 0 0 0 
costMen_8: 713
costWomen_8: 465
costCombined_8: 1178
sexEquality_8: 248

 --- 
matching_9: 20 58 26 23 49 64 30 41 7 12 14 56 48 29 13 46 40 53 59 47 51 5 54 70 34 36 19 69 31 25 43 55 17 3 1 10 39 8 18 32 62 15 42 28 38 21 24 35 11 37 27 61 63 60 45 16 22 2 50 6 67 52 9 65 66 33 44 57 68 4 
profileMen_9: 4 9 5 4 7 3 6 1 3 1 2 1 4 5 0 1 0 0 3 1 0 1 0 2 0 1 0 0 0 0 2 0 1 1 0 0 2 0 0 0 0 0 0 0 0 0 0 0 0 0 0 0 0 0 0 0 0 0 0 0 0 0 0 0 0 0 0 0 0 0 
profileWomen_9: 16 8 5 3 5 5 6 2 4 2 2 2 1 0 3 1 0 1 0 3 0 0 0 1 0 0 0 0 0 0 0 0 0 0 0 0 0 0 0 0 0 0 0 0 0 0 0 0 0 0 0 0 0 0 0 0 0 0 0 0 0 0 0 0 0 0 0 0 0 0 
profileCombined_9: 20 17 10 7 12 8 12 3 7 3 4 3 5 5 3 2 0 1 3 4 0 1 0 3 0 1 0 0 0 0 2 0 1 1 0 0 2 0 0 0 0 0 0 0 0 0 0 0 0 0 0 0 0 0 0 0 0 0 0 0 0 0 0 0 0 0 0 0 0 0 
costMen_9: 741
costWomen_9: 450
costCombined_9: 1191
sexEquality_9: 291

 --- 
matching_10: 20 58 26 23 49 64 6 41 7 12 14 56 48 29 13 46 40 53 59 47 51 5 54 70 34 36 19 69 31 25 43 55 17 3 1 10 39 8 18 32 62 15 42 28 38 21 24 35 11 37 30 61 63 60 45 16 22 2 50 27 67 52 9 65 66 33 44 57 68 4 
profileMen_10: 4 9 4 4 7 4 4 1 3 1 2 1 4 5 0 1 0 0 3 1 0 2 0 2 0 1 0 0 0 0 2 1 1 1 0 0 2 0 0 0 0 0 0 0 0 0 0 0 0 0 0 0 0 0 0 0 0 0 0 0 0 0 0 0 0 0 0 0 0 0 
profileWomen_10: 18 8 4 3 5 5 6 1 4 2 2 2 1 0 3 1 0 1 0 3 0 0 0 1 0 0 0 0 0 0 0 0 0 0 0 0 0 0 0 0 0 0 0 0 0 0 0 0 0 0 0 0 0 0 0 0 0 0 0 0 0 0 0 0 0 0 0 0 0 0 
profileCombined_10: 22 17 8 7 12 9 10 2 7 3 4 3 5 5 3 2 0 1 3 4 0 2 0 3 0 1 0 0 0 0 2 1 1 1 0 0 2 0 0 0 0 0 0 0 0 0 0 0 0 0 0 0 0 0 0 0 0 0 0 0 0 0 0 0 0 0 0 0 0 0 
costMen_10: 784
costWomen_10: 441
costCombined_10: 1225
sexEquality_10: 343

 --- 
matching_11: 20 58 26 23 49 64 6 41 7 12 14 56 48 29 13 46 40 53 59 47 51 5 54 70 34 36 19 69 31 25 43 55 17 3 1 10 39 8 18 32 62 15 42 28 38 61 24 35 11 37 30 21 63 60 45 16 22 2 50 27 67 52 9 65 66 33 44 57 68 4 
profileMen_11: 3 9 4 4 7 4 4 1 3 1 2 1 4 5 0 1 0 0 2 1 0 2 1 2 0 1 1 0 0 0 2 1 1 1 0 0 2 0 0 0 0 0 0 0 0 0 0 0 0 0 0 0 0 0 0 0 0 0 0 0 0 0 0 0 0 0 0 0 0 0 
profileWomen_11: 18 9 4 3 5 5 5 1 4 2 3 2 1 0 3 0 0 1 0 3 0 0 0 1 0 0 0 0 0 0 0 0 0 0 0 0 0 0 0 0 0 0 0 0 0 0 0 0 0 0 0 0 0 0 0 0 0 0 0 0 0 0 0 0 0 0 0 0 0 0 
profileCombined_11: 21 18 8 7 12 9 9 2 7 3 5 3 5 5 3 1 0 1 2 4 0 2 1 3 0 1 1 0 0 0 2 1 1 1 0 0 2 0 0 0 0 0 0 0 0 0 0 0 0 0 0 0 0 0 0 0 0 0 0 0 0 0 0 0 0 0 0 0 0 0 
costMen_11: 814
costWomen_11: 431
costCombined_11: 1245
sexEquality_11: 383

 --- 
matching_12: 20 58 26 23 49 64 30 41 7 12 14 56 48 29 13 46 40 53 59 47 51 5 54 70 34 36 19 69 31 25 43 55 35 3 1 10 39 8 18 32 62 17 42 28 38 21 15 24 11 37 27 61 63 60 45 16 22 2 50 6 67 52 9 65 66 33 44 57 68 4 
profileMen_12: 3 9 5 4 7 3 6 1 3 1 2 1 4 5 1 1 0 0 3 1 0 0 0 2 1 1 0 0 0 0 2 0 1 1 0 0 1 0 0 0 0 0 0 0 0 0 0 0 0 0 0 0 1 0 0 0 0 0 0 0 0 0 0 0 0 0 0 0 0 0 
profileWomen_12: 16 10 5 3 6 4 6 2 3 2 1 2 1 0 3 1 0 1 0 3 0 0 0 1 0 0 0 0 0 0 0 0 0 0 0 0 0 0 0 0 0 0 0 0 0 0 0 0 0 0 0 0 0 0 0 0 0 0 0 0 0 0 0 0 0 0 0 0 0 0 
profileCombined_12: 19 19 10 7 13 7 12 3 6 3 3 3 5 5 4 2 0 1 3 4 0 0 0 3 1 1 0 0 0 0 2 0 1 1 0 0 1 0 0 0 0 0 0 0 0 0 0 0 0 0 0 0 1 0 0 0 0 0 0 0 0 0 0 0 0 0 0 0 0 0 
costMen_12: 774
costWomen_12: 433
costCombined_12: 1207
sexEquality_12: 341

 --- 
matching_13: 20 58 26 23 49 64 6 41 7 12 14 56 48 29 13 46 40 53 59 47 51 5 54 70 34 36 19 69 31 25 43 55 35 3 1 10 39 8 18 32 62 17 42 28 38 21 15 24 11 37 30 61 63 60 45 16 22 2 50 27 67 52 9 65 66 33 44 57 68 4 
profileMen_13: 3 9 4 4 7 4 4 1 3 1 2 1 4 5 1 1 0 0 3 1 0 1 0 2 1 1 0 0 0 0 2 1 1 1 0 0 1 0 0 0 0 0 0 0 0 0 0 0 0 0 0 0 1 0 0 0 0 0 0 0 0 0 0 0 0 0 0 0 0 0 
profileWomen_13: 18 10 4 3 6 4 6 1 3 2 1 2 1 0 3 1 0 1 0 3 0 0 0 1 0 0 0 0 0 0 0 0 0 0 0 0 0 0 0 0 0 0 0 0 0 0 0 0 0 0 0 0 0 0 0 0 0 0 0 0 0 0 0 0 0 0 0 0 0 0 
profileCombined_13: 21 19 8 7 13 8 10 2 6 3 3 3 5 5 4 2 0 1 3 4 0 1 0 3 1 1 0 0 0 0 2 1 1 1 0 0 1 0 0 0 0 0 0 0 0 0 0 0 0 0 0 0 1 0 0 0 0 0 0 0 0 0 0 0 0 0 0 0 0 0 
costMen_13: 817
costWomen_13: 424
costCombined_13: 1241
sexEquality_13: 393

 --- 
matching_14: 20 58 26 23 49 64 6 41 7 12 14 56 48 29 13 46 40 53 59 47 51 5 54 70 34 36 19 69 31 25 43 55 35 3 1 10 39 8 18 32 62 17 42 28 38 61 15 24 11 37 30 21 63 60 45 16 22 2 50 27 67 52 9 65 66 33 44 57 68 4 
profileMen_14: 2 9 4 4 7 4 4 1 3 1 2 1 4 5 1 1 0 0 2 1 0 1 1 2 1 1 1 0 0 0 2 1 1 1 0 0 1 0 0 0 0 0 0 0 0 0 0 0 0 0 0 0 1 0 0 0 0 0 0 0 0 0 0 0 0 0 0 0 0 0 
profileWomen_14: 18 11 4 3 6 4 5 1 3 2 2 2 1 0 3 0 0 1 0 3 0 0 0 1 0 0 0 0 0 0 0 0 0 0 0 0 0 0 0 0 0 0 0 0 0 0 0 0 0 0 0 0 0 0 0 0 0 0 0 0 0 0 0 0 0 0 0 0 0 0 
profileCombined_14: 20 20 8 7 13 8 9 2 6 3 4 3 5 5 4 1 0 1 2 4 0 1 1 3 1 1 1 0 0 0 2 1 1 1 0 0 1 0 0 0 0 0 0 0 0 0 0 0 0 0 0 0 1 0 0 0 0 0 0 0 0 0 0 0 0 0 0 0 0 0 
costMen_14: 847
costWomen_14: 414
costCombined_14: 1261
sexEquality_14: 433

 --- 
matching_15: 20 58 26 29 49 64 30 41 7 12 14 56 48 45 13 46 40 53 59 47 51 5 54 70 34 36 19 69 31 25 43 55 35 3 1 10 39 8 18 32 62 17 42 28 38 21 15 23 11 37 27 61 63 60 24 16 22 2 50 6 67 52 9 65 66 33 44 57 68 4 
profileMen_15: 3 8 6 4 7 3 6 1 3 1 0 1 4 5 2 1 0 0 3 1 0 0 0 2 1 1 0 0 0 0 2 0 2 1 0 0 1 0 0 0 0 0 0 0 0 0 0 0 0 0 0 0 0 1 0 0 0 0 0 0 0 0 0 0 0 0 0 0 0 0 
profileWomen_15: 17 10 5 3 6 6 5 2 2 3 1 1 1 0 3 1 0 0 0 3 0 0 0 1 0 0 0 0 0 0 0 0 0 0 0 0 0 0 0 0 0 0 0 0 0 0 0 0 0 0 0 0 0 0 0 0 0 0 0 0 0 0 0 0 0 0 0 0 0 0 
profileCombined_15: 20 18 11 7 13 9 11 3 5 4 1 2 5 5 5 2 0 0 3 4 0 0 0 3 1 1 0 0 0 0 2 0 2 1 0 0 1 0 0 0 0 0 0 0 0 0 0 0 0 0 0 0 0 1 0 0 0 0 0 0 0 0 0 0 0 0 0 0 0 0 
costMen_15: 802
costWomen_15: 410
costCombined_15: 1212
sexEquality_15: 392

 --- 
matching_16: 20 58 26 29 49 64 6 41 7 12 14 56 48 45 13 46 40 53 59 47 51 5 54 70 34 36 19 69 31 25 43 55 35 3 1 10 39 8 18 32 62 17 42 28 38 21 15 23 11 37 30 61 63 60 24 16 22 2 50 27 67 52 9 65 66 33 44 57 68 4 
profileMen_16: 3 8 5 4 7 4 4 1 3 1 0 1 4 5 2 1 0 0 3 1 0 1 0 2 1 1 0 0 0 0 2 1 2 1 0 0 1 0 0 0 0 0 0 0 0 0 0 0 0 0 0 0 0 1 0 0 0 0 0 0 0 0 0 0 0 0 0 0 0 0 
profileWomen_16: 19 10 4 3 6 6 5 1 2 3 1 1 1 0 3 1 0 0 0 3 0 0 0 1 0 0 0 0 0 0 0 0 0 0 0 0 0 0 0 0 0 0 0 0 0 0 0 0 0 0 0 0 0 0 0 0 0 0 0 0 0 0 0 0 0 0 0 0 0 0 
profileCombined_16: 22 18 9 7 13 10 9 2 5 4 1 2 5 5 5 2 0 0 3 4 0 1 0 3 1 1 0 0 0 0 2 1 2 1 0 0 1 0 0 0 0 0 0 0 0 0 0 0 0 0 0 0 0 1 0 0 0 0 0 0 0 0 0 0 0 0 0 0 0 0 
costMen_16: 845
costWomen_16: 401
costCombined_16: 1246
sexEquality_16: 444

 --- 
matching_17: 20 58 26 29 49 64 6 41 7 12 14 56 48 45 13 46 40 53 59 47 51 5 54 70 34 36 19 69 31 25 43 55 35 3 1 10 39 8 18 32 62 17 42 28 38 61 15 23 11 37 30 21 63 60 24 16 22 2 50 27 67 52 9 65 66 33 44 57 68 4 
profileMen_17: 2 8 5 4 7 4 4 1 3 1 0 1 4 5 2 1 0 0 2 1 0 1 1 2 1 1 1 0 0 0 2 1 2 1 0 0 1 0 0 0 0 0 0 0 0 0 0 0 0 0 0 0 0 1 0 0 0 0 0 0 0 0 0 0 0 0 0 0 0 0 
profileWomen_17: 19 11 4 3 6 6 4 1 2 3 2 1 1 0 3 0 0 0 0 3 0 0 0 1 0 0 0 0 0 0 0 0 0 0 0 0 0 0 0 0 0 0 0 0 0 0 0 0 0 0 0 0 0 0 0 0 0 0 0 0 0 0 0 0 0 0 0 0 0 0 
profileCombined_17: 21 19 9 7 13 10 8 2 5 4 2 2 5 5 5 1 0 0 2 4 0 1 1 3 1 1 1 0 0 0 2 1 2 1 0 0 1 0 0 0 0 0 0 0 0 0 0 0 0 0 0 0 0 1 0 0 0 0 0 0 0 0 0 0 0 0 0 0 0 0 
costMen_17: 875
costWomen_17: 391
costCombined_17: 1266
sexEquality_17: 484

 --- 
matching_18: 20 58 26 23 49 64 6 41 24 12 14 56 48 29 13 46 40 53 59 47 51 5 54 7 34 36 19 69 70 25 43 55 17 3 1 10 39 8 18 32 62 15 42 28 38 21 31 35 11 37 30 61 63 60 45 16 22 2 50 27 67 52 9 65 66 33 44 57 68 4 
profileMen_18: 4 10 5 4 8 3 4 0 3 1 2 1 4 5 0 1 0 0 3 1 0 1 0 2 0 1 0 0 1 0 1 1 1 1 0 0 2 0 0 0 0 0 0 0 0 0 0 0 0 0 0 0 0 0 0 0 0 0 0 0 0 0 0 0 0 0 0 0 0 0 
profileWomen_18: 18 7 4 4 5 5 6 1 4 1 1 2 2 1 2 1 0 1 0 3 0 1 0 1 0 0 0 0 0 0 0 0 0 0 0 0 0 0 0 0 0 0 0 0 0 0 0 0 0 0 0 0 0 0 0 0 0 0 0 0 0 0 0 0 0 0 0 0 0 0 
profileCombined_18: 22 17 9 8 13 8 10 1 7 2 3 3 6 6 2 2 0 1 3 4 0 2 0 3 0 1 0 0 1 0 1 1 1 1 0 0 2 0 0 0 0 0 0 0 0 0 0 0 0 0 0 0 0 0 0 0 0 0 0 0 0 0 0 0 0 0 0 0 0 0 
costMen_18: 756
costWomen_18: 456
costCombined_18: 1212
sexEquality_18: 300

 --- 
matching_19: 20 58 26 23 49 64 6 41 24 12 14 56 48 29 13 46 40 53 59 47 51 5 54 7 34 36 19 69 70 25 43 55 17 3 1 10 39 8 18 32 62 15 42 28 38 61 31 35 11 37 30 21 63 60 45 16 22 2 50 27 67 52 9 65 66 33 44 57 68 4 
profileMen_19: 3 10 5 4 8 3 4 0 3 1 2 1 4 5 0 1 0 0 2 1 0 1 1 2 0 1 1 0 1 0 1 1 1 1 0 0 2 0 0 0 0 0 0 0 0 0 0 0 0 0 0 0 0 0 0 0 0 0 0 0 0 0 0 0 0 0 0 0 0 0 
profileWomen_19: 18 8 4 4 5 5 5 1 4 1 2 2 2 1 2 0 0 1 0 3 0 1 0 1 0 0 0 0 0 0 0 0 0 0 0 0 0 0 0 0 0 0 0 0 0 0 0 0 0 0 0 0 0 0 0 0 0 0 0 0 0 0 0 0 0 0 0 0 0 0 
profileCombined_19: 21 18 9 8 13 8 9 1 7 2 4 3 6 6 2 1 0 1 2 4 0 2 1 3 0 1 1 0 1 0 1 1 1 1 0 0 2 0 0 0 0 0 0 0 0 0 0 0 0 0 0 0 0 0 0 0 0 0 0 0 0 0 0 0 0 0 0 0 0 0 
costMen_19: 786
costWomen_19: 446
costCombined_19: 1232
sexEquality_19: 340

 --- 
matching_20: 20 58 35 23 49 64 30 33 24 44 14 13 48 29 15 46 40 53 59 63 51 5 54 7 34 32 19 69 18 70 43 56 17 45 1 60 39 8 41 22 62 55 42 28 38 25 31 10 11 37 27 61 36 52 47 3 26 2 50 6 21 16 9 65 66 12 67 57 68 4 
profileMen_20: 11 14 8 8 5 2 4 0 4 1 1 1 3 3 1 0 0 0 1 1 0 1 0 0 0 0 0 0 1 0 0 0 0 0 0 0 0 0 0 0 0 0 0 0 0 0 0 0 0 0 0 0 0 0 0 0 0 0 0 0 0 0 0 0 0 0 0 0 0 0 
profileWomen_20: 12 6 4 3 3 3 5 4 1 1 2 3 0 2 2 1 0 2 0 2 0 1 2 1 0 1 0 2 0 1 0 0 2 0 0 0 0 0 0 0 1 1 0 0 0 0 0 0 0 0 0 0 0 1 0 0 0 1 0 0 0 0 0 0 0 0 0 0 0 0 
profileCombined_20: 23 20 12 11 8 5 9 4 5 2 3 4 3 5 3 1 0 2 1 3 0 2 2 1 0 1 0 2 1 1 0 0 2 0 0 0 0 0 0 0 1 1 0 0 0 0 0 0 0 0 0 0 0 1 0 0 0 1 0 0 0 0 0 0 0 0 0 0 0 0 
costMen_20: 415
costWomen_20: 840
costCombined_20: 1255
sexEquality_20: 425

 --- 
Digraph 
(0,0) (0,1) (0,0) (0,0) (0,0) (1,1) (1,1) (0,0) (0,1) (0,1) (0,1) (0,1) 
(0,0) (0,0) (0,0) (1,1) (0,0) (1,1) (1,1) (0,0) (0,0) (0,1) (0,0) (0,1) 
(0,0) (0,0) (0,0) (0,1) (0,0) (0,0) (1,0) (0,1) (0,0) (0,0) (0,0) (0,0) 
(0,0) (0,0) (0,0) (0,0) (1,0) (0,0) (1,1) (1,0) (0,1) (0,0) (0,0) (1,1) 
(0,0) (0,0) (0,0) (0,0) (0,0) (1,0) (0,0) (0,0) (0,0) (0,0) (0,0) (0,1) 
(0,0) (0,0) (0,0) (0,0) (0,0) (0,0) (1,1) (0,0) (0,0) (0,0) (0,1) (0,0) 
(0,0) (0,0) (0,0) (0,0) (0,0) (0,0) (0,0) (0,1) (1,1) (1,1) (0,1) (0,0) 
(0,0) (0,0) (0,0) (0,0) (0,0) (0,0) (0,0) (0,0) (1,0) (0,0) (0,0) (0,0) 
(0,0) (0,0) (0,0) (0,0) (0,0) (0,0) (0,0) (0,0) (0,0) (1,0) (0,0) (0,0) 
(0,0) (0,0) (0,0) (0,0) (0,0) (0,0) (0,0) (0,0) (0,0) (0,0) (0,0) (0,0) 
(0,0) (0,0) (0,0) (0,0) (0,0) (0,0) (0,0) (0,0) (0,0) (0,0) (0,0) (0,1) 
(0,0) (0,0) (0,0) (0,0) (0,0) (0,0) (0,0) (0,0) (0,0) (0,0) (0,0) (0,0) 

Simple digraph 
1 5 6 8 9 10 11 
3 5 6 9 11 
3 6 7 
4 6 7 8 11 
5 11 
6 10 
7 8 9 10 
8 
9 

11 





Duration_ModCreation_milliseconds: 247
Duration_GetSolution_milliseconds: 128
Duration_CollectRes_milliseconds: 0

Duration_Total_milliseconds: 601

exitCode 0
code/Main_GetStableMatchings completed
