// General stats
numRotations: 18
numStableMatchings: 36


// Rotations
rotation_0: (65, 65) (4, 35) (41, 16) 
rotProfileMen_0: 0 -2 -1 0 0 1 1 0 1 0 0 0 0 0 0 0 0 0 0 0 0 0 0 0 0 0 0 0 0 0 0 0 0 0 0 0 0 0 0 0 0 0 0 0 0 0 0 0 0 0 0 0 0 0 0 0 0 0 0 0 0 0 0 0 0 0 0 0 0 0 
rotProfileWomen_0: 0 0 0 0 0 1 0 0 0 0 0 0 1 0 0 0 0 -1 0 0 0 0 0 0 0 0 0 0 0 0 0 0 -1 0 0 0 0 0 0 0 0 0 0 0 0 0 0 0 0 0 0 1 0 0 0 -1 0 0 0 0 0 0 0 0 0 0 0 0 0 0 
rotProfileCombined_0: 0 -2 -1 0 0 2 1 0 1 0 0 0 1 0 0 0 0 -1 0 0 0 0 0 0 0 0 0 0 0 0 0 0 -1 0 0 0 0 0 0 0 0 0 0 0 0 0 0 0 0 0 0 1 0 0 0 -1 0 0 0 0 0 0 0 0 0 0 0 0 0 0 
 --- 
rotation_1: (20, 4) (60, 66) 
rotProfileMen_1: 0 0 -1 -1 1 0 0 0 0 0 1 0 0 0 0 0 0 0 0 0 0 0 0 0 0 0 0 0 0 0 0 0 0 0 0 0 0 0 0 0 0 0 0 0 0 0 0 0 0 0 0 0 0 0 0 0 0 0 0 0 0 0 0 0 0 0 0 0 0 0 
rotProfileWomen_1: 0 0 0 0 0 0 0 0 0 0 0 0 0 0 0 0 0 0 1 0 0 0 0 0 0 0 -1 0 0 0 0 0 0 0 0 0 0 0 0 0 0 0 0 0 0 0 0 0 0 0 0 0 0 0 0 0 0 0 0 0 0 0 1 0 -1 0 0 0 0 0 
rotProfileCombined_1: 0 0 -1 -1 1 0 0 0 0 0 1 0 0 0 0 0 0 0 1 0 0 0 0 0 0 0 -1 0 0 0 0 0 0 0 0 0 0 0 0 0 0 0 0 0 0 0 0 0 0 0 0 0 0 0 0 0 0 0 0 0 0 0 1 0 -1 0 0 0 0 0 
 --- 
rotation_2: (43, 38) (51, 39) (28, 59) (10, 27) (35, 29) (41, 65) (60, 4) (34, 34) 
rotProfileMen_2: -3 -2 3 1 -2 2 0 0 -1 1 1 0 0 0 0 0 0 0 0 0 0 0 0 0 0 0 0 0 0 0 0 0 0 0 0 0 0 0 0 0 0 0 0 0 0 0 0 0 0 0 0 0 0 0 0 0 0 0 0 0 0 0 0 0 0 0 0 0 0 0 
rotProfileWomen_2: 0 1 0 1 0 1 0 0 -1 0 0 0 0 1 0 -1 0 0 -1 0 0 1 0 0 1 0 0 0 -1 -1 -1 0 0 0 0 1 0 0 0 0 0 0 0 0 0 0 0 0 0 0 0 -1 0 0 0 0 0 0 0 0 0 0 0 0 0 0 0 0 0 0 
rotProfileCombined_2: -3 -1 3 2 -2 3 0 0 -2 1 1 0 0 1 0 -1 0 0 -1 0 0 1 0 0 1 0 0 0 -1 -1 -1 0 0 0 0 1 0 0 0 0 0 0 0 0 0 0 0 0 0 0 0 -1 0 0 0 0 0 0 0 0 0 0 0 0 0 0 0 0 0 0 
 --- 
rotation_3: (24, 42) (22, 20) (13, 14) (40, 32) (15, 10) 
rotProfileMen_3: -2 -3 0 1 2 0 1 0 0 1 0 0 0 0 0 0 0 0 0 0 0 0 0 0 0 0 0 0 0 0 0 0 0 0 0 0 0 0 0 0 0 0 0 0 0 0 0 0 0 0 0 0 0 0 0 0 0 0 0 0 0 0 0 0 0 0 0 0 0 0 
rotProfileWomen_3: 0 0 0 0 1 0 1 -1 0 2 0 0 0 0 0 0 0 0 0 0 0 0 0 0 -1 0 1 -1 0 0 0 -1 0 0 0 0 0 0 0 0 0 -1 0 0 0 0 0 0 0 0 0 0 0 0 0 0 0 0 0 0 0 0 0 0 0 0 0 0 0 0 
rotProfileCombined_3: -2 -3 0 1 3 0 2 -1 0 3 0 0 0 0 0 0 0 0 0 0 0 0 0 0 -1 0 1 -1 0 0 0 -1 0 0 0 0 0 0 0 0 0 -1 0 0 0 0 0 0 0 0 0 0 0 0 0 0 0 0 0 0 0 0 0 0 0 0 0 0 0 0 
 --- 
rotation_4: (20, 66) (15, 42) (18, 50) (36, 49) (47, 24) (32, 40) (50, 56) (58, 25) (66, 36) (3, 67) (25, 70) (7, 21) (19, 33) (57, 60) (8, 44) (41, 4) 
rotProfileMen_4: -1 -1 -4 -2 1 1 0 2 -1 -1 1 1 0 0 0 1 1 1 0 1 0 0 0 0 0 0 0 0 0 0 0 0 0 0 0 0 0 0 0 0 0 0 0 0 0 0 0 0 0 0 0 0 0 0 0 0 0 0 0 0 0 0 0 0 0 0 0 0 0 0 
rotProfileWomen_4: 3 0 0 1 0 -1 1 0 0 1 0 2 0 -2 0 0 1 0 -1 0 0 -2 0 0 1 0 0 0 0 0 -1 0 0 0 0 0 0 -1 1 -1 0 0 0 0 1 0 0 0 0 0 0 0 0 0 0 0 0 -1 0 0 0 0 -1 0 0 0 -1 0 0 0 
rotProfileCombined_4: 2 -1 -4 -1 1 0 1 2 -1 0 1 3 0 -2 0 1 2 1 -1 1 0 -2 0 0 1 0 0 0 0 0 -1 0 0 0 0 0 0 -1 1 -1 0 0 0 0 1 0 0 0 0 0 0 0 0 0 0 0 0 -1 0 0 0 0 -1 0 0 0 -1 0 0 0 
 --- 
rotation_5: (13, 32) (46, 5) (3, 70) 
rotProfileMen_5: 0 0 0 0 -2 0 -1 0 0 0 0 1 0 0 0 0 0 1 0 0 0 0 0 0 1 0 0 0 0 0 0 0 0 0 0 0 0 0 0 0 0 0 0 0 0 0 0 0 0 0 0 0 0 0 0 0 0 0 0 0 0 0 0 0 0 0 0 0 0 0 
rotProfileWomen_5: 0 0 0 0 0 0 0 0 0 0 0 0 0 0 0 0 0 0 0 1 0 0 1 0 0 0 0 0 0 0 0 0 0 0 0 -1 0 0 -1 0 0 0 0 0 0 0 0 0 0 0 0 0 0 0 0 0 0 0 0 0 0 0 0 0 0 0 0 0 0 0 
rotProfileCombined_5: 0 0 0 0 -2 0 -1 0 0 0 0 1 0 0 0 0 0 1 0 1 0 0 1 0 1 0 0 0 0 0 0 0 0 0 0 -1 0 0 -1 0 0 0 0 0 0 0 0 0 0 0 0 0 0 0 0 0 0 0 0 0 0 0 0 0 0 0 0 0 0 0 
 --- 
rotation_6: (21, 12) (47, 40) (3, 32) 
rotProfileMen_6: 0 0 0 -1 -1 0 0 0 0 0 0 0 0 0 1 0 0 -1 0 1 0 0 1 0 0 0 0 0 0 0 0 0 0 0 0 0 0 0 0 0 0 0 0 0 0 0 0 0 0 0 0 0 0 0 0 0 0 0 0 0 0 0 0 0 0 0 0 0 0 0 
rotProfileWomen_6: 0 0 0 0 0 0 0 0 0 0 1 0 1 0 0 0 0 0 0 -1 0 0 0 0 0 0 0 1 0 0 0 0 -1 0 0 0 0 0 0 0 0 0 0 0 -1 0 0 0 0 0 0 0 0 0 0 0 0 0 0 0 0 0 0 0 0 0 0 0 0 0 
rotProfileCombined_6: 0 0 0 -1 -1 0 0 0 0 0 1 0 1 0 1 0 0 -1 0 0 0 0 1 0 0 0 0 1 0 0 0 0 -1 0 0 0 0 0 0 0 0 0 0 0 -1 0 0 0 0 0 0 0 0 0 0 0 0 0 0 0 0 0 0 0 0 0 0 0 0 0 
 --- 
rotation_7: (3, 12) (43, 39) (41, 66) (23, 19) (69, 1) (13, 5) (7, 33) (18, 49) 
rotProfileMen_7: 0 0 -1 -1 -1 0 0 -1 1 1 1 -1 1 0 1 -1 0 0 0 0 0 0 0 0 0 0 0 0 0 0 0 0 1 0 0 0 0 0 0 0 0 0 0 0 0 0 0 0 0 0 0 0 0 0 0 0 0 0 0 0 0 0 0 0 0 0 0 0 0 0 
rotProfileWomen_7: 1 1 2 -1 0 0 0 0 0 0 1 -1 -1 1 0 0 -1 0 0 0 0 1 0 0 -1 0 -1 -1 0 0 0 0 0 0 0 0 0 0 0 0 0 0 0 0 0 0 0 0 0 0 0 0 0 0 0 0 0 0 0 0 0 0 0 0 0 0 0 0 0 0 
rotProfileCombined_7: 1 1 1 -2 -1 0 0 -1 1 1 2 -2 0 1 1 -1 -1 0 0 0 0 1 0 0 -1 0 -1 -1 0 0 0 0 1 0 0 0 0 0 0 0 0 0 0 0 0 0 0 0 0 0 0 0 0 0 0 0 0 0 0 0 0 0 0 0 0 0 0 0 0 0 
 --- 
rotation_8: (18, 12) (70, 23) (8, 4) (69, 5) (68, 43) 
rotProfileMen_8: 0 0 -1 -1 0 -1 0 0 0 -1 0 0 1 0 2 1 -1 0 0 0 0 0 1 0 0 0 0 0 0 0 0 0 0 0 0 0 0 0 0 0 0 0 0 0 0 0 0 0 0 0 0 0 0 0 0 0 0 0 0 0 0 0 0 0 0 0 0 0 0 0 
rotProfileWomen_8: 0 0 0 0 1 1 1 0 0 0 0 -1 0 0 0 0 0 0 -1 -1 1 -1 0 0 0 0 0 0 0 0 0 0 0 0 0 0 0 0 0 0 0 0 0 0 0 0 0 0 0 0 0 0 0 0 0 0 0 0 0 0 0 0 0 0 0 0 0 0 0 0 
rotProfileCombined_8: 0 0 -1 -1 1 0 1 0 0 -1 0 -1 1 0 2 1 -1 0 -1 -1 1 -1 1 0 0 0 0 0 0 0 0 0 0 0 0 0 0 0 0 0 0 0 0 0 0 0 0 0 0 0 0 0 0 0 0 0 0 0 0 0 0 0 0 0 0 0 0 0 0 0 
 --- 
rotation_9: (66, 67) (21, 40) (24, 20) (10, 29) (55, 64) 
rotProfileMen_9: 0 -1 1 -1 -1 1 0 0 -1 0 1 0 0 0 1 0 0 0 0 0 0 0 -1 0 0 0 1 0 0 0 0 0 0 0 0 0 0 0 0 0 0 0 0 0 0 0 0 0 0 0 0 0 0 0 0 0 0 0 0 0 0 0 0 0 0 0 0 0 0 0 
rotProfileWomen_9: 1 0 0 1 0 0 0 1 1 -2 0 0 -1 0 -1 0 0 0 0 0 0 0 0 1 -1 0 0 0 0 0 0 0 0 0 0 0 0 0 0 0 0 0 0 0 0 0 0 0 0 0 0 0 0 0 0 0 0 0 0 0 0 0 0 0 0 0 0 0 0 0 
rotProfileCombined_9: 1 -1 1 0 -1 1 0 1 0 -2 1 0 -1 0 0 0 0 0 0 0 0 0 -1 1 -1 0 1 0 0 0 0 0 0 0 0 0 0 0 0 0 0 0 0 0 0 0 0 0 0 0 0 0 0 0 0 0 0 0 0 0 0 0 0 0 0 0 0 0 0 0 
 --- 
rotation_10: (36, 24) (27, 31) (44, 58) (68, 12) (18, 23) (61, 22) (35, 65) (29, 7) 
rotProfileMen_10: -1 -1 -1 1 0 0 0 1 0 0 0 0 0 0 -1 0 0 0 0 0 0 0 0 0 0 0 0 1 0 0 0 0 0 0 0 0 0 0 0 0 0 0 0 0 0 1 0 0 0 0 0 0 0 0 0 0 0 0 0 0 0 0 0 0 0 0 0 0 0 0 
rotProfileWomen_10: 1 2 -1 0 0 0 -2 1 -1 0 0 1 1 0 0 0 1 0 1 0 -1 0 0 0 -1 0 0 0 0 0 0 0 0 0 0 -1 0 0 0 0 0 0 0 0 0 0 0 0 -1 0 0 0 0 0 0 0 0 0 0 0 0 0 0 0 0 0 0 0 0 0 
rotProfileCombined_10: 0 1 -2 1 0 0 -2 2 -1 0 0 1 1 0 -1 0 1 0 1 0 -1 0 0 0 -1 0 0 1 0 0 0 0 0 0 0 -1 0 0 0 0 0 0 0 0 0 1 0 0 -1 0 0 0 0 0 0 0 0 0 0 0 0 0 0 0 0 0 0 0 0 0 
 --- 
rotation_11: (13, 33) (49, 41) 
rotProfileMen_11: 0 0 0 -1 0 0 0 0 0 0 0 0 -1 0 1 0 0 0 0 0 0 1 0 0 0 0 0 0 0 0 0 0 0 0 0 0 0 0 0 0 0 0 0 0 0 0 0 0 0 0 0 0 0 0 0 0 0 0 0 0 0 0 0 0 0 0 0 0 0 0 
rotProfileWomen_11: 0 0 1 0 0 0 0 0 0 1 -2 0 0 0 0 0 0 0 0 0 0 0 0 0 0 0 0 0 0 0 0 0 0 0 0 0 0 0 0 0 0 0 0 0 0 0 0 0 0 0 0 0 0 0 0 0 0 0 0 0 0 0 0 0 0 0 0 0 0 0 
rotProfileCombined_11: 0 0 1 -1 0 0 0 0 0 1 -2 0 -1 0 1 0 0 0 0 0 0 1 0 0 0 0 0 0 0 0 0 0 0 0 0 0 0 0 0 0 0 0 0 0 0 0 0 0 0 0 0 0 0 0 0 0 0 0 0 0 0 0 0 0 0 0 0 0 0 0 
 --- 
rotation_12: (24, 29) (15, 50) (32, 56) 
rotProfileMen_12: 0 0 0 0 0 0 0 -1 0 0 0 0 0 0 -1 0 1 0 0 -1 0 0 0 0 0 0 0 0 0 0 0 0 0 1 0 0 0 0 0 0 0 0 0 1 0 0 0 0 0 0 0 0 0 0 0 0 0 0 0 0 0 0 0 0 0 0 0 0 0 0 
rotProfileWomen_12: 0 1 0 0 0 0 0 1 0 0 0 0 0 0 0 0 -1 0 0 0 0 0 0 -1 0 0 0 0 0 0 0 0 0 0 0 0 0 0 0 0 0 0 0 0 0 0 0 0 0 0 0 0 0 0 0 0 0 0 0 0 0 0 0 0 0 0 0 0 0 0 
rotProfileCombined_12: 0 1 0 0 0 0 0 0 0 0 0 0 0 0 -1 0 0 0 0 -1 0 0 0 -1 0 0 0 0 0 0 0 0 0 1 0 0 0 0 0 0 0 0 0 1 0 0 0 0 0 0 0 0 0 0 0 0 0 0 0 0 0 0 0 0 0 0 0 0 0 0 
 --- 
rotation_13: (65, 35) (31, 51) (47, 32) (61, 65) (40, 10) (70, 4) (44, 12) (28, 27) (56, 15) 
rotProfileMen_13: 0 -1 -2 0 0 2 -2 0 0 -1 2 0 0 1 -2 1 0 0 0 0 0 0 0 2 0 0 0 0 0 0 0 0 0 0 0 0 0 0 0 0 0 0 0 0 0 0 0 0 0 0 0 0 0 0 0 0 0 0 0 0 0 0 0 0 0 0 0 0 0 0 
rotProfileWomen_13: 0 0 1 0 2 0 0 1 0 -1 -1 1 0 0 -1 0 -1 0 0 0 0 -1 0 0 0 1 -1 0 0 0 0 0 0 0 0 0 0 0 0 0 0 0 0 0 0 0 0 0 0 0 0 0 0 0 0 0 0 0 0 0 0 0 0 0 0 0 0 0 0 0 
rotProfileCombined_13: 0 -1 -1 0 2 2 -2 1 0 -2 1 1 0 1 -3 1 -1 0 0 0 0 -1 0 2 0 1 -1 0 0 0 0 0 0 0 0 0 0 0 0 0 0 0 0 0 0 0 0 0 0 0 0 0 0 0 0 0 0 0 0 0 0 0 0 0 0 0 0 0 0 0 
 --- 
rotation_14: (1, 54) (65, 51) (44, 27) (22, 14) 
rotProfileMen_14: -1 0 0 0 0 0 -1 -1 0 0 0 0 1 1 1 0 0 0 0 0 0 0 0 0 0 0 0 0 0 0 0 0 0 0 0 0 0 0 0 0 0 0 0 0 0 0 0 0 0 0 0 0 0 0 0 0 0 0 0 0 0 0 0 0 0 0 0 0 0 0 
rotProfileWomen_14: 0 0 0 0 2 0 -1 0 0 0 1 0 -1 -1 0 0 0 0 0 0 1 0 0 0 0 -1 0 0 0 0 0 0 0 0 0 0 0 0 0 0 0 0 0 0 0 0 0 0 0 0 0 0 0 0 0 0 0 0 0 0 0 0 0 0 0 0 0 0 0 0 
rotProfileCombined_14: -1 0 0 0 2 0 -2 -1 0 0 1 0 0 0 1 0 0 0 0 0 1 0 0 0 0 -1 0 0 0 0 0 0 0 0 0 0 0 0 0 0 0 0 0 0 0 0 0 0 0 0 0 0 0 0 0 0 0 0 0 0 0 0 0 0 0 0 0 0 0 0 
 --- 
rotation_15: (1, 51) (59, 8) (66, 40) 
rotProfileMen_15: 0 0 0 0 0 0 0 0 -1 1 -1 0 0 0 -1 0 0 0 0 0 0 0 0 1 0 0 0 0 0 0 0 0 1 0 0 0 0 0 0 0 0 0 0 0 0 0 0 0 0 0 0 0 0 0 0 0 0 0 0 0 0 0 0 0 0 0 0 0 0 0 
rotProfileWomen_15: 0 0 0 0 1 1 0 -1 -1 0 0 0 0 0 0 0 0 1 0 0 -1 0 0 0 0 0 0 0 0 0 0 0 0 0 0 0 0 0 0 0 0 0 0 0 0 0 0 0 0 0 0 0 0 0 0 0 0 0 0 0 0 0 0 0 0 0 0 0 0 0 
rotProfileCombined_15: 0 0 0 0 1 1 0 -1 -2 1 -1 0 0 0 -1 0 0 1 0 0 -1 0 0 1 0 0 0 0 0 0 0 0 1 0 0 0 0 0 0 0 0 0 0 0 0 0 0 0 0 0 0 0 0 0 0 0 0 0 0 0 0 0 0 0 0 0 0 0 0 0 
 --- 
rotation_16: (6, 47) (53, 62) 
rotProfileMen_16: 0 0 0 -1 -1 0 0 0 0 0 0 0 0 0 0 0 0 0 0 0 0 0 0 0 0 0 0 0 0 0 0 2 0 0 0 0 0 0 0 0 0 0 0 0 0 0 0 0 0 0 0 0 0 0 0 0 0 0 0 0 0 0 0 0 0 0 0 0 0 0 
rotProfileWomen_16: 0 0 0 0 0 0 0 0 0 0 0 0 2 -1 0 -1 0 0 0 0 0 0 0 0 0 0 0 0 0 0 0 0 0 0 0 0 0 0 0 0 0 0 0 0 0 0 0 0 0 0 0 0 0 0 0 0 0 0 0 0 0 0 0 0 0 0 0 0 0 0 
rotProfileCombined_16: 0 0 0 -1 -1 0 0 0 0 0 0 0 2 -1 0 -1 0 0 0 0 0 0 0 0 0 0 0 0 0 0 0 2 0 0 0 0 0 0 0 0 0 0 0 0 0 0 0 0 0 0 0 0 0 0 0 0 0 0 0 0 0 0 0 0 0 0 0 0 0 0 
 --- 
rotation_17: (13, 41) (32, 29) (14, 46) (65, 27) (29, 24) 
rotProfileMen_17: 0 -1 0 0 0 1 0 0 0 0 -1 0 0 -1 -1 1 0 1 0 0 0 0 0 0 0 0 1 0 0 0 0 0 0 -1 0 0 0 0 0 0 0 1 0 0 0 0 0 0 0 0 0 0 0 0 0 0 0 0 0 0 0 0 0 0 0 0 0 0 0 0 
rotProfileWomen_17: 0 0 1 1 -1 2 0 -1 0 0 -1 -1 0 0 0 0 0 0 0 0 0 0 0 0 0 0 0 0 0 0 0 0 0 0 0 0 0 0 0 0 0 0 0 0 0 0 0 0 0 0 0 0 0 0 0 0 0 0 0 0 0 0 0 0 0 0 0 0 0 0 
rotProfileCombined_17: 0 -1 1 1 -1 3 0 -1 0 0 -2 -1 0 -1 -1 1 0 1 0 0 0 0 0 0 0 0 1 0 0 0 0 0 0 -1 0 0 0 0 0 0 0 1 0 0 0 0 0 0 0 0 0 0 0 0 0 0 0 0 0 0 0 0 0 0 0 0 0 0 0 0 
 --- 


// Stable matchings
// found using rotations not digraph

optimal_stable_matchings: 
rank-maximal_index: 0
generous_index: 15
sex_equal_index: 14
egalitarian_index: 15
generalisedMedian_index: 10

stable_matching_list:
54 3 67 35 55 47 21 44 17 27 52 57 14 46 10 68 9 50 33 4 12 20 19 42 70 30 31 59 7 26 51 40 11 34 29 49 69 2 45 32 16 13 38 58 63 5 24 53 41 56 39 6 62 18 64 15 60 25 8 66 22 61 28 37 65 36 48 43 1 23 
54 3 67 16 55 47 21 44 17 27 52 57 14 46 10 68 9 50 33 4 12 20 19 42 70 30 31 59 7 26 51 40 11 34 29 49 69 2 45 32 65 13 38 58 63 5 24 53 41 56 39 6 62 18 64 15 60 25 8 66 22 61 28 37 35 36 48 43 1 23 
54 3 67 16 55 47 21 44 17 27 52 57 14 46 10 68 9 50 33 66 12 20 19 42 70 30 31 59 7 26 51 40 11 34 29 49 69 2 45 32 65 13 38 58 63 5 24 53 41 56 39 6 62 18 64 15 60 25 8 4 22 61 28 37 35 36 48 43 1 23 
54 3 67 16 55 47 21 44 17 27 52 57 32 46 42 68 9 50 33 66 12 14 19 20 70 30 31 59 7 26 51 40 11 34 29 49 69 2 45 10 65 13 38 58 63 5 24 53 41 56 39 6 62 18 64 15 60 25 8 4 22 61 28 37 35 36 48 43 1 23 
54 3 67 16 55 47 21 44 17 29 52 57 14 46 10 68 9 50 33 66 12 20 19 42 70 30 31 27 7 26 51 40 11 38 65 49 69 2 45 32 4 13 39 58 63 5 24 53 41 56 59 6 62 18 64 15 60 25 8 34 22 61 28 37 35 36 48 43 1 23 
54 3 67 16 55 47 21 44 17 29 52 57 32 46 42 68 9 50 33 66 12 14 19 20 70 30 31 27 7 26 51 40 11 38 65 49 69 2 45 10 4 13 39 58 63 5 24 53 41 56 59 6 62 18 64 15 60 25 8 34 22 61 28 37 35 36 48 43 1 23 
54 3 70 16 55 47 33 4 17 29 52 57 32 46 50 68 9 49 60 42 12 14 19 20 21 30 31 27 7 26 51 56 11 38 65 24 69 2 45 10 66 13 39 58 63 5 40 53 41 25 59 6 62 18 64 15 44 36 8 34 22 61 28 37 35 67 48 43 1 23 
54 3 32 16 55 47 33 4 17 29 52 57 5 46 50 68 9 49 60 42 12 14 19 20 21 30 31 27 7 26 51 56 11 38 65 24 69 2 45 10 66 13 39 58 63 70 40 53 41 25 59 6 62 18 64 15 44 36 8 34 22 61 28 37 35 67 48 43 1 23 
54 3 12 16 55 47 33 4 17 29 52 57 5 46 50 68 9 49 60 42 40 14 19 20 21 30 31 27 7 26 51 56 11 38 65 24 69 2 45 10 66 13 39 58 63 70 32 53 41 25 59 6 62 18 64 15 44 36 8 34 22 61 28 37 35 67 48 43 1 23 
54 3 39 16 55 47 49 4 17 29 52 57 33 46 50 68 9 12 60 42 40 14 1 20 21 30 31 27 7 26 51 56 11 38 65 24 69 2 45 10 19 13 66 58 63 70 32 53 41 25 59 6 62 18 64 15 44 36 8 34 22 61 28 37 35 67 48 43 5 23 
54 3 39 16 55 47 49 4 17 64 52 57 33 46 50 68 9 12 60 42 20 14 1 29 21 30 31 27 7 26 51 56 11 38 65 24 69 2 45 10 19 13 66 58 63 70 32 53 41 25 59 6 62 18 67 15 44 36 8 34 22 61 28 37 35 40 48 43 5 23 
54 3 39 16 55 47 49 4 17 64 52 57 41 46 50 68 9 12 60 42 20 14 1 29 21 30 31 27 7 26 51 56 11 38 65 24 69 2 45 10 19 13 66 58 63 70 32 53 33 25 59 6 62 18 67 15 44 36 8 34 22 61 28 37 35 40 48 43 5 23 
54 3 39 16 55 47 49 5 17 29 52 57 33 46 50 68 9 23 60 42 40 14 1 20 21 30 31 27 7 26 51 56 11 38 65 24 69 2 45 10 19 13 66 58 63 70 32 53 41 25 59 6 62 18 64 15 44 36 8 34 22 61 28 37 35 67 48 12 43 4 
54 3 39 16 55 47 49 5 17 64 52 57 33 46 50 68 9 23 60 42 20 14 1 29 21 30 31 27 7 26 51 56 11 38 65 24 69 2 45 10 19 13 66 58 63 70 32 53 41 25 59 6 62 18 67 15 44 36 8 34 22 61 28 37 35 40 48 12 43 4 
54 3 39 16 55 47 49 5 17 64 52 57 41 46 50 68 9 23 60 42 20 14 1 29 21 30 31 27 7 26 51 56 11 38 65 24 69 2 45 10 19 13 66 58 63 70 32 53 33 25 59 6 62 18 67 15 44 36 8 34 22 61 28 37 35 40 48 12 43 4 
54 3 39 16 55 47 49 5 17 64 52 57 33 46 50 68 9 22 60 42 20 14 1 29 21 30 58 27 24 26 51 56 11 38 7 31 69 2 45 10 19 13 66 12 63 70 32 53 41 25 59 6 62 18 67 15 44 36 8 34 65 61 28 37 35 40 48 23 43 4 
54 3 39 16 55 47 49 5 17 64 52 57 41 46 50 68 9 22 60 42 20 14 1 29 21 30 58 27 24 26 51 56 11 38 7 31 69 2 45 10 19 13 66 12 63 70 32 53 33 25 59 6 62 18 67 15 44 36 8 34 65 61 28 37 35 40 48 23 43 4 
54 3 39 16 55 47 49 5 17 64 52 57 41 46 56 68 9 22 60 42 20 14 1 50 21 30 58 27 24 26 51 29 11 38 7 31 69 2 45 10 19 13 66 12 63 70 32 53 33 25 59 6 62 18 67 15 44 36 8 34 65 61 28 37 35 40 48 23 43 4 
54 3 39 16 55 47 49 5 17 64 52 57 41 46 56 68 9 22 60 42 20 14 1 50 21 30 58 15 24 26 32 29 11 38 7 31 69 2 45 4 19 13 66 27 63 70 65 53 33 25 59 6 62 18 67 35 44 36 8 34 10 61 28 37 51 40 48 23 43 12 
54 3 39 16 55 62 49 5 17 64 52 57 41 46 56 68 9 22 60 42 20 14 1 50 21 30 58 15 24 26 32 29 11 38 7 31 69 2 45 4 19 13 66 27 63 70 65 53 33 25 59 6 47 18 67 35 44 36 8 34 10 61 28 37 51 40 48 23 43 12 
51 3 39 16 55 47 49 5 17 64 52 57 41 46 56 68 9 22 60 42 20 54 1 50 21 30 58 15 24 26 32 29 11 38 7 31 69 2 45 4 19 13 66 14 63 70 65 53 33 25 59 6 62 18 67 35 44 36 8 34 10 61 28 37 27 40 48 23 43 12 
51 3 39 16 55 62 49 5 17 64 52 57 41 46 56 68 9 22 60 42 20 54 1 50 21 30 58 15 24 26 32 29 11 38 7 31 69 2 45 4 19 13 66 14 63 70 65 53 33 25 59 6 47 18 67 35 44 36 8 34 10 61 28 37 27 40 48 23 43 12 
51 3 39 16 55 62 49 5 17 64 52 57 29 27 56 68 9 22 60 42 20 54 1 50 21 30 58 15 41 26 32 46 11 38 7 31 69 2 45 4 19 13 66 14 63 70 65 53 33 25 59 6 47 18 67 35 44 36 8 34 10 61 28 37 24 40 48 23 43 12 
8 3 39 16 55 47 49 5 17 64 52 57 41 46 56 68 9 22 60 42 20 54 1 50 21 30 58 15 24 26 32 29 11 38 7 31 69 2 45 4 19 13 66 14 63 70 65 53 33 25 59 6 62 18 67 35 44 36 40 34 10 61 28 37 27 51 48 23 43 12 
8 3 39 16 55 62 49 5 17 64 52 57 41 46 56 68 9 22 60 42 20 54 1 50 21 30 58 15 24 26 32 29 11 38 7 31 69 2 45 4 19 13 66 14 63 70 65 53 33 25 59 6 47 18 67 35 44 36 40 34 10 61 28 37 27 51 48 23 43 12 
8 3 39 16 55 62 49 5 17 64 52 57 29 27 56 68 9 22 60 42 20 54 1 50 21 30 58 15 41 26 32 46 11 38 7 31 69 2 45 4 19 13 66 14 63 70 65 53 33 25 59 6 47 18 67 35 44 36 40 34 10 61 28 37 24 51 48 23 43 12 
8 3 39 16 55 47 49 5 17 64 52 57 29 27 56 68 9 22 60 42 20 54 1 50 21 30 58 15 41 26 32 46 11 38 7 31 69 2 45 4 19 13 66 14 63 70 65 53 33 25 59 6 62 18 67 35 44 36 40 34 10 61 28 37 24 51 48 23 43 12 
51 3 39 16 55 47 49 5 17 64 52 57 29 27 56 68 9 22 60 42 20 54 1 50 21 30 58 15 41 26 32 46 11 38 7 31 69 2 45 4 19 13 66 14 63 70 65 53 33 25 59 6 62 18 67 35 44 36 8 34 10 61 28 37 24 40 48 23 43 12 
54 3 39 16 55 62 49 5 17 64 52 57 41 46 56 68 9 22 60 42 20 14 1 50 21 30 58 27 24 26 51 29 11 38 7 31 69 2 45 10 19 13 66 12 63 70 32 53 33 25 59 6 47 18 67 15 44 36 8 34 65 61 28 37 35 40 48 23 43 4 
54 3 39 16 55 47 49 5 17 29 52 57 41 46 50 68 9 23 60 42 40 14 1 20 21 30 31 27 7 26 51 56 11 38 65 24 69 2 45 10 19 13 66 58 63 70 32 53 33 25 59 6 62 18 64 15 44 36 8 34 22 61 28 37 35 67 48 12 43 4 
54 3 39 16 55 47 49 4 17 29 52 57 41 46 50 68 9 12 60 42 40 14 1 20 21 30 31 27 7 26 51 56 11 38 65 24 69 2 45 10 19 13 66 58 63 70 32 53 33 25 59 6 62 18 64 15 44 36 8 34 22 61 28 37 35 67 48 43 5 23 
54 3 12 16 55 47 33 4 17 64 52 57 5 46 50 68 9 49 60 42 20 14 19 29 21 30 31 27 7 26 51 56 11 38 65 24 69 2 45 10 66 13 39 58 63 70 32 53 41 25 59 6 62 18 67 15 44 36 8 34 22 61 28 37 35 40 48 43 1 23 
54 3 67 16 55 47 21 44 17 27 52 57 32 46 42 68 9 50 33 4 12 14 19 20 70 30 31 59 7 26 51 40 11 34 29 49 69 2 45 10 65 13 38 58 63 5 24 53 41 56 39 6 62 18 64 15 60 25 8 66 22 61 28 37 35 36 48 43 1 23 
54 3 67 35 55 47 21 44 17 27 52 57 14 46 10 68 9 50 33 66 12 20 19 42 70 30 31 59 7 26 51 40 11 34 29 49 69 2 45 32 16 13 38 58 63 5 24 53 41 56 39 6 62 18 64 15 60 25 8 4 22 61 28 37 65 36 48 43 1 23 
54 3 67 35 55 47 21 44 17 27 52 57 32 46 42 68 9 50 33 66 12 14 19 20 70 30 31 59 7 26 51 40 11 34 29 49 69 2 45 10 16 13 38 58 63 5 24 53 41 56 39 6 62 18 64 15 60 25 8 4 22 61 28 37 65 36 48 43 1 23 
54 3 67 35 55 47 21 44 17 27 52 57 32 46 42 68 9 50 33 4 12 14 19 20 70 30 31 59 7 26 51 40 11 34 29 49 69 2 45 10 16 13 38 58 63 5 24 53 41 56 39 6 62 18 64 15 60 25 8 66 22 61 28 37 65 36 48 43 1 23 


matching_0: 54 3 67 35 55 47 21 44 17 27 52 57 14 46 10 68 9 50 33 4 12 20 19 42 70 30 31 59 7 26 51 40 11 34 29 49 69 2 45 32 16 13 38 58 63 5 24 53 41 56 39 6 62 18 64 15 60 25 8 66 22 61 28 37 65 36 48 43 1 23 
profileMen_0: 15 15 13 8 6 2 2 2 5 1 1 0 0 0 0 0 0 0 0 0 0 0 0 0 0 0 0 0 0 0 0 0 0 0 0 0 0 0 0 0 0 0 0 0 0 0 0 0 0 0 0 0 0 0 0 0 0 0 0 0 0 0 0 0 0 0 0 0 0 0 
profileWomen_0: 8 5 1 1 2 1 3 3 4 3 1 0 1 3 2 2 2 1 3 1 0 2 0 0 2 0 2 1 1 1 2 1 2 0 0 1 0 1 0 1 0 1 0 0 0 0 0 0 1 0 0 0 0 0 0 1 0 1 0 0 0 0 0 0 1 0 1 0 0 0 
profileCombined_0: 23 20 14 9 8 3 5 5 9 4 2 0 1 3 2 2 2 1 3 1 0 2 0 0 2 0 2 1 1 1 2 1 2 0 0 1 0 1 0 1 0 1 0 0 0 0 0 0 1 0 0 0 0 0 0 1 0 1 0 0 0 0 0 0 1 0 1 0 0 0 
costMen_0: 254
costWomen_0: 1255
costCombined_0: 1509
sexEquality_0: 1001

 --- 
matching_1: 54 3 67 16 55 47 21 44 17 27 52 57 14 46 10 68 9 50 33 4 12 20 19 42 70 30 31 59 7 26 51 40 11 34 29 49 69 2 45 32 65 13 38 58 63 5 24 53 41 56 39 6 62 18 64 15 60 25 8 66 22 61 28 37 35 36 48 43 1 23 
profileMen_1: 15 13 12 8 6 3 3 2 6 1 1 0 0 0 0 0 0 0 0 0 0 0 0 0 0 0 0 0 0 0 0 0 0 0 0 0 0 0 0 0 0 0 0 0 0 0 0 0 0 0 0 0 0 0 0 0 0 0 0 0 0 0 0 0 0 0 0 0 0 0 
profileWomen_1: 8 5 1 1 2 2 3 3 4 3 1 0 2 3 2 2 2 0 3 1 0 2 0 0 2 0 2 1 1 1 2 1 1 0 0 1 0 1 0 1 0 1 0 0 0 0 0 0 1 0 0 1 0 0 0 0 0 1 0 0 0 0 0 0 1 0 1 0 0 0 
profileCombined_1: 23 18 13 9 8 5 6 5 10 4 2 0 2 3 2 2 2 0 3 1 0 2 0 0 2 0 2 1 1 1 2 1 1 0 0 1 0 1 0 1 0 1 0 0 0 0 0 0 1 0 0 1 0 0 0 0 0 1 0 0 0 0 0 0 1 0 1 0 0 0 
costMen_1: 269
costWomen_1: 1219
costCombined_1: 1488
sexEquality_1: 950

 --- 
matching_2: 54 3 67 16 55 47 21 44 17 27 52 57 14 46 10 68 9 50 33 66 12 20 19 42 70 30 31 59 7 26 51 40 11 34 29 49 69 2 45 32 65 13 38 58 63 5 24 53 41 56 39 6 62 18 64 15 60 25 8 4 22 61 28 37 35 36 48 43 1 23 
profileMen_2: 15 13 11 7 7 3 3 2 6 1 2 0 0 0 0 0 0 0 0 0 0 0 0 0 0 0 0 0 0 0 0 0 0 0 0 0 0 0 0 0 0 0 0 0 0 0 0 0 0 0 0 0 0 0 0 0 0 0 0 0 0 0 0 0 0 0 0 0 0 0 
profileWomen_2: 8 5 1 1 2 2 3 3 4 3 1 0 2 3 2 2 2 0 4 1 0 2 0 0 2 0 1 1 1 1 2 1 1 0 0 1 0 1 0 1 0 1 0 0 0 0 0 0 1 0 0 1 0 0 0 0 0 1 0 0 0 0 1 0 0 0 1 0 0 0 
profileCombined_2: 23 18 12 8 9 5 6 5 10 4 3 0 2 3 2 2 2 0 4 1 0 2 0 0 2 0 1 1 1 1 2 1 1 0 0 1 0 1 0 1 0 1 0 0 0 0 0 0 1 0 0 1 0 0 0 0 0 1 0 0 0 0 1 0 0 0 1 0 0 0 
costMen_2: 278
costWomen_2: 1209
costCombined_2: 1487
sexEquality_2: 931

 --- 
matching_3: 54 3 67 16 55 47 21 44 17 27 52 57 32 46 42 68 9 50 33 66 12 14 19 20 70 30 31 59 7 26 51 40 11 34 29 49 69 2 45 10 65 13 38 58 63 5 24 53 41 56 39 6 62 18 64 15 60 25 8 4 22 61 28 37 35 36 48 43 1 23 
profileMen_3: 13 10 11 8 9 3 4 2 6 2 2 0 0 0 0 0 0 0 0 0 0 0 0 0 0 0 0 0 0 0 0 0 0 0 0 0 0 0 0 0 0 0 0 0 0 0 0 0 0 0 0 0 0 0 0 0 0 0 0 0 0 0 0 0 0 0 0 0 0 0 
profileWomen_3: 8 5 1 1 3 2 4 2 4 5 1 0 2 3 2 2 2 0 4 1 0 2 0 0 1 0 2 0 1 1 2 0 1 0 0 1 0 1 0 1 0 0 0 0 0 0 0 0 1 0 0 1 0 0 0 0 0 1 0 0 0 0 1 0 0 0 1 0 0 0 
profileCombined_3: 21 15 12 9 12 5 8 4 10 7 3 0 2 3 2 2 2 0 4 1 0 2 0 0 1 0 2 0 1 1 2 0 1 0 0 1 0 1 0 1 0 0 0 0 0 0 0 0 1 0 0 1 0 0 0 0 0 1 0 0 0 0 1 0 0 0 1 0 0 0 
costMen_3: 301
costWomen_3: 1133
costCombined_3: 1434
sexEquality_3: 832

 --- 
matching_4: 54 3 67 16 55 47 21 44 17 29 52 57 14 46 10 68 9 50 33 66 12 20 19 42 70 30 31 27 7 26 51 40 11 38 65 49 69 2 45 32 4 13 39 58 63 5 24 53 41 56 59 6 62 18 64 15 60 25 8 34 22 61 28 37 35 36 48 43 1 23 
profileMen_4: 12 11 14 8 5 5 3 2 5 2 3 0 0 0 0 0 0 0 0 0 0 0 0 0 0 0 0 0 0 0 0 0 0 0 0 0 0 0 0 0 0 0 0 0 0 0 0 0 0 0 0 0 0 0 0 0 0 0 0 0 0 0 0 0 0 0 0 0 0 0 
profileWomen_4: 8 6 1 2 2 3 3 3 3 3 1 0 2 4 2 1 2 0 3 1 0 3 0 0 3 0 1 1 0 0 1 1 1 0 0 2 0 1 0 1 0 1 0 0 0 0 0 0 1 0 0 0 0 0 0 0 0 1 0 0 0 0 1 0 0 0 1 0 0 0 
profileCombined_4: 20 17 15 10 7 8 6 5 8 5 4 0 2 4 2 1 2 0 3 1 0 3 0 0 3 0 1 1 0 0 1 1 1 0 0 2 0 1 0 1 0 1 0 0 0 0 0 0 1 0 0 0 0 0 0 0 0 1 0 0 0 0 1 0 0 0 1 0 0 0 
costMen_4: 298
costWomen_4: 1132
costCombined_4: 1430
sexEquality_4: 834

 --- 
matching_5: 54 3 67 16 55 47 21 44 17 29 52 57 32 46 42 68 9 50 33 66 12 14 19 20 70 30 31 27 7 26 51 40 11 38 65 49 69 2 45 10 4 13 39 58 63 5 24 53 41 56 59 6 62 18 64 15 60 25 8 34 22 61 28 37 35 36 48 43 1 23 
profileMen_5: 10 8 14 9 7 5 4 2 5 3 3 0 0 0 0 0 0 0 0 0 0 0 0 0 0 0 0 0 0 0 0 0 0 0 0 0 0 0 0 0 0 0 0 0 0 0 0 0 0 0 0 0 0 0 0 0 0 0 0 0 0 0 0 0 0 0 0 0 0 0 
profileWomen_5: 8 6 1 2 3 3 4 2 3 5 1 0 2 4 2 1 2 0 3 1 0 3 0 0 2 0 2 0 0 0 1 0 1 0 0 2 0 1 0 1 0 0 0 0 0 0 0 0 1 0 0 0 0 0 0 0 0 1 0 0 0 0 1 0 0 0 1 0 0 0 
profileCombined_5: 18 14 15 11 10 8 8 4 8 8 4 0 2 4 2 1 2 0 3 1 0 3 0 0 2 0 2 0 0 0 1 0 1 0 0 2 0 1 0 1 0 0 0 0 0 0 0 0 1 0 0 0 0 0 0 0 0 1 0 0 0 0 1 0 0 0 1 0 0 0 
costMen_5: 321
costWomen_5: 1056
costCombined_5: 1377
sexEquality_5: 735

 --- 
matching_6: 54 3 70 16 55 47 33 4 17 29 52 57 32 46 50 68 9 49 60 42 12 14 19 20 21 30 31 27 7 26 51 56 11 38 65 24 69 2 45 10 66 13 39 58 63 5 40 53 41 25 59 6 62 18 64 15 44 36 8 34 22 61 28 37 35 67 48 43 1 23 
profileMen_6: 9 7 10 7 8 6 4 4 4 2 4 1 0 0 0 1 1 1 0 1 0 0 0 0 0 0 0 0 0 0 0 0 0 0 0 0 0 0 0 0 0 0 0 0 0 0 0 0 0 0 0 0 0 0 0 0 0 0 0 0 0 0 0 0 0 0 0 0 0 0 
profileWomen_6: 11 6 1 3 3 2 5 2 3 6 1 2 2 2 2 1 3 0 2 1 0 1 0 0 3 0 2 0 0 0 0 0 1 0 0 2 0 0 1 0 0 0 0 0 1 0 0 0 1 0 0 0 0 0 0 0 0 0 0 0 0 0 0 0 0 0 0 0 0 0 
profileCombined_6: 20 13 11 10 11 8 9 6 7 8 5 3 2 2 2 2 4 1 2 2 0 1 0 0 3 0 2 0 0 0 0 0 1 0 0 2 0 0 1 0 0 0 0 0 1 0 0 0 1 0 0 0 0 0 0 0 0 0 0 0 0 0 0 0 0 0 0 0 0 0 
costMen_6: 400
costWomen_6: 836
costCombined_6: 1236
sexEquality_6: 436

 --- 
matching_7: 54 3 32 16 55 47 33 4 17 29 52 57 5 46 50 68 9 49 60 42 12 14 19 20 21 30 31 27 7 26 51 56 11 38 65 24 69 2 45 10 66 13 39 58 63 70 40 53 41 25 59 6 62 18 64 15 44 36 8 34 22 61 28 37 35 67 48 43 1 23 
profileMen_7: 9 7 10 7 6 6 3 4 4 2 4 2 0 0 0 1 1 2 0 1 0 0 0 0 1 0 0 0 0 0 0 0 0 0 0 0 0 0 0 0 0 0 0 0 0 0 0 0 0 0 0 0 0 0 0 0 0 0 0 0 0 0 0 0 0 0 0 0 0 0 
profileWomen_7: 11 6 1 3 3 2 5 2 3 6 1 2 2 2 2 1 3 0 2 2 0 1 1 0 3 0 2 0 0 0 0 0 1 0 0 1 0 0 0 0 0 0 0 0 1 0 0 0 1 0 0 0 0 0 0 0 0 0 0 0 0 0 0 0 0 0 0 0 0 0 
profileCombined_7: 20 13 11 10 9 8 8 6 7 8 5 4 2 2 2 2 4 2 2 3 0 1 1 0 4 0 2 0 0 0 0 0 1 0 0 1 0 0 0 0 0 0 0 0 1 0 0 0 1 0 0 0 0 0 0 0 0 0 0 0 0 0 0 0 0 0 0 0 0 0 
costMen_7: 438
costWomen_7: 804
costCombined_7: 1242
sexEquality_7: 366

 --- 
matching_8: 54 3 12 16 55 47 33 4 17 29 52 57 5 46 50 68 9 49 60 42 40 14 19 20 21 30 31 27 7 26 51 56 11 38 65 24 69 2 45 10 66 13 39 58 63 70 32 53 41 25 59 6 62 18 64 15 44 36 8 34 22 61 28 37 35 67 48 43 1 23 
profileMen_8: 9 7 10 6 5 6 3 4 4 2 4 2 0 0 1 1 1 1 0 2 0 0 1 0 1 0 0 0 0 0 0 0 0 0 0 0 0 0 0 0 0 0 0 0 0 0 0 0 0 0 0 0 0 0 0 0 0 0 0 0 0 0 0 0 0 0 0 0 0 0 
profileWomen_8: 11 6 1 3 3 2 5 2 3 6 2 2 3 2 2 1 3 0 2 1 0 1 1 0 3 0 2 1 0 0 0 0 0 0 0 1 0 0 0 0 0 0 0 0 0 0 0 0 1 0 0 0 0 0 0 0 0 0 0 0 0 0 0 0 0 0 0 0 0 0 
profileCombined_8: 20 13 11 9 8 8 8 6 7 8 6 4 3 2 3 2 4 1 2 3 0 1 2 0 4 0 2 1 0 0 0 0 0 0 0 1 0 0 0 0 0 0 0 0 0 0 0 0 1 0 0 0 0 0 0 0 0 0 0 0 0 0 0 0 0 0 0 0 0 0 
costMen_8: 469
costWomen_8: 758
costCombined_8: 1227
sexEquality_8: 289

 --- 
matching_9: 54 3 39 16 55 47 49 4 17 29 52 57 33 46 50 68 9 12 60 42 40 14 1 20 21 30 31 27 7 26 51 56 11 38 65 24 69 2 45 10 19 13 66 58 63 70 32 53 41 25 59 6 62 18 64 15 44 36 8 34 22 61 28 37 35 67 48 43 5 23 
profileMen_9: 9 7 9 5 4 6 3 3 5 3 5 1 1 0 2 0 1 1 0 2 0 0 1 0 1 0 0 0 0 0 0 0 1 0 0 0 0 0 0 0 0 0 0 0 0 0 0 0 0 0 0 0 0 0 0 0 0 0 0 0 0 0 0 0 0 0 0 0 0 0 
profileWomen_9: 12 7 3 2 3 2 5 2 3 6 3 1 2 3 2 1 2 0 2 1 0 2 1 0 2 0 1 0 0 0 0 0 0 0 0 1 0 0 0 0 0 0 0 0 0 0 0 0 1 0 0 0 0 0 0 0 0 0 0 0 0 0 0 0 0 0 0 0 0 0 
profileCombined_9: 21 14 12 7 7 8 8 5 8 9 8 2 3 3 4 1 3 1 2 3 0 2 2 0 3 0 1 0 0 0 0 0 1 0 0 1 0 0 0 0 0 0 0 0 0 0 0 0 1 0 0 0 0 0 0 0 0 0 0 0 0 0 0 0 0 0 0 0 0 0 
costMen_9: 512
costWomen_9: 688
costCombined_9: 1200
sexEquality_9: 176

 --- 
matching_10: 54 3 39 16 55 47 49 4 17 64 52 57 33 46 50 68 9 12 60 42 20 14 1 29 21 30 31 27 7 26 51 56 11 38 65 24 69 2 45 10 19 13 66 58 63 70 32 53 41 25 59 6 62 18 67 15 44 36 8 34 22 61 28 37 35 40 48 43 5 23 
profileMen_10: 9 6 10 4 3 7 3 3 4 3 6 1 1 0 3 0 1 1 0 2 0 0 0 0 1 0 1 0 0 0 0 0 1 0 0 0 0 0 0 0 0 0 0 0 0 0 0 0 0 0 0 0 0 0 0 0 0 0 0 0 0 0 0 0 0 0 0 0 0 0 
profileWomen_10: 13 7 3 3 3 2 5 3 4 4 3 1 1 3 1 1 2 0 2 1 0 2 1 1 1 0 1 0 0 0 0 0 0 0 0 1 0 0 0 0 0 0 0 0 0 0 0 0 1 0 0 0 0 0 0 0 0 0 0 0 0 0 0 0 0 0 0 0 0 0 
profileCombined_10: 22 13 13 7 6 9 8 6 8 7 9 2 2 3 4 1 3 1 2 3 0 2 1 1 2 0 2 0 0 0 0 0 1 0 0 1 0 0 0 0 0 0 0 0 0 0 0 0 1 0 0 0 0 0 0 0 0 0 0 0 0 0 0 0 0 0 0 0 0 0 
costMen_10: 531
costWomen_10: 661
costCombined_10: 1192
sexEquality_10: 130

 --- 
matching_11: 54 3 39 16 55 47 49 4 17 64 52 57 41 46 50 68 9 12 60 42 20 14 1 29 21 30 31 27 7 26 51 56 11 38 65 24 69 2 45 10 19 13 66 58 63 70 32 53 33 25 59 6 62 18 67 15 44 36 8 34 22 61 28 37 35 40 48 43 5 23 
profileMen_11: 9 6 10 3 3 7 3 3 4 3 6 1 0 0 4 0 1 1 0 2 0 1 0 0 1 0 1 0 0 0 0 0 1 0 0 0 0 0 0 0 0 0 0 0 0 0 0 0 0 0 0 0 0 0 0 0 0 0 0 0 0 0 0 0 0 0 0 0 0 0 
profileWomen_11: 13 7 4 3 3 2 5 3 4 5 1 1 1 3 1 1 2 0 2 1 0 2 1 1 1 0 1 0 0 0 0 0 0 0 0 1 0 0 0 0 0 0 0 0 0 0 0 0 1 0 0 0 0 0 0 0 0 0 0 0 0 0 0 0 0 0 0 0 0 0 
profileCombined_11: 22 13 14 6 6 9 8 6 8 8 7 2 1 3 5 1 3 1 2 3 0 3 1 1 2 0 2 0 0 0 0 0 1 0 0 1 0 0 0 0 0 0 0 0 0 0 0 0 1 0 0 0 0 0 0 0 0 0 0 0 0 0 0 0 0 0 0 0 0 0 
costMen_11: 551
costWomen_11: 652
costCombined_11: 1203
sexEquality_11: 101

 --- 
matching_12: 54 3 39 16 55 47 49 5 17 29 52 57 33 46 50 68 9 23 60 42 40 14 1 20 21 30 31 27 7 26 51 56 11 38 65 24 69 2 45 10 19 13 66 58 63 70 32 53 41 25 59 6 62 18 64 15 44 36 8 34 22 61 28 37 35 67 48 12 43 4 
profileMen_12: 9 7 8 4 4 5 3 3 5 2 5 1 2 0 4 1 0 1 0 2 0 0 2 0 1 0 0 0 0 0 0 0 1 0 0 0 0 0 0 0 0 0 0 0 0 0 0 0 0 0 0 0 0 0 0 0 0 0 0 0 0 0 0 0 0 0 0 0 0 0 
profileWomen_12: 12 7 3 2 4 3 6 2 3 6 3 0 2 3 2 1 2 0 1 0 1 1 1 0 2 0 1 0 0 0 0 0 0 0 0 1 0 0 0 0 0 0 0 0 0 0 0 0 1 0 0 0 0 0 0 0 0 0 0 0 0 0 0 0 0 0 0 0 0 0 
profileCombined_12: 21 14 11 6 8 8 9 5 8 8 8 1 4 3 6 2 2 1 1 2 1 1 3 0 3 0 1 0 0 0 0 0 1 0 0 1 0 0 0 0 0 0 0 0 0 0 0 0 1 0 0 0 0 0 0 0 0 0 0 0 0 0 0 0 0 0 0 0 0 0 
costMen_12: 554
costWomen_12: 654
costCombined_12: 1208
sexEquality_12: 100

 --- 
matching_13: 54 3 39 16 55 47 49 5 17 64 52 57 33 46 50 68 9 23 60 42 20 14 1 29 21 30 31 27 7 26 51 56 11 38 65 24 69 2 45 10 19 13 66 58 63 70 32 53 41 25 59 6 62 18 67 15 44 36 8 34 22 61 28 37 35 40 48 12 43 4 
profileMen_13: 9 6 9 3 3 6 3 3 4 2 6 1 2 0 5 1 0 1 0 2 0 0 1 0 1 0 1 0 0 0 0 0 1 0 0 0 0 0 0 0 0 0 0 0 0 0 0 0 0 0 0 0 0 0 0 0 0 0 0 0 0 0 0 0 0 0 0 0 0 0 
profileWomen_13: 13 7 3 3 4 3 6 3 4 4 3 0 1 3 1 1 2 0 1 0 1 1 1 1 1 0 1 0 0 0 0 0 0 0 0 1 0 0 0 0 0 0 0 0 0 0 0 0 1 0 0 0 0 0 0 0 0 0 0 0 0 0 0 0 0 0 0 0 0 0 
profileCombined_13: 22 13 12 6 7 9 9 6 8 6 9 1 3 3 6 2 2 1 1 2 1 1 2 1 2 0 2 0 0 0 0 0 1 0 0 1 0 0 0 0 0 0 0 0 0 0 0 0 1 0 0 0 0 0 0 0 0 0 0 0 0 0 0 0 0 0 0 0 0 0 
costMen_13: 573
costWomen_13: 627
costCombined_13: 1200
sexEquality_13: 54

 --- 
matching_14: 54 3 39 16 55 47 49 5 17 64 52 57 41 46 50 68 9 23 60 42 20 14 1 29 21 30 31 27 7 26 51 56 11 38 65 24 69 2 45 10 19 13 66 58 63 70 32 53 33 25 59 6 62 18 67 15 44 36 8 34 22 61 28 37 35 40 48 12 43 4 
profileMen_14: 9 6 9 2 3 6 3 3 4 2 6 1 1 0 6 1 0 1 0 2 0 1 1 0 1 0 1 0 0 0 0 0 1 0 0 0 0 0 0 0 0 0 0 0 0 0 0 0 0 0 0 0 0 0 0 0 0 0 0 0 0 0 0 0 0 0 0 0 0 0 
profileWomen_14: 13 7 4 3 4 3 6 3 4 5 1 0 1 3 1 1 2 0 1 0 1 1 1 1 1 0 1 0 0 0 0 0 0 0 0 1 0 0 0 0 0 0 0 0 0 0 0 0 1 0 0 0 0 0 0 0 0 0 0 0 0 0 0 0 0 0 0 0 0 0 
profileCombined_14: 22 13 13 5 7 9 9 6 8 7 7 1 2 3 7 2 2 1 1 2 1 2 2 1 2 0 2 0 0 0 0 0 1 0 0 1 0 0 0 0 0 0 0 0 0 0 0 0 1 0 0 0 0 0 0 0 0 0 0 0 0 0 0 0 0 0 0 0 0 0 
costMen_14: 593
costWomen_14: 618
costCombined_14: 1211
sexEquality_14: 25

 --- 
matching_15: 54 3 39 16 55 47 49 5 17 64 52 57 33 46 50 68 9 22 60 42 20 14 1 29 21 30 58 27 24 26 51 56 11 38 7 31 69 2 45 10 19 13 66 12 63 70 32 53 41 25 59 6 62 18 67 15 44 36 8 34 65 61 28 37 35 40 48 23 43 4 
profileMen_15: 8 5 8 4 3 6 3 4 4 2 6 1 2 0 4 1 0 1 0 2 0 0 1 0 1 0 1 1 0 0 0 0 1 0 0 0 0 0 0 0 0 0 0 0 0 1 0 0 0 0 0 0 0 0 0 0 0 0 0 0 0 0 0 0 0 0 0 0 0 0 
profileWomen_15: 14 9 2 3 4 3 4 4 3 4 3 1 2 3 1 1 3 0 2 0 0 1 1 1 0 0 1 0 0 0 0 0 0 0 0 0 0 0 0 0 0 0 0 0 0 0 0 0 0 0 0 0 0 0 0 0 0 0 0 0 0 0 0 0 0 0 0 0 0 0 
profileCombined_15: 22 14 10 7 7 9 7 8 7 6 9 2 4 3 5 2 3 1 2 2 0 1 2 1 1 0 2 1 0 0 0 0 1 0 0 0 0 0 0 0 0 0 0 0 0 1 0 0 0 0 0 0 0 0 0 0 0 0 0 0 0 0 0 0 0 0 0 0 0 0 
costMen_15: 638
costWomen_15: 544
costCombined_15: 1182
sexEquality_15: 94

 --- 
matching_16: 54 3 39 16 55 47 49 5 17 64 52 57 41 46 50 68 9 22 60 42 20 14 1 29 21 30 58 27 24 26 51 56 11 38 7 31 69 2 45 10 19 13 66 12 63 70 32 53 33 25 59 6 62 18 67 15 44 36 8 34 65 61 28 37 35 40 48 23 43 4 
profileMen_16: 8 5 8 3 3 6 3 4 4 2 6 1 1 0 5 1 0 1 0 2 0 1 1 0 1 0 1 1 0 0 0 0 1 0 0 0 0 0 0 0 0 0 0 0 0 1 0 0 0 0 0 0 0 0 0 0 0 0 0 0 0 0 0 0 0 0 0 0 0 0 
profileWomen_16: 14 9 3 3 4 3 4 4 3 5 1 1 2 3 1 1 3 0 2 0 0 1 1 1 0 0 1 0 0 0 0 0 0 0 0 0 0 0 0 0 0 0 0 0 0 0 0 0 0 0 0 0 0 0 0 0 0 0 0 0 0 0 0 0 0 0 0 0 0 0 
profileCombined_16: 22 14 11 6 7 9 7 8 7 7 7 2 3 3 6 2 3 1 2 2 0 2 2 1 1 0 2 1 0 0 0 0 1 0 0 0 0 0 0 0 0 0 0 0 0 1 0 0 0 0 0 0 0 0 0 0 0 0 0 0 0 0 0 0 0 0 0 0 0 0 
costMen_16: 658
costWomen_16: 535
costCombined_16: 1193
sexEquality_16: 123

 --- 
matching_17: 54 3 39 16 55 47 49 5 17 64 52 57 41 46 56 68 9 22 60 42 20 14 1 50 21 30 58 27 24 26 51 29 11 38 7 31 69 2 45 10 19 13 66 12 63 70 32 53 33 25 59 6 62 18 67 15 44 36 8 34 65 61 28 37 35 40 48 23 43 4 
profileMen_17: 8 5 8 3 3 6 3 3 4 2 6 1 1 0 4 1 1 1 0 1 0 1 1 0 1 0 1 1 0 0 0 0 1 1 0 0 0 0 0 0 0 0 0 1 0 1 0 0 0 0 0 0 0 0 0 0 0 0 0 0 0 0 0 0 0 0 0 0 0 0 
profileWomen_17: 14 10 3 3 4 3 4 5 3 5 1 1 2 3 1 1 2 0 2 0 0 1 1 0 0 0 1 0 0 0 0 0 0 0 0 0 0 0 0 0 0 0 0 0 0 0 0 0 0 0 0 0 0 0 0 0 0 0 0 0 0 0 0 0 0 0 0 0 0 0 
profileCombined_17: 22 15 11 6 7 9 7 8 7 7 7 2 3 3 5 2 3 1 2 1 0 2 2 0 1 0 2 1 0 0 0 0 1 1 0 0 0 0 0 0 0 0 0 1 0 1 0 0 0 0 0 0 0 0 0 0 0 0 0 0 0 0 0 0 0 0 0 0 0 0 
costMen_17: 710
costWomen_17: 504
costCombined_17: 1214
sexEquality_17: 206

 --- 
matching_18: 54 3 39 16 55 47 49 5 17 64 52 57 41 46 56 68 9 22 60 42 20 14 1 50 21 30 58 15 24 26 32 29 11 38 7 31 69 2 45 4 19 13 66 27 63 70 65 53 33 25 59 6 62 18 67 35 44 36 8 34 10 61 28 37 51 40 48 23 43 12 
profileMen_18: 8 4 6 3 3 8 1 3 4 1 8 1 1 1 2 2 1 1 0 1 0 1 1 2 1 0 1 1 0 0 0 0 1 1 0 0 0 0 0 0 0 0 0 1 0 1 0 0 0 0 0 0 0 0 0 0 0 0 0 0 0 0 0 0 0 0 0 0 0 0 
profileWomen_18: 14 10 4 3 6 3 4 6 3 4 0 2 2 3 0 1 1 0 2 0 0 0 1 0 0 1 0 0 0 0 0 0 0 0 0 0 0 0 0 0 0 0 0 0 0 0 0 0 0 0 0 0 0 0 0 0 0 0 0 0 0 0 0 0 0 0 0 0 0 0 
profileCombined_18: 22 14 10 6 9 11 5 9 7 5 8 3 3 4 2 3 2 1 2 1 0 1 2 2 1 1 1 1 0 0 0 0 1 1 0 0 0 0 0 0 0 0 0 1 0 1 0 0 0 0 0 0 0 0 0 0 0 0 0 0 0 0 0 0 0 0 0 0 0 0 
costMen_18: 760
costWomen_18: 461
costCombined_18: 1221
sexEquality_18: 299

 --- 
matching_19: 54 3 39 16 55 62 49 5 17 64 52 57 41 46 56 68 9 22 60 42 20 14 1 50 21 30 58 15 24 26 32 29 11 38 7 31 69 2 45 4 19 13 66 27 63 70 65 53 33 25 59 6 47 18 67 35 44 36 8 34 10 61 28 37 51 40 48 23 43 12 
profileMen_19: 8 4 6 2 2 8 1 3 4 1 8 1 1 1 2 2 1 1 0 1 0 1 1 2 1 0 1 1 0 0 0 2 1 1 0 0 0 0 0 0 0 0 0 1 0 1 0 0 0 0 0 0 0 0 0 0 0 0 0 0 0 0 0 0 0 0 0 0 0 0 
profileWomen_19: 14 10 4 3 6 3 4 6 3 4 0 2 4 2 0 0 1 0 2 0 0 0 1 0 0 1 0 0 0 0 0 0 0 0 0 0 0 0 0 0 0 0 0 0 0 0 0 0 0 0 0 0 0 0 0 0 0 0 0 0 0 0 0 0 0 0 0 0 0 0 
profileCombined_19: 22 14 10 5 8 11 5 9 7 5 8 3 5 3 2 2 2 1 2 1 0 1 2 2 1 1 1 1 0 0 0 2 1 1 0 0 0 0 0 0 0 0 0 1 0 1 0 0 0 0 0 0 0 0 0 0 0 0 0 0 0 0 0 0 0 0 0 0 0 0 
costMen_19: 815
costWomen_19: 457
costCombined_19: 1272
sexEquality_19: 358

 --- 
matching_20: 51 3 39 16 55 47 49 5 17 64 52 57 41 46 56 68 9 22 60 42 20 54 1 50 21 30 58 15 24 26 32 29 11 38 7 31 69 2 45 4 19 13 66 14 63 70 65 53 33 25 59 6 62 18 67 35 44 36 8 34 10 61 28 37 27 40 48 23 43 12 
profileMen_20: 7 4 6 3 3 8 0 2 4 1 8 1 2 2 3 2 1 1 0 1 0 1 1 2 1 0 1 1 0 0 0 0 1 1 0 0 0 0 0 0 0 0 0 1 0 1 0 0 0 0 0 0 0 0 0 0 0 0 0 0 0 0 0 0 0 0 0 0 0 0 
profileWomen_20: 14 10 4 3 8 3 3 6 3 4 1 2 1 2 0 1 1 0 2 0 1 0 1 0 0 0 0 0 0 0 0 0 0 0 0 0 0 0 0 0 0 0 0 0 0 0 0 0 0 0 0 0 0 0 0 0 0 0 0 0 0 0 0 0 0 0 0 0 0 0 
profileCombined_20: 21 14 10 6 11 11 3 8 7 5 9 3 3 4 3 3 2 1 2 1 1 1 2 2 1 0 1 1 0 0 0 0 1 1 0 0 0 0 0 0 0 0 0 1 0 1 0 0 0 0 0 0 0 0 0 0 0 0 0 0 0 0 0 0 0 0 0 0 0 0 
costMen_20: 786
costWomen_20: 443
costCombined_20: 1229
sexEquality_20: 343

 --- 
matching_21: 51 3 39 16 55 62 49 5 17 64 52 57 41 46 56 68 9 22 60 42 20 54 1 50 21 30 58 15 24 26 32 29 11 38 7 31 69 2 45 4 19 13 66 14 63 70 65 53 33 25 59 6 47 18 67 35 44 36 8 34 10 61 28 37 27 40 48 23 43 12 
profileMen_21: 7 4 6 2 2 8 0 2 4 1 8 1 2 2 3 2 1 1 0 1 0 1 1 2 1 0 1 1 0 0 0 2 1 1 0 0 0 0 0 0 0 0 0 1 0 1 0 0 0 0 0 0 0 0 0 0 0 0 0 0 0 0 0 0 0 0 0 0 0 0 
profileWomen_21: 14 10 4 3 8 3 3 6 3 4 1 2 3 1 0 0 1 0 2 0 1 0 1 0 0 0 0 0 0 0 0 0 0 0 0 0 0 0 0 0 0 0 0 0 0 0 0 0 0 0 0 0 0 0 0 0 0 0 0 0 0 0 0 0 0 0 0 0 0 0 
profileCombined_21: 21 14 10 5 10 11 3 8 7 5 9 3 5 3 3 2 2 1 2 1 1 1 2 2 1 0 1 1 0 0 0 2 1 1 0 0 0 0 0 0 0 0 0 1 0 1 0 0 0 0 0 0 0 0 0 0 0 0 0 0 0 0 0 0 0 0 0 0 0 0 
costMen_21: 841
costWomen_21: 439
costCombined_21: 1280
sexEquality_21: 402

 --- 
matching_22: 51 3 39 16 55 62 49 5 17 64 52 57 29 27 56 68 9 22 60 42 20 54 1 50 21 30 58 15 41 26 32 46 11 38 7 31 69 2 45 4 19 13 66 14 63 70 65 53 33 25 59 6 47 18 67 35 44 36 8 34 10 61 28 37 24 40 48 23 43 12 
profileMen_22: 7 3 6 2 2 9 0 2 4 1 7 1 2 1 2 3 1 2 0 1 0 1 1 2 1 0 2 1 0 0 0 2 1 0 0 0 0 0 0 0 0 1 0 1 0 1 0 0 0 0 0 0 0 0 0 0 0 0 0 0 0 0 0 0 0 0 0 0 0 0 
profileWomen_22: 14 10 5 4 7 5 3 5 3 4 0 1 3 1 0 0 1 0 2 0 1 0 1 0 0 0 0 0 0 0 0 0 0 0 0 0 0 0 0 0 0 0 0 0 0 0 0 0 0 0 0 0 0 0 0 0 0 0 0 0 0 0 0 0 0 0 0 0 0 0 
profileCombined_22: 21 13 11 6 9 14 3 7 7 5 7 2 5 2 2 3 2 2 2 1 1 1 2 2 1 0 2 1 0 0 0 2 1 0 0 0 0 0 0 0 0 1 0 1 0 1 0 0 0 0 0 0 0 0 0 0 0 0 0 0 0 0 0 0 0 0 0 0 0 0 
costMen_22: 874
costWomen_22: 422
costCombined_22: 1296
sexEquality_22: 452

 --- 
matching_23: 8 3 39 16 55 47 49 5 17 64 52 57 41 46 56 68 9 22 60 42 20 54 1 50 21 30 58 15 24 26 32 29 11 38 7 31 69 2 45 4 19 13 66 14 63 70 65 53 33 25 59 6 62 18 67 35 44 36 40 34 10 61 28 37 27 51 48 23 43 12 
profileMen_23: 7 4 6 3 3 8 0 2 3 2 7 1 2 2 2 2 1 1 0 1 0 1 1 3 1 0 1 1 0 0 0 0 2 1 0 0 0 0 0 0 0 0 0 1 0 1 0 0 0 0 0 0 0 0 0 0 0 0 0 0 0 0 0 0 0 0 0 0 0 0 
profileWomen_23: 14 10 4 3 9 4 3 5 2 4 1 2 1 2 0 1 1 1 2 0 0 0 1 0 0 0 0 0 0 0 0 0 0 0 0 0 0 0 0 0 0 0 0 0 0 0 0 0 0 0 0 0 0 0 0 0 0 0 0 0 0 0 0 0 0 0 0 0 0 0 
profileCombined_23: 21 14 10 6 12 12 3 7 5 6 8 3 3 4 2 3 2 2 2 1 0 1 2 3 1 0 1 1 0 0 0 0 2 1 0 0 0 0 0 0 0 0 0 1 0 1 0 0 0 0 0 0 0 0 0 0 0 0 0 0 0 0 0 0 0 0 0 0 0 0 
costMen_23: 818
costWomen_23: 434
costCombined_23: 1252
sexEquality_23: 384

 --- 
matching_24: 8 3 39 16 55 62 49 5 17 64 52 57 41 46 56 68 9 22 60 42 20 54 1 50 21 30 58 15 24 26 32 29 11 38 7 31 69 2 45 4 19 13 66 14 63 70 65 53 33 25 59 6 47 18 67 35 44 36 40 34 10 61 28 37 27 51 48 23 43 12 
profileMen_24: 7 4 6 2 2 8 0 2 3 2 7 1 2 2 2 2 1 1 0 1 0 1 1 3 1 0 1 1 0 0 0 2 2 1 0 0 0 0 0 0 0 0 0 1 0 1 0 0 0 0 0 0 0 0 0 0 0 0 0 0 0 0 0 0 0 0 0 0 0 0 
profileWomen_24: 14 10 4 3 9 4 3 5 2 4 1 2 3 1 0 0 1 1 2 0 0 0 1 0 0 0 0 0 0 0 0 0 0 0 0 0 0 0 0 0 0 0 0 0 0 0 0 0 0 0 0 0 0 0 0 0 0 0 0 0 0 0 0 0 0 0 0 0 0 0 
profileCombined_24: 21 14 10 5 11 12 3 7 5 6 8 3 5 3 2 2 2 2 2 1 0 1 2 3 1 0 1 1 0 0 0 2 2 1 0 0 0 0 0 0 0 0 0 1 0 1 0 0 0 0 0 0 0 0 0 0 0 0 0 0 0 0 0 0 0 0 0 0 0 0 
costMen_24: 873
costWomen_24: 430
costCombined_24: 1303
sexEquality_24: 443

 --- 
matching_25: 8 3 39 16 55 62 49 5 17 64 52 57 29 27 56 68 9 22 60 42 20 54 1 50 21 30 58 15 41 26 32 46 11 38 7 31 69 2 45 4 19 13 66 14 63 70 65 53 33 25 59 6 47 18 67 35 44 36 40 34 10 61 28 37 24 51 48 23 43 12 
profileMen_25: 7 3 6 2 2 9 0 2 3 2 6 1 2 1 1 3 1 2 0 1 0 1 1 3 1 0 2 1 0 0 0 2 2 0 0 0 0 0 0 0 0 1 0 1 0 1 0 0 0 0 0 0 0 0 0 0 0 0 0 0 0 0 0 0 0 0 0 0 0 0 
profileWomen_25: 14 10 5 4 8 6 3 4 2 4 0 1 3 1 0 0 1 1 2 0 0 0 1 0 0 0 0 0 0 0 0 0 0 0 0 0 0 0 0 0 0 0 0 0 0 0 0 0 0 0 0 0 0 0 0 0 0 0 0 0 0 0 0 0 0 0 0 0 0 0 
profileCombined_25: 21 13 11 6 10 15 3 6 5 6 6 2 5 2 1 3 2 3 2 1 0 1 2 3 1 0 2 1 0 0 0 2 2 0 0 0 0 0 0 0 0 1 0 1 0 1 0 0 0 0 0 0 0 0 0 0 0 0 0 0 0 0 0 0 0 0 0 0 0 0 
costMen_25: 906
costWomen_25: 413
costCombined_25: 1319
sexEquality_25: 493

 --- 
matching_26: 8 3 39 16 55 47 49 5 17 64 52 57 29 27 56 68 9 22 60 42 20 54 1 50 21 30 58 15 41 26 32 46 11 38 7 31 69 2 45 4 19 13 66 14 63 70 65 53 33 25 59 6 62 18 67 35 44 36 40 34 10 61 28 37 24 51 48 23 43 12 
profileMen_26: 7 3 6 3 3 9 0 2 3 2 6 1 2 1 1 3 1 2 0 1 0 1 1 3 1 0 2 1 0 0 0 0 2 0 0 0 0 0 0 0 0 1 0 1 0 1 0 0 0 0 0 0 0 0 0 0 0 0 0 0 0 0 0 0 0 0 0 0 0 0 
profileWomen_26: 14 10 5 4 8 6 3 4 2 4 0 1 1 2 0 1 1 1 2 0 0 0 1 0 0 0 0 0 0 0 0 0 0 0 0 0 0 0 0 0 0 0 0 0 0 0 0 0 0 0 0 0 0 0 0 0 0 0 0 0 0 0 0 0 0 0 0 0 0 0 
profileCombined_26: 21 13 11 7 11 15 3 6 5 6 6 2 3 3 1 4 2 3 2 1 0 1 2 3 1 0 2 1 0 0 0 0 2 0 0 0 0 0 0 0 0 1 0 1 0 1 0 0 0 0 0 0 0 0 0 0 0 0 0 0 0 0 0 0 0 0 0 0 0 0 
costMen_26: 851
costWomen_26: 417
costCombined_26: 1268
sexEquality_26: 434

 --- 
matching_27: 51 3 39 16 55 47 49 5 17 64 52 57 29 27 56 68 9 22 60 42 20 54 1 50 21 30 58 15 41 26 32 46 11 38 7 31 69 2 45 4 19 13 66 14 63 70 65 53 33 25 59 6 62 18 67 35 44 36 8 34 10 61 28 37 24 40 48 23 43 12 
profileMen_27: 7 3 6 3 3 9 0 2 4 1 7 1 2 1 2 3 1 2 0 1 0 1 1 2 1 0 2 1 0 0 0 0 1 0 0 0 0 0 0 0 0 1 0 1 0 1 0 0 0 0 0 0 0 0 0 0 0 0 0 0 0 0 0 0 0 0 0 0 0 0 
profileWomen_27: 14 10 5 4 7 5 3 5 3 4 0 1 1 2 0 1 1 0 2 0 1 0 1 0 0 0 0 0 0 0 0 0 0 0 0 0 0 0 0 0 0 0 0 0 0 0 0 0 0 0 0 0 0 0 0 0 0 0 0 0 0 0 0 0 0 0 0 0 0 0 
profileCombined_27: 21 13 11 7 10 14 3 7 7 5 7 2 3 3 2 4 2 2 2 1 1 1 2 2 1 0 2 1 0 0 0 0 1 0 0 0 0 0 0 0 0 1 0 1 0 1 0 0 0 0 0 0 0 0 0 0 0 0 0 0 0 0 0 0 0 0 0 0 0 0 
costMen_27: 819
costWomen_27: 426
costCombined_27: 1245
sexEquality_27: 393

 --- 
matching_28: 54 3 39 16 55 62 49 5 17 64 52 57 41 46 56 68 9 22 60 42 20 14 1 50 21 30 58 27 24 26 51 29 11 38 7 31 69 2 45 10 19 13 66 12 63 70 32 53 33 25 59 6 47 18 67 15 44 36 8 34 65 61 28 37 35 40 48 23 43 4 
profileMen_28: 8 5 8 2 2 6 3 3 4 2 6 1 1 0 4 1 1 1 0 1 0 1 1 0 1 0 1 1 0 0 0 2 1 1 0 0 0 0 0 0 0 0 0 1 0 1 0 0 0 0 0 0 0 0 0 0 0 0 0 0 0 0 0 0 0 0 0 0 0 0 
profileWomen_28: 14 10 3 3 4 3 4 5 3 5 1 1 4 2 1 0 2 0 2 0 0 1 1 0 0 0 1 0 0 0 0 0 0 0 0 0 0 0 0 0 0 0 0 0 0 0 0 0 0 0 0 0 0 0 0 0 0 0 0 0 0 0 0 0 0 0 0 0 0 0 
profileCombined_28: 22 15 11 5 6 9 7 8 7 7 7 2 5 2 5 1 3 1 2 1 0 2 2 0 1 0 2 1 0 0 0 2 1 1 0 0 0 0 0 0 0 0 0 1 0 1 0 0 0 0 0 0 0 0 0 0 0 0 0 0 0 0 0 0 0 0 0 0 0 0 
costMen_28: 765
costWomen_28: 500
costCombined_28: 1265
sexEquality_28: 265

 --- 
matching_29: 54 3 39 16 55 47 49 5 17 29 52 57 41 46 50 68 9 23 60 42 40 14 1 20 21 30 31 27 7 26 51 56 11 38 65 24 69 2 45 10 19 13 66 58 63 70 32 53 33 25 59 6 62 18 64 15 44 36 8 34 22 61 28 37 35 67 48 12 43 4 
profileMen_29: 9 7 8 3 4 5 3 3 5 2 5 1 1 0 5 1 0 1 0 2 0 1 2 0 1 0 0 0 0 0 0 0 1 0 0 0 0 0 0 0 0 0 0 0 0 0 0 0 0 0 0 0 0 0 0 0 0 0 0 0 0 0 0 0 0 0 0 0 0 0 
profileWomen_29: 12 7 4 2 4 3 6 2 3 7 1 0 2 3 2 1 2 0 1 0 1 1 1 0 2 0 1 0 0 0 0 0 0 0 0 1 0 0 0 0 0 0 0 0 0 0 0 0 1 0 0 0 0 0 0 0 0 0 0 0 0 0 0 0 0 0 0 0 0 0 
profileCombined_29: 21 14 12 5 8 8 9 5 8 9 6 1 3 3 7 2 2 1 1 2 1 2 3 0 3 0 1 0 0 0 0 0 1 0 0 1 0 0 0 0 0 0 0 0 0 0 0 0 1 0 0 0 0 0 0 0 0 0 0 0 0 0 0 0 0 0 0 0 0 0 
costMen_29: 574
costWomen_29: 645
costCombined_29: 1219
sexEquality_29: 71

 --- 
matching_30: 54 3 39 16 55 47 49 4 17 29 52 57 41 46 50 68 9 12 60 42 40 14 1 20 21 30 31 27 7 26 51 56 11 38 65 24 69 2 45 10 19 13 66 58 63 70 32 53 33 25 59 6 62 18 64 15 44 36 8 34 22 61 28 37 35 67 48 43 5 23 
profileMen_30: 9 7 9 4 4 6 3 3 5 3 5 1 0 0 3 0 1 1 0 2 0 1 1 0 1 0 0 0 0 0 0 0 1 0 0 0 0 0 0 0 0 0 0 0 0 0 0 0 0 0 0 0 0 0 0 0 0 0 0 0 0 0 0 0 0 0 0 0 0 0 
profileWomen_30: 12 7 4 2 3 2 5 2 3 7 1 1 2 3 2 1 2 0 2 1 0 2 1 0 2 0 1 0 0 0 0 0 0 0 0 1 0 0 0 0 0 0 0 0 0 0 0 0 1 0 0 0 0 0 0 0 0 0 0 0 0 0 0 0 0 0 0 0 0 0 
profileCombined_30: 21 14 13 6 7 8 8 5 8 10 6 2 2 3 5 1 3 1 2 3 0 3 2 0 3 0 1 0 0 0 0 0 1 0 0 1 0 0 0 0 0 0 0 0 0 0 0 0 1 0 0 0 0 0 0 0 0 0 0 0 0 0 0 0 0 0 0 0 0 0 
costMen_30: 532
costWomen_30: 679
costCombined_30: 1211
sexEquality_30: 147

 --- 
matching_31: 54 3 12 16 55 47 33 4 17 64 52 57 5 46 50 68 9 49 60 42 20 14 19 29 21 30 31 27 7 26 51 56 11 38 65 24 69 2 45 10 66 13 39 58 63 70 32 53 41 25 59 6 62 18 67 15 44 36 8 34 22 61 28 37 35 40 48 43 1 23 
profileMen_31: 9 6 11 5 4 7 3 4 3 2 5 2 0 0 2 1 1 1 0 2 0 0 0 0 1 0 1 0 0 0 0 0 0 0 0 0 0 0 0 0 0 0 0 0 0 0 0 0 0 0 0 0 0 0 0 0 0 0 0 0 0 0 0 0 0 0 0 0 0 0 
profileWomen_31: 12 6 1 4 3 2 5 3 4 4 2 2 2 2 1 1 3 0 2 1 0 1 1 1 2 0 2 1 0 0 0 0 0 0 0 1 0 0 0 0 0 0 0 0 0 0 0 0 1 0 0 0 0 0 0 0 0 0 0 0 0 0 0 0 0 0 0 0 0 0 
profileCombined_31: 21 12 12 9 7 9 8 7 7 6 7 4 2 2 3 2 4 1 2 3 0 1 1 1 3 0 3 1 0 0 0 0 0 0 0 1 0 0 0 0 0 0 0 0 0 0 0 0 1 0 0 0 0 0 0 0 0 0 0 0 0 0 0 0 0 0 0 0 0 0 
costMen_31: 488
costWomen_31: 731
costCombined_31: 1219
sexEquality_31: 243

 --- 
matching_32: 54 3 67 16 55 47 21 44 17 27 52 57 32 46 42 68 9 50 33 4 12 14 19 20 70 30 31 59 7 26 51 40 11 34 29 49 69 2 45 10 65 13 38 58 63 5 24 53 41 56 39 6 62 18 64 15 60 25 8 66 22 61 28 37 35 36 48 43 1 23 
profileMen_32: 13 10 12 9 8 3 4 2 6 2 1 0 0 0 0 0 0 0 0 0 0 0 0 0 0 0 0 0 0 0 0 0 0 0 0 0 0 0 0 0 0 0 0 0 0 0 0 0 0 0 0 0 0 0 0 0 0 0 0 0 0 0 0 0 0 0 0 0 0 0 
profileWomen_32: 8 5 1 1 3 2 4 2 4 5 1 0 2 3 2 2 2 0 3 1 0 2 0 0 1 0 3 0 1 1 2 0 1 0 0 1 0 1 0 1 0 0 0 0 0 0 0 0 1 0 0 1 0 0 0 0 0 1 0 0 0 0 0 0 1 0 1 0 0 0 
profileCombined_32: 21 15 13 10 11 5 8 4 10 7 2 0 2 3 2 2 2 0 3 1 0 2 0 0 1 0 3 0 1 1 2 0 1 0 0 1 0 1 0 1 0 0 0 0 0 0 0 0 1 0 0 1 0 0 0 0 0 1 0 0 0 0 0 0 1 0 1 0 0 0 
costMen_32: 292
costWomen_32: 1143
costCombined_32: 1435
sexEquality_32: 851

 --- 
matching_33: 54 3 67 35 55 47 21 44 17 27 52 57 14 46 10 68 9 50 33 66 12 20 19 42 70 30 31 59 7 26 51 40 11 34 29 49 69 2 45 32 16 13 38 58 63 5 24 53 41 56 39 6 62 18 64 15 60 25 8 4 22 61 28 37 65 36 48 43 1 23 
profileMen_33: 15 15 12 7 7 2 2 2 5 1 2 0 0 0 0 0 0 0 0 0 0 0 0 0 0 0 0 0 0 0 0 0 0 0 0 0 0 0 0 0 0 0 0 0 0 0 0 0 0 0 0 0 0 0 0 0 0 0 0 0 0 0 0 0 0 0 0 0 0 0 
profileWomen_33: 8 5 1 1 2 1 3 3 4 3 1 0 1 3 2 2 2 1 4 1 0 2 0 0 2 0 1 1 1 1 2 1 2 0 0 1 0 1 0 1 0 1 0 0 0 0 0 0 1 0 0 0 0 0 0 1 0 1 0 0 0 0 1 0 0 0 1 0 0 0 
profileCombined_33: 23 20 13 8 9 3 5 5 9 4 3 0 1 3 2 2 2 1 4 1 0 2 0 0 2 0 1 1 1 1 2 1 2 0 0 1 0 1 0 1 0 1 0 0 0 0 0 0 1 0 0 0 0 0 0 1 0 1 0 0 0 0 1 0 0 0 1 0 0 0 
costMen_33: 263
costWomen_33: 1245
costCombined_33: 1508
sexEquality_33: 982

 --- 
matching_34: 54 3 67 35 55 47 21 44 17 27 52 57 32 46 42 68 9 50 33 66 12 14 19 20 70 30 31 59 7 26 51 40 11 34 29 49 69 2 45 10 16 13 38 58 63 5 24 53 41 56 39 6 62 18 64 15 60 25 8 4 22 61 28 37 65 36 48 43 1 23 
profileMen_34: 13 12 12 8 9 2 3 2 5 2 2 0 0 0 0 0 0 0 0 0 0 0 0 0 0 0 0 0 0 0 0 0 0 0 0 0 0 0 0 0 0 0 0 0 0 0 0 0 0 0 0 0 0 0 0 0 0 0 0 0 0 0 0 0 0 0 0 0 0 0 
profileWomen_34: 8 5 1 1 3 1 4 2 4 5 1 0 1 3 2 2 2 1 4 1 0 2 0 0 1 0 2 0 1 1 2 0 2 0 0 1 0 1 0 1 0 0 0 0 0 0 0 0 1 0 0 0 0 0 0 1 0 1 0 0 0 0 1 0 0 0 1 0 0 0 
profileCombined_34: 21 17 13 9 12 3 7 4 9 7 3 0 1 3 2 2 2 1 4 1 0 2 0 0 1 0 2 0 1 1 2 0 2 0 0 1 0 1 0 1 0 0 0 0 0 0 0 0 1 0 0 0 0 0 0 1 0 1 0 0 0 0 1 0 0 0 1 0 0 0 
costMen_34: 286
costWomen_34: 1169
costCombined_34: 1455
sexEquality_34: 883

 --- 
matching_35: 54 3 67 35 55 47 21 44 17 27 52 57 32 46 42 68 9 50 33 4 12 14 19 20 70 30 31 59 7 26 51 40 11 34 29 49 69 2 45 10 16 13 38 58 63 5 24 53 41 56 39 6 62 18 64 15 60 25 8 66 22 61 28 37 65 36 48 43 1 23 
profileMen_35: 13 12 13 9 8 2 3 2 5 2 1 0 0 0 0 0 0 0 0 0 0 0 0 0 0 0 0 0 0 0 0 0 0 0 0 0 0 0 0 0 0 0 0 0 0 0 0 0 0 0 0 0 0 0 0 0 0 0 0 0 0 0 0 0 0 0 0 0 0 0 
profileWomen_35: 8 5 1 1 3 1 4 2 4 5 1 0 1 3 2 2 2 1 3 1 0 2 0 0 1 0 3 0 1 1 2 0 2 0 0 1 0 1 0 1 0 0 0 0 0 0 0 0 1 0 0 0 0 0 0 1 0 1 0 0 0 0 0 0 1 0 1 0 0 0 
profileCombined_35: 21 17 14 10 11 3 7 4 9 7 2 0 1 3 2 2 2 1 3 1 0 2 0 0 1 0 3 0 1 1 2 0 2 0 0 1 0 1 0 1 0 0 0 0 0 0 0 0 1 0 0 0 0 0 0 1 0 1 0 0 0 0 0 0 1 0 1 0 0 0 
costMen_35: 277
costWomen_35: 1179
costCombined_35: 1456
sexEquality_35: 902

 --- 
Digraph 
(0,0) (0,0) (1,0) (0,0) (0,0) (0,1) (0,0) (0,1) (0,1) (0,0) (0,1) (0,0) (0,1) (1,0) (0,0) (0,0) (0,0) (0,1) 
(0,0) (0,0) (1,0) (0,0) (1,0) (0,1) (0,0) (0,0) (0,0) (0,0) (0,0) (0,0) (0,0) (0,0) (0,0) (0,0) (0,1) (0,0) 
(0,0) (0,0) (0,0) (0,0) (1,1) (0,1) (0,1) (1,0) (0,1) (1,0) (1,1) (0,0) (0,1) (1,1) (0,1) (0,1) (0,0) (0,1) 
(0,0) (0,0) (0,0) (0,0) (1,1) (1,1) (0,0) (0,0) (0,0) (1,0) (0,1) (0,0) (0,1) (1,1) (1,0) (0,0) (0,1) (0,0) 
(0,0) (0,0) (0,0) (0,0) (0,0) (1,1) (1,1) (1,0) (1,1) (1,0) (1,1) (0,1) (1,1) (0,1) (0,1) (0,0) (0,1) (0,1) 
(0,0) (0,0) (0,0) (0,0) (0,0) (0,0) (1,0) (1,0) (0,1) (0,1) (0,1) (0,0) (0,0) (0,0) (0,0) (0,0) (0,0) (0,1) 
(0,0) (0,0) (0,0) (0,0) (0,0) (0,0) (0,0) (1,0) (0,0) (1,0) (0,0) (0,0) (0,0) (1,1) (0,0) (0,1) (0,1) (0,0) 
(0,0) (0,0) (0,0) (0,0) (0,0) (0,0) (0,0) (0,0) (1,1) (0,0) (0,0) (1,0) (0,1) (0,0) (0,1) (0,0) (0,0) (0,0) 
(0,0) (0,0) (0,0) (0,0) (0,0) (0,0) (0,0) (0,0) (0,0) (0,0) (1,0) (0,0) (0,0) (1,0) (0,0) (0,0) (0,1) (0,0) 
(0,0) (0,0) (0,0) (0,0) (0,0) (0,0) (0,0) (0,0) (0,0) (0,0) (0,1) (0,0) (1,0) (0,0) (0,0) (1,0) (0,0) (0,0) 
(0,0) (0,0) (0,0) (0,0) (0,0) (0,0) (0,0) (0,0) (0,0) (0,0) (0,0) (0,0) (0,1) (1,1) (0,1) (0,0) (0,1) (1,0) 
(0,0) (0,0) (0,0) (0,0) (0,0) (0,0) (0,0) (0,0) (0,0) (0,0) (0,0) (0,0) (0,1) (0,0) (0,0) (0,0) (0,0) (1,0) 
(0,0) (0,0) (0,0) (0,0) (0,0) (0,0) (0,0) (0,0) (0,0) (0,0) (0,0) (0,0) (0,0) (0,1) (0,0) (0,0) (0,1) (1,0) 
(0,0) (0,0) (0,0) (0,0) (0,0) (0,0) (0,0) (0,0) (0,0) (0,0) (0,0) (0,0) (0,0) (0,0) (1,1) (0,0) (0,0) (0,0) 
(0,0) (0,0) (0,0) (0,0) (0,0) (0,0) (0,0) (0,0) (0,0) (0,0) (0,0) (0,0) (0,0) (0,0) (0,0) (1,0) (0,0) (1,0) 
(0,0) (0,0) (0,0) (0,0) (0,0) (0,0) (0,0) (0,0) (0,0) (0,0) (0,0) (0,0) (0,0) (0,0) (0,0) (0,0) (0,0) (0,0) 
(0,0) (0,0) (0,0) (0,0) (0,0) (0,0) (0,0) (0,0) (0,0) (0,0) (0,0) (0,0) (0,0) (0,0) (0,0) (0,0) (0,0) (0,0) 
(0,0) (0,0) (0,0) (0,0) (0,0) (0,0) (0,0) (0,0) (0,0) (0,0) (0,0) (0,0) (0,0) (0,0) (0,0) (0,0) (0,0) (0,0) 

Simple digraph 
2 5 7 8 10 12 13 17 
2 4 5 16 
4 5 6 7 8 9 10 12 13 14 15 17 
4 5 9 10 12 13 14 16 
5 6 7 8 9 10 11 12 13 14 16 17 
6 7 8 9 10 17 
7 9 13 15 16 
8 11 12 14 
10 13 16 
10 12 15 
12 13 14 16 17 
12 17 
13 16 17 
14 
15 17 







Duration_ModCreation_milliseconds: 254
Duration_GetSolution_milliseconds: 115
Duration_CollectRes_milliseconds: 0

Duration_Total_milliseconds: 661

exitCode 0
code/Main_GetStableMatchings completed
