50
1: 17 35 1 24 10 21 19 47 23 3 4 25 9 28 44 50 48 30 29 40 39 27 12 7 36 32 37 46 22 6 38 34 18 41 13 16 26 42 15 5 31 45 43 14 8 33 2 49 20 11
2: 9 1 34 11 16 49 27 10 33 30 25 46 4 42 43 20 2 37 8 19 47 3 22 17 35 7 6 28 15 24 13 14 48 12 38 21 36 41 23 26 44 50 31 18 29 5 39 40 45 32
3: 47 1 33 2 50 6 42 13 16 21 12 36 23 30 17 44 10 26 39 29 20 8 25 9 46 37 11 40 31 38 19 27 41 43 22 14 18 3 45 49 28 24 35 5 4 15 34 48 32 7
4: 5 38 2 36 46 23 1 31 41 10 32 39 21 43 11 13 37 9 19 16 8 7 30 28 40 14 33 4 49 6 45 35 17 24 50 42 44 18 20 27 3 29 47 15 12 34 48 22 25 26
5: 44 26 31 7 22 32 8 33 4 1 45 35 41 43 12 28 17 3 20 18 11 29 9 14 30 38 13 47 46 50 27 25 37 36 49 34 23 21 42 15 2 6 40 10 16 48 39 5 19 24
6: 18 4 25 20 32 33 31 9 45 43 7 44 10 46 28 5 14 29 26 36 6 12 24 40 15 42 11 41 22 8 27 47 35 38 3 37 16 21 34 17 39 2 30 50 23 49 19 13 1 48
7: 8 20 44 16 38 48 30 15 3 28 31 11 2 21 26 50 40 27 42 46 29 4 35 12 43 22 47 24 23 18 36 19 9 14 39 6 37 41 34 49 1 13 17 10 32 7 25 33 45 5
8: 47 13 23 39 8 24 34 14 9 44 5 43 4 46 31 20 3 10 28 19 33 21 41 12 1 17 6 27 50 2 11 18 32 42 40 15 16 29 25 48 7 30 22 35 49 26 38 36 45 37
9: 6 35 32 17 2 27 46 44 38 33 45 36 30 8 49 16 13 22 5 48 7 9 40 11 23 15 1 28 43 47 19 3 37 10 42 14 50 31 34 41 4 12 24 18 20 26 21 39 29 25
10: 19 43 7 18 26 32 23 45 44 15 29 33 16 4 48 20 30 2 8 39 24 5 42 37 14 1 12 34 35 6 10 49 46 17 28 21 11 41 22 47 40 31 9 25 36 50 3 13 27 38
11: 21 32 3 4 16 19 45 26 17 40 43 9 11 46 38 30 50 44 48 23 28 5 33 13 2 25 12 36 7 15 35 6 49 34 39 27 22 14 1 37 47 31 8 10 42 20 18 24 41 29
12: 42 16 49 10 37 25 22 15 28 41 35 21 27 29 26 17 46 24 30 7 36 23 18 44 20 32 40 11 14 50 45 12 19 5 48 9 47 1 31 2 33 4 6 38 3 43 8 39 34 13
13: 3 20 2 45 46 23 26 29 35 49 9 22 42 40 31 47 33 15 8 19 37 5 24 17 44 11 50 41 43 10 25 21 12 13 6 32 1 14 4 38 39 48 34 27 7 36 16 28 18 30
14: 8 22 45 41 31 23 29 2 1 3 26 25 37 32 15 17 13 18 14 35 28 30 34 48 40 36 47 42 5 20 33 19 9 39 4 50 12 11 7 43 16 27 46 44 24 21 49 10 6 38
15: 46 13 34 4 16 5 15 14 49 28 12 23 2 37 19 26 24 3 22 17 18 50 48 42 29 43 27 32 8 21 47 44 33 38 36 25 6 7 10 11 9 20 1 41 45 35 39 40 30 31
16: 28 5 38 16 25 19 47 4 20 48 46 8 13 6 18 45 37 11 33 41 39 36 9 49 50 2 32 42 17 44 27 43 23 12 15 7 3 10 31 14 1 40 21 29 35 34 24 22 30 26
17: 1 43 20 17 22 42 34 35 31 30 10 37 36 48 14 15 4 18 7 24 33 32 3 12 41 50 39 27 19 28 49 25 2 5 29 9 26 8 40 45 21 11 44 47 46 13 16 23 6 38
18: 46 4 19 1 38 22 30 41 47 3 6 37 32 10 15 7 50 23 42 2 36 45 49 28 29 20 21 8 9 24 18 26 35 27 43 44 12 48 31 13 16 11 17 33 5 39 40 25 14 34
19: 1 19 43 32 2 49 27 7 45 5 46 37 24 11 35 18 14 12 17 21 9 34 8 15 48 6 47 38 26 29 39 41 10 31 13 44 42 25 22 28 50 4 33 36 40 20 16 23 3 30
20: 26 11 36 40 35 44 14 22 39 47 37 23 12 45 1 13 18 41 5 8 19 7 46 9 50 3 16 28 25 4 32 10 31 24 29 2 34 30 6 38 49 42 48 27 17 15 21 33 20 43
21: 13 20 8 42 2 5 22 33 29 49 19 11 32 17 6 48 18 21 7 12 1 36 31 45 39 16 23 34 43 9 24 27 10 37 30 25 47 40 14 28 46 38 44 15 4 26 50 3 35 41
22: 33 38 10 14 9 8 26 20 13 29 35 28 43 34 24 16 49 17 48 15 3 42 45 18 2 39 46 5 36 11 25 21 27 37 50 40 31 22 12 23 32 30 7 19 4 41 44 47 1 6
23: 36 48 33 16 9 49 35 32 7 45 6 39 17 4 47 8 40 24 27 22 20 13 5 18 25 50 12 46 28 44 43 3 29 26 31 42 37 15 2 19 34 21 23 14 11 30 38 41 1 10
24: 5 4 31 14 21 42 28 19 10 44 49 38 29 40 8 23 25 9 33 15 48 36 6 39 7 46 17 2 35 26 20 3 24 45 43 30 16 41 13 50 11 12 37 18 34 47 27 32 1 22
25: 30 48 1 4 17 29 18 47 31 14 34 15 46 10 22 7 50 3 27 19 43 32 36 20 42 44 6 2 37 13 41 49 5 24 33 39 26 9 23 35 28 12 8 21 45 25 40 38 11 16
26: 4 37 1 31 26 32 2 5 50 47 33 25 22 7 42 29 13 44 46 30 38 49 39 48 24 6 41 40 36 12 27 43 14 20 15 35 34 19 8 23 17 3 28 11 21 9 45 16 18 10
27: 13 18 5 1 43 11 31 45 35 23 42 44 14 2 22 29 28 37 36 34 15 49 38 12 30 25 21 20 41 47 6 4 8 50 33 27 24 39 26 9 10 7 17 40 46 48 16 3 32 19
28: 40 45 32 38 49 7 39 12 23 34 27 1 31 50 48 21 5 44 2 37 36 17 29 18 16 3 14 20 41 19 22 35 4 8 28 43 9 15 13 6 33 46 47 11 42 10 26 25 30 24
29: 24 50 43 48 20 31 19 2 11 42 47 45 29 17 12 40 49 6 37 25 32 34 27 18 16 21 39 4 14 41 10 38 15 1 22 13 23 8 30 35 36 44 7 3 28 9 5 46 33 26
30: 8 34 37 19 47 31 13 3 35 15 7 20 14 10 9 39 2 48 42 27 38 25 21 44 6 43 12 28 16 29 32 40 4 5 11 22 45 1 41 26 36 18 24 50 17 33 30 23 49 46
31: 48 46 22 30 36 33 13 29 40 42 12 16 10 18 32 21 1 34 5 11 9 6 3 38 19 23 7 25 31 41 49 26 50 17 2 24 20 39 28 4 14 37 35 45 43 47 27 8 44 15
32: 24 7 14 13 26 32 50 39 46 11 47 38 30 43 28 36 23 22 8 10 42 48 41 21 45 2 34 37 29 5 18 33 6 40 27 44 31 4 12 15 16 17 20 25 3 35 49 19 9 1
33: 16 32 30 22 46 11 35 29 33 40 27 17 39 43 34 4 10 13 6 12 5 42 25 19 21 3 41 18 45 50 20 24 26 44 47 37 38 14 23 8 49 2 31 15 1 7 48 36 9 28
34: 6 13 9 39 19 2 17 29 22 8 10 41 45 40 15 4 31 26 34 18 28 20 12 27 21 3 50 42 30 49 25 38 43 7 24 14 35 33 48 46 16 5 44 37 23 11 36 1 32 47
35: 43 41 2 35 17 33 39 44 20 22 4 34 38 1 16 3 24 12 45 36 31 5 23 28 30 15 10 18 49 25 21 27 32 13 29 19 26 8 6 14 11 42 40 37 7 47 9 46 50 48
36: 30 33 38 2 41 46 32 10 4 9 24 5 14 6 42 15 39 20 40 25 21 11 44 50 13 37 31 35 19 49 16 26 18 29 47 36 3 22 8 23 45 27 34 1 43 17 48 12 7 28
37: 5 38 43 14 44 10 1 8 20 3 25 26 4 27 48 30 2 16 21 47 35 17 11 42 31 28 32 13 19 36 23 40 34 24 50 12 22 15 49 18 41 9 33 29 7 37 39 6 46 45
38: 35 28 48 9 46 8 6 18 22 3 33 24 30 15 50 23 44 27 17 43 21 39 20 42 16 37 26 4 12 47 34 11 40 7 31 14 45 10 36 41 13 2 32 29 19 49 25 5 38 1
39: 24 36 31 28 30 25 14 12 8 27 26 2 49 44 21 6 20 34 16 7 3 40 48 13 39 45 5 1 18 33 11 46 37 29 9 50 35 22 17 32 4 38 19 41 10 43 23 15 42 47
40: 19 46 16 18 9 4 8 40 39 42 37 7 5 20 35 30 41 26 43 31 15 11 38 12 29 27 1 21 14 50 24 2 36 47 13 33 22 49 23 6 32 28 48 10 45 44 25 34 3 17
41: 5 44 22 16 14 28 19 24 38 46 33 37 13 36 40 1 8 7 27 20 10 12 30 49 11 35 18 15 47 48 29 41 26 25 32 4 17 50 3 42 6 43 34 39 21 31 9 45 23 2
42: 21 34 18 20 10 33 47 41 3 6 14 24 28 15 2 49 9 22 13 7 37 8 25 40 50 32 42 35 39 44 43 19 48 16 29 17 5 26 4 46 30 31 27 23 38 45 12 11 1 36
43: 35 25 9 20 40 37 7 44 32 8 12 49 41 33 19 43 46 3 4 39 16 5 50 31 21 45 10 1 29 13 14 34 15 27 26 17 42 28 22 23 48 6 18 11 38 36 24 30 47 2
44: 39 4 18 49 8 27 46 26 45 23 14 22 34 44 5 37 42 10 43 50 28 7 6 3 11 25 1 41 47 33 24 29 13 20 21 16 40 15 9 32 38 48 36 30 2 17 31 12 35 19
45: 47 43 48 9 17 23 28 16 29 41 30 12 33 32 2 34 5 45 18 27 11 19 49 7 35 46 50 36 40 6 20 14 4 1 15 39 8 10 26 3 24 31 44 37 25 22 42 13 21 38
46: 27 31 39 14 8 32 37 41 35 3 19 22 5 13 15 20 50 30 16 43 17 6 11 18 40 1 24 45 26 42 46 2 49 10 38 25 21 44 7 34 12 4 47 23 9 33 36 28 29 48
47: 36 46 26 22 47 35 3 5 49 29 43 15 8 27 20 40 7 24 25 10 45 28 1 14 23 13 4 2 50 33 34 19 48 6 32 18 37 17 31 30 41 42 38 12 9 44 39 11 16 21
48: 48 6 8 39 43 41 12 29 47 23 46 1 32 28 21 15 34 25 20 50 19 17 42 5 9 16 26 11 3 37 2 14 22 36 30 27 4 40 13 38 7 45 18 31 10 24 44 33 49 35
49: 16 7 10 46 13 22 9 34 25 50 42 2 35 30 24 6 19 32 17 28 11 18 23 31 15 49 45 29 20 47 3 39 48 26 38 43 41 1 8 27 44 12 5 36 37 33 21 4 14 40
50: 27 5 13 2 35 26 49 34 39 41 37 10 14 20 33 3 8 31 28 50 17 15 36 16 30 40 1 7 4 43 18 42 22 23 47 25 9 32 38 48 12 45 6 46 44 19 24 21 29 11
1: 44 25 43 7 28 24 37 30 41 4 14 23 9 46 18 6 47 31 26 38 2 36 13 15 20 10 8 27 40 11 1 3 49 12 21 34 42 16 48 19 35 17 50 5 33 45 39 32 22 29
2: 8 12 36 46 3 1 45 6 37 17 18 41 29 50 28 47 24 11 26 25 13 42 33 5 32 44 23 16 9 20 14 39 15 40 35 10 7 19 48 34 2 27 4 31 38 21 43 22 30 49
3: 20 44 12 30 47 5 39 14 18 49 22 28 38 33 1 41 2 27 4 7 37 8 31 34 46 26 19 35 15 50 11 24 48 17 25 13 16 23 32 6 40 42 9 43 3 36 29 10 45 21
4: 3 36 44 30 10 2 26 43 15 50 9 13 5 11 48 47 29 40 20 16 7 32 4 49 46 14 38 25 19 41 31 8 12 17 34 6 23 39 42 18 24 35 28 27 37 22 33 21 45 1
5: 31 3 50 20 47 40 21 49 10 27 29 36 5 13 6 45 17 33 11 44 26 16 39 12 14 15 1 7 48 24 19 35 2 22 9 42 37 38 34 23 8 4 25 18 30 28 43 32 41 46
6: 25 13 21 45 26 9 27 18 6 3 37 19 35 12 11 15 50 16 36 29 7 17 10 43 23 46 31 30 28 4 38 49 1 39 41 22 34 32 40 20 8 44 5 33 24 48 14 2 47 42
7: 27 29 26 3 33 11 16 23 41 15 43 32 6 10 40 48 9 44 20 31 28 18 30 4 2 46 37 19 45 8 42 17 34 5 35 12 24 36 14 38 22 13 47 25 1 21 7 50 39 49
8: 24 28 48 3 49 1 16 36 8 5 21 44 6 47 34 35 19 7 10 17 37 42 29 20 2 4 30 41 27 45 40 23 15 46 33 13 18 22 26 11 43 9 14 12 39 25 38 32 31 50
9: 19 7 34 40 44 14 18 29 17 10 26 38 4 50 35 36 37 39 8 48 32 1 21 45 20 31 30 3 6 16 27 15 2 12 49 47 22 33 23 24 13 25 5 9 28 42 43 11 41 46
10: 47 2 24 8 36 21 7 17 12 43 30 32 5 40 3 14 48 49 42 13 33 26 1 41 39 44 45 23 11 29 18 15 20 10 4 37 50 19 35 38 46 9 6 34 25 28 16 27 22 31
11: 43 26 4 34 30 29 16 45 38 14 46 9 5 48 49 2 15 7 33 50 42 21 12 1 37 8 17 35 40 27 18 25 47 31 23 22 20 19 39 6 24 32 36 11 10 28 13 3 44 41
12: 14 12 3 25 11 36 24 44 50 6 42 21 30 23 34 18 49 27 46 37 48 17 2 20 16 28 45 13 40 47 26 41 22 31 19 10 32 9 33 4 35 1 7 8 38 29 5 43 15 39
13: 41 12 49 47 39 26 7 19 4 17 10 30 13 34 32 14 31 16 38 2 40 15 20 50 25 23 8 28 48 35 21 24 6 1 44 43 9 37 27 46 5 18 29 36 3 42 22 33 45 11
14: 37 48 36 40 26 30 32 2 16 9 11 10 42 14 19 22 23 47 1 31 35 7 27 28 45 43 8 25 46 24 12 4 18 29 20 39 33 38 13 34 3 15 17 5 41 6 44 50 49 21
15: 11 37 38 10 36 26 21 29 6 4 40 24 39 2 30 46 19 31 47 18 20 3 25 50 28 23 13 1 14 7 15 49 16 43 35 22 34 32 33 48 42 9 5 12 45 44 27 8 17 41
16: 34 23 19 16 10 43 44 42 24 1 25 9 35 21 39 8 20 28 22 29 12 13 32 14 4 46 26 30 36 17 7 49 38 50 41 18 37 6 40 11 5 33 47 31 45 2 15 48 27 3
17: 38 36 32 14 35 12 30 9 24 1 6 13 27 48 17 44 41 46 23 40 26 5 31 7 47 8 4 28 15 37 2 43 22 19 39 50 10 16 34 18 29 33 21 20 11 3 42 25 45 49
18: 2 33 21 11 17 12 18 24 31 26 35 3 43 29 6 39 37 20 41 27 15 48 50 46 22 13 40 16 38 36 32 10 4 30 44 7 5 14 23 1 9 28 47 19 34 49 45 42 8 25
19: 12 15 16 43 44 7 24 11 39 33 18 14 34 2 3 25 50 46 29 37 19 8 26 38 49 41 31 42 36 27 40 23 35 28 32 6 45 20 17 22 48 21 47 1 4 13 5 9 30 10
20: 1 25 40 14 38 7 13 45 44 2 20 35 43 30 8 50 15 26 28 5 6 46 12 37 33 34 29 47 11 32 9 17 48 49 16 31 4 36 41 10 39 27 21 24 19 3 22 18 42 23
21: 10 31 20 49 5 26 14 4 24 9 39 32 13 16 7 42 6 29 27 34 37 18 50 3 47 2 1 12 35 11 33 45 23 19 8 36 43 21 17 22 15 30 40 46 44 48 28 38 41 25
22: 27 38 31 22 20 45 41 35 23 34 13 21 30 3 14 19 24 16 26 11 15 49 50 33 36 1 44 6 32 46 43 17 2 37 42 28 9 7 29 18 5 8 10 4 47 48 40 12 25 39
23: 22 42 46 27 47 30 21 11 14 17 43 13 5 20 35 15 28 2 34 4 8 19 48 49 3 32 10 40 25 41 26 18 44 39 9 29 33 12 50 16 36 1 24 31 37 38 23 6 7 45
24: 24 2 8 50 18 42 34 20 29 36 39 49 46 33 17 37 31 25 43 10 15 1 21 47 13 9 3 23 30 26 5 7 14 38 35 6 19 40 41 28 16 22 32 12 4 27 45 11 48 44
25: 1 27 49 24 20 44 50 10 17 9 18 47 30 42 34 16 33 5 7 43 35 41 23 4 38 29 12 37 46 39 3 22 48 19 11 40 25 8 14 21 28 31 2 6 36 15 26 45 32 13
26: 34 49 3 23 14 21 8 26 15 16 19 50 4 31 38 42 2 10 30 9 39 11 44 22 35 48 41 47 7 45 24 46 27 5 18 13 12 43 36 29 17 32 20 28 33 37 25 1 40 6
27: 25 42 11 47 36 32 35 45 20 44 48 37 22 4 18 26 33 21 5 39 9 31 3 46 6 27 38 15 16 1 28 8 12 50 49 24 13 30 10 7 41 17 43 19 14 40 2 23 34 29
28: 24 47 48 16 23 35 30 49 6 31 29 12 8 44 34 5 15 9 7 43 13 28 45 32 26 3 25 41 1 46 22 36 20 37 27 19 50 39 10 4 14 21 40 38 17 2 18 42 33 11
29: 25 16 43 13 12 4 30 23 1 40 28 9 42 15 27 22 36 26 21 33 10 48 34 31 49 39 35 2 37 38 44 11 6 5 29 41 8 20 7 45 17 47 18 14 50 46 24 19 3 32
30: 2 1 16 42 8 34 19 3 22 49 30 21 5 46 11 15 24 40 14 4 18 9 7 6 47 17 26 23 43 35 28 33 13 27 38 45 32 20 39 37 25 12 50 10 29 41 48 44 36 31
31: 2 4 40 7 15 5 13 12 48 38 26 6 41 43 33 42 36 23 49 27 10 32 39 8 9 28 20 24 37 50 17 29 34 1 16 46 18 22 3 11 25 35 47 21 45 31 19 14 30 44
32: 17 19 45 29 47 25 36 28 39 46 31 26 44 1 11 15 21 2 42 12 6 35 20 5 10 37 40 32 23 43 24 48 41 34 49 18 9 13 50 16 7 4 8 38 3 27 14 33 30 22
33: 46 6 36 16 22 24 39 17 48 11 49 8 32 3 29 25 45 50 13 10 44 12 34 9 35 30 23 37 15 1 43 28 4 27 42 41 19 47 33 40 18 38 31 2 5 21 14 20 26 7
34: 11 13 21 7 6 9 28 5 19 15 44 46 8 16 40 47 22 32 17 10 33 39 30 14 20 4 31 27 2 35 48 36 37 25 1 34 12 50 24 49 26 43 41 3 42 23 18 45 29 38
35: 28 5 37 45 19 34 24 26 3 27 33 23 8 12 25 15 31 46 16 11 47 32 43 17 13 10 49 9 20 4 42 21 2 30 50 14 44 36 41 7 22 18 39 38 6 29 48 1 40 35
36: 37 24 13 49 23 46 1 44 39 34 17 31 47 42 25 36 11 7 48 20 16 29 30 10 45 12 18 27 38 5 33 21 14 4 32 40 2 15 43 8 6 50 3 9 26 19 28 41 35 22
37: 46 41 32 44 18 14 6 5 26 22 8 39 28 16 13 21 2 48 43 9 11 40 7 50 1 4 17 24 34 36 12 31 10 45 19 15 49 35 20 25 23 27 37 30 3 29 38 47 42 33
38: 38 21 32 9 25 44 37 49 29 13 2 28 5 35 3 42 14 34 48 47 31 39 24 40 6 16 7 45 10 19 8 22 30 18 46 36 23 20 17 33 43 50 4 27 1 26 15 12 41 11
39: 42 28 7 48 35 22 37 18 32 33 8 30 1 45 11 41 44 43 40 38 9 21 16 36 39 25 5 31 50 20 47 4 14 15 17 3 6 27 19 46 26 49 2 29 12 34 23 10 13 24
40: 49 18 9 12 19 1 23 28 3 50 41 33 37 31 36 32 22 8 44 26 15 4 34 43 20 40 46 21 47 7 5 14 38 25 2 42 13 6 45 27 17 10 24 29 30 35 48 16 39 11
41: 14 7 41 33 40 23 16 9 45 10 48 31 2 29 47 11 4 46 24 5 44 18 15 42 49 43 30 1 37 32 34 27 13 12 3 19 36 6 38 26 20 17 28 8 25 50 22 35 21 39
42: 49 12 32 37 35 46 19 1 2 45 40 30 25 10 14 23 9 42 41 3 11 26 50 28 13 16 6 20 31 15 21 17 7 48 36 39 38 43 24 47 27 4 22 18 8 44 34 5 29 33
43: 9 49 34 44 4 25 18 10 3 30 26 38 12 2 33 43 39 36 23 45 35 8 42 41 5 20 15 17 16 27 28 48 40 13 7 37 6 46 29 50 11 24 22 19 31 14 32 1 47 21
44: 3 11 12 9 46 13 10 18 8 41 33 43 39 6 2 5 23 36 1 16 42 30 7 35 48 44 38 32 27 37 26 14 24 50 22 28 20 31 40 4 21 15 29 34 49 47 45 17 19 25
45: 39 3 14 24 38 42 21 35 34 5 15 16 6 18 25 40 47 17 13 20 23 31 29 43 30 12 27 22 8 48 9 37 10 7 1 44 33 28 49 4 2 32 36 26 11 41 19 45 46 50
46: 43 39 14 48 12 42 21 24 5 16 35 44 50 4 13 10 46 29 22 45 27 34 38 25 49 47 20 23 30 19 2 8 3 6 41 9 31 36 15 26 1 33 11 40 28 7 18 37 17 32
47: 27 31 12 4 16 36 40 33 8 26 34 45 39 24 21 1 48 18 22 17 5 41 15 32 19 23 46 3 43 30 29 9 49 10 7 28 20 44 38 6 14 2 42 11 35 47 25 37 50 13
48: 45 36 30 26 1 5 39 22 28 23 3 8 14 21 20 24 13 49 46 4 43 16 19 9 25 40 29 12 17 10 32 11 6 2 33 18 44 48 50 34 27 31 38 41 35 37 15 7 42 47
49: 18 27 25 33 14 38 32 20 7 1 41 44 4 22 34 8 50 13 29 11 24 15 9 30 28 40 17 2 3 42 36 21 6 12 35 5 23 48 31 46 19 49 43 37 39 10 47 26 16 45
50: 46 24 21 42 40 18 44 31 20 41 49 35 47 22 28 29 27 2 23 19 25 17 45 1 15 8 43 30 50 10 26 13 5 38 39 34 3 48 11 33 7 14 4 32 12 6 9 16 36 37

instance parameter information
numMenOrWomen: 50
minLenPref: 50
maxLenPref: 50
skew: 0

