50
1: 46 16 45 4 24 14 7 28 9 15 3 42 49 44 29 35 11 25 13 32 33 39 22 20 38 17 31 19 10 40 43 50 47 2 5 30 12 21 41 23 48 8 27 18 34 36 6 26 1 37
2: 5 33 42 3 18 16 19 49 2 22 6 10 40 25 28 4 30 29 14 46 7 9 34 11 1 45 41 21 23 44 17 13 32 37 50 43 35 20 24 47 26 15 39 12 27 8 31 48 38 36
3: 35 38 32 15 1 46 7 31 39 47 33 16 5 42 8 24 37 28 40 36 6 19 44 41 4 11 12 3 20 23 50 17 18 21 34 26 2 30 27 9 10 14 22 29 13 25 43 45 48 49
4: 26 48 32 34 1 40 11 29 31 44 46 39 35 15 49 38 9 37 50 17 42 12 36 33 19 6 28 43 10 8 41 45 5 27 18 14 16 30 3 25 13 47 24 2 7 22 23 21 20 4
5: 33 31 50 45 17 3 15 14 21 44 23 34 2 39 41 19 38 26 13 49 40 5 1 42 47 36 32 22 7 4 37 27 46 35 28 24 11 16 12 25 18 6 29 30 48 20 43 8 10 9
6: 47 34 13 11 50 27 38 29 5 21 25 32 35 14 43 3 7 46 28 8 17 36 37 16 45 1 42 48 44 40 10 6 24 39 33 20 26 12 23 19 30 2 31 49 9 4 22 41 15 18
7: 42 7 1 12 3 24 9 32 35 31 25 13 48 36 26 29 34 28 16 23 40 41 15 44 43 50 6 19 2 11 17 5 18 47 20 38 46 33 4 22 10 21 8 37 27 39 45 30 49 14
8: 11 36 30 26 24 41 28 49 40 23 45 2 39 50 16 7 1 18 35 4 27 46 44 3 38 8 14 33 12 31 20 25 42 29 32 34 48 19 43 6 13 10 22 47 5 21 37 9 15 17
9: 28 26 21 18 11 38 42 5 29 14 48 20 36 6 17 23 43 16 3 39 30 15 32 8 7 41 37 9 34 2 1 13 45 4 24 33 40 47 10 22 12 25 44 27 35 46 50 31 49 19
10: 47 2 20 46 11 9 32 28 49 37 5 4 40 16 30 50 43 41 34 19 12 22 10 1 42 39 23 13 24 33 21 14 25 38 3 7 44 26 45 35 27 29 18 8 31 6 36 17 48 15
11: 19 39 11 30 29 10 15 31 12 4 34 18 5 8 32 48 47 42 16 49 21 9 27 6 17 2 1 46 45 36 43 44 7 35 22 33 28 13 3 25 50 40 37 24 14 38 20 23 41 26
12: 39 46 4 12 17 11 41 28 23 2 26 49 16 13 14 38 40 3 34 35 22 15 10 31 20 9 18 29 27 7 37 30 36 1 24 19 42 21 47 43 45 50 5 6 25 32 48 33 8 44
13: 5 20 31 42 23 25 8 34 2 17 47 9 19 18 50 7 10 11 46 38 29 6 45 43 40 21 28 41 22 36 37 14 44 39 1 32 48 4 30 15 24 49 26 35 13 12 3 33 16 27
14: 28 9 23 8 13 42 2 34 17 48 5 45 24 10 11 37 36 31 39 44 22 49 26 16 14 25 47 7 3 27 32 19 46 30 1 35 21 6 29 43 41 33 20 18 50 15 4 38 12 40
15: 47 30 39 14 45 13 2 11 27 46 50 40 32 18 10 43 16 15 21 1 19 41 22 26 36 34 48 42 17 3 20 9 23 8 49 4 28 6 24 12 37 25 5 38 35 7 44 29 31 33
16: 4 45 21 8 40 32 49 28 47 11 29 31 17 30 46 19 3 6 38 20 36 15 5 39 10 14 44 9 25 16 22 50 18 33 27 48 1 26 42 35 23 34 2 43 24 37 13 12 41 7
17: 1 28 44 50 4 31 7 27 42 46 21 35 22 8 16 9 34 40 20 49 38 17 26 10 32 23 18 19 2 15 24 25 29 48 12 5 33 14 30 45 43 3 37 41 39 6 36 47 11 13
18: 1 11 14 35 45 12 37 43 20 42 5 50 44 15 23 6 10 33 41 30 29 18 22 7 13 3 32 27 24 40 8 36 21 47 28 31 34 25 16 9 17 38 49 2 39 26 19 4 46 48
19: 11 8 21 40 19 18 3 14 44 9 15 20 41 17 45 34 50 47 30 33 39 38 42 5 6 7 31 10 32 22 29 48 25 23 37 12 4 27 35 43 46 49 36 1 16 28 26 24 13 2
20: 9 2 7 6 3 38 37 10 47 15 24 42 19 39 27 32 49 20 18 36 40 41 11 29 46 4 16 13 33 12 45 31 28 30 34 44 23 25 26 17 5 50 1 8 21 48 35 43 22 14
21: 20 1 39 29 27 18 44 36 6 21 49 28 26 42 35 2 9 13 19 41 40 48 38 11 33 14 17 22 34 43 32 30 16 25 23 47 45 12 5 7 24 31 15 3 10 8 37 50 46 4
22: 12 19 3 41 11 7 9 37 47 17 33 26 34 40 43 5 44 35 1 31 20 25 4 42 2 15 36 23 32 45 10 16 48 28 39 6 50 13 18 14 49 46 30 38 27 29 8 24 22 21
23: 47 35 1 36 19 45 14 15 28 4 16 24 6 11 42 17 44 38 18 13 9 26 50 31 20 22 27 8 41 46 10 33 37 25 32 21 30 2 43 29 23 3 7 49 40 48 39 12 5 34
24: 35 15 9 24 8 38 28 34 48 17 50 16 43 14 41 21 6 27 7 44 1 31 12 3 25 46 47 30 19 39 5 26 37 4 11 10 49 33 13 20 32 42 22 29 18 36 45 23 2 40
25: 39 47 6 46 44 16 40 30 33 43 28 8 20 5 18 21 4 25 49 34 26 12 15 22 3 42 29 1 45 7 10 38 23 27 36 48 17 50 31 32 37 13 2 14 41 19 35 11 9 24
26: 19 35 38 20 30 5 40 26 15 29 4 23 27 8 49 9 10 31 43 32 11 46 3 33 16 47 21 7 6 14 18 36 28 50 34 25 2 22 24 39 37 12 48 13 41 1 44 42 17 45
27: 46 17 5 2 25 35 26 38 9 11 27 3 16 44 12 6 20 8 42 47 34 37 48 4 18 22 7 19 10 29 39 21 32 23 36 1 15 28 50 45 40 41 43 33 24 13 31 14 30 49
28: 18 39 41 6 7 26 33 44 2 19 36 37 49 40 34 24 45 10 35 20 30 9 28 46 23 14 21 4 25 8 31 27 11 12 5 48 47 3 32 17 1 38 13 29 15 50 22 43 16 42
29: 3 25 22 47 10 7 19 31 33 48 45 41 13 11 14 40 24 16 1 9 43 20 35 2 17 50 4 42 27 6 18 34 8 44 49 26 39 29 37 21 12 30 23 38 28 46 32 5 36 15
30: 48 22 45 37 23 49 16 21 10 1 18 47 15 44 38 41 8 7 30 3 43 34 4 25 19 28 36 33 39 31 12 46 13 6 32 29 9 17 24 50 27 40 42 11 20 2 5 14 26 35
31: 31 17 23 14 42 36 41 49 4 25 44 2 22 20 33 32 38 48 16 24 39 47 29 10 37 35 19 8 9 7 5 12 15 3 43 45 40 27 50 26 13 6 30 1 28 11 34 21 46 18
32: 32 19 4 3 9 49 13 6 26 24 11 50 15 31 2 14 25 29 1 8 34 12 30 20 22 47 16 18 42 23 41 7 48 17 43 44 46 21 40 39 36 5 37 10 35 45 28 38 33 27
33: 37 36 1 49 47 25 38 30 43 23 24 9 10 40 17 46 11 48 45 12 14 5 27 29 2 26 15 41 39 8 31 20 7 44 3 13 28 32 22 4 35 50 33 16 18 34 19 21 6 42
34: 31 47 11 8 42 22 48 2 41 13 43 26 49 32 3 33 50 29 20 38 24 39 15 1 46 5 45 17 25 7 19 10 6 23 34 35 9 36 21 44 37 16 28 18 14 30 27 40 4 12
35: 6 7 33 3 36 16 30 27 40 49 9 39 12 48 42 13 1 37 25 32 35 41 4 43 47 21 50 14 17 22 45 18 34 11 38 29 19 23 46 26 20 5 28 31 8 44 10 24 2 15
36: 7 38 10 50 5 16 42 25 30 33 3 31 44 20 15 23 40 32 24 26 17 28 11 46 27 36 2 8 45 34 47 22 49 12 9 43 21 18 19 29 6 1 14 13 39 41 37 48 35 4
37: 4 12 42 17 23 30 13 33 43 9 21 28 38 6 19 26 47 14 27 50 15 41 24 46 34 20 40 18 36 1 31 7 48 22 37 49 29 39 2 44 11 45 16 35 3 10 32 25 5 8
38: 38 26 7 20 5 31 11 2 49 46 13 30 40 17 42 32 28 4 19 41 27 9 33 16 6 1 37 3 10 35 25 43 22 23 24 39 48 44 12 8 45 50 18 14 47 34 36 15 29 21
39: 14 1 24 34 17 2 8 50 26 35 42 16 23 38 25 3 36 5 48 43 49 13 40 44 21 27 20 46 9 41 45 30 33 4 19 31 12 39 11 7 22 28 37 32 47 15 6 29 10 18
40: 39 5 18 42 25 30 34 1 36 47 8 43 22 50 31 10 49 24 14 27 44 17 12 23 35 41 40 28 13 7 45 29 16 2 3 4 37 6 21 15 38 9 48 20 11 46 19 26 33 32
41: 1 31 2 33 16 46 8 26 23 27 4 37 40 43 47 6 48 13 45 34 29 19 18 38 7 15 49 12 22 36 50 30 21 3 32 41 25 35 11 9 5 14 28 10 17 44 24 20 39 42
42: 16 14 20 48 34 31 45 15 38 28 9 26 35 4 40 46 50 27 6 47 1 5 3 29 2 24 25 36 21 33 41 30 19 11 18 43 39 44 12 42 32 23 22 37 13 7 8 49 10 17
43: 6 37 12 27 23 19 9 42 8 38 21 5 34 41 4 29 43 30 28 40 24 35 1 47 39 13 16 22 31 50 48 15 33 14 36 10 45 20 44 32 18 11 25 46 2 3 17 26 7 49
44: 7 3 30 15 19 6 35 48 41 38 49 29 21 46 9 8 23 42 16 26 12 34 10 36 27 43 18 47 1 44 4 32 5 28 39 33 14 22 25 17 45 24 31 37 50 20 40 2 11 13
45: 37 36 13 25 42 39 45 8 3 4 41 43 49 18 17 26 19 5 32 47 34 50 40 24 16 14 46 11 10 44 21 22 15 28 1 31 27 30 2 29 23 20 6 33 12 9 7 48 38 35
46: 45 9 24 41 3 48 49 36 29 35 50 23 10 7 34 31 13 12 16 37 20 42 6 15 19 25 1 22 30 46 8 5 11 39 40 28 26 21 4 43 14 2 32 27 47 33 18 44 38 17
47: 18 41 34 22 35 15 12 49 28 1 42 16 7 37 2 36 50 31 48 26 8 24 14 25 5 3 32 17 4 27 13 23 39 45 38 47 21 30 33 19 11 44 20 10 40 29 43 9 46 6
48: 31 18 10 50 13 9 36 16 43 46 12 34 8 32 38 26 30 14 40 22 39 3 48 37 11 44 2 15 27 29 33 47 35 42 5 23 24 28 7 20 25 6 21 49 4 41 45 19 17 1
49: 4 24 17 39 43 29 45 31 26 30 1 50 9 40 42 47 27 38 49 36 48 41 20 44 10 11 5 19 35 8 2 18 22 14 33 34 25 32 3 23 16 21 7 12 46 6 37 15 13 28
50: 35 31 7 46 49 14 28 26 20 11 48 24 16 42 3 22 23 34 41 43 19 40 13 2 30 50 21 6 47 38 44 18 5 29 33 25 8 1 17 4 10 15 9 39 32 36 45 27 37 12
1: 45 22 39 26 42 41 50 23 49 25 27 9 1 34 6 10 31 15 11 43 2 5 3 28 46 17 4 33 12 18 44 8 47 24 37 19 29 16 21 14 40 20 35 38 36 30 32 48 7 13
2: 23 11 25 1 48 31 33 45 5 14 29 8 35 46 50 34 13 2 28 40 7 47 24 43 27 32 17 9 39 16 6 30 42 44 49 10 21 19 26 20 12 38 4 22 18 36 41 37 15 3
3: 33 40 46 26 3 13 20 42 35 29 34 10 25 50 12 39 48 14 9 8 30 21 23 28 44 47 1 38 49 17 31 22 6 32 2 37 19 5 24 16 43 15 27 36 7 4 11 41 18 45
4: 20 22 19 1 21 50 11 36 35 25 16 23 28 2 17 44 49 8 37 26 10 34 4 32 42 5 14 3 48 27 33 6 18 46 30 31 38 39 9 47 43 29 15 13 7 41 40 45 12 24
5: 6 38 47 27 5 40 20 49 35 42 34 17 25 3 45 9 26 41 12 39 14 11 28 33 30 16 1 2 36 4 7 29 18 15 13 21 37 32 8 31 46 50 22 43 44 10 23 48 24 19
6: 23 27 26 41 45 8 1 7 12 22 13 16 3 17 42 20 9 2 39 5 35 11 34 32 25 31 44 30 19 29 21 4 6 36 14 24 10 49 47 28 15 18 46 38 40 50 48 43 33 37
7: 9 36 6 24 10 50 25 47 45 7 13 16 20 11 29 44 39 31 21 32 30 34 14 12 46 27 4 40 37 38 5 1 33 17 18 43 15 3 19 42 41 48 2 49 22 8 28 35 23 26
8: 23 24 48 50 28 4 42 30 45 19 34 14 21 46 22 16 7 29 36 18 38 10 49 44 31 3 6 8 25 35 32 2 15 47 26 39 27 9 12 33 11 43 20 1 13 5 37 41 40 17
9: 36 33 46 5 4 15 10 41 26 18 42 16 44 35 12 13 20 47 24 1 37 45 34 43 40 27 48 49 22 11 25 6 31 9 38 7 14 39 17 8 3 30 50 32 2 29 21 23 28 19
10: 28 35 3 22 27 34 42 26 8 33 32 2 16 1 37 24 13 21 18 6 43 30 45 46 15 31 48 36 40 29 38 14 25 50 20 19 23 49 9 39 4 11 5 17 10 12 44 41 47 7
11: 39 50 28 43 24 37 48 35 38 3 12 7 32 34 1 9 17 2 49 5 13 18 27 15 30 42 31 45 29 36 8 11 41 6 20 25 33 26 10 22 14 23 46 16 40 47 21 44 4 19
12: 38 6 43 29 34 5 10 27 4 20 2 40 24 49 42 39 25 14 46 7 3 17 13 23 35 31 8 21 30 36 33 37 48 47 1 44 45 15 18 50 22 16 41 12 9 19 32 11 28 26
13: 28 30 46 11 37 8 10 33 27 12 1 25 50 22 32 15 23 43 39 29 48 21 20 16 34 44 18 17 35 31 24 45 36 3 9 40 2 14 4 13 42 41 38 26 49 5 47 7 6 19
14: 40 2 39 24 31 1 21 3 32 5 17 27 20 22 36 33 26 16 37 50 14 35 4 8 43 29 42 18 48 46 9 15 7 45 13 38 30 10 12 23 41 28 11 34 19 25 6 47 44 49
15: 22 5 30 39 19 42 37 15 9 4 24 12 29 44 50 28 31 45 17 8 10 18 25 46 27 36 48 1 23 13 49 3 41 7 16 20 11 47 43 34 14 35 6 26 21 2 33 32 38 40
16: 13 38 20 35 17 41 26 23 5 21 47 49 46 43 28 19 3 9 31 37 2 39 30 10 27 33 11 7 45 25 14 24 18 40 6 36 29 8 32 16 15 4 34 42 12 44 50 22 1 48
17: 22 50 3 11 20 25 42 31 26 44 16 15 2 33 37 7 49 46 39 32 45 17 10 28 12 47 34 24 23 14 5 9 18 13 29 19 1 41 27 8 38 6 30 48 36 21 43 4 35 40
18: 17 6 34 26 9 5 45 47 48 49 25 20 36 14 13 43 46 33 32 23 11 16 29 4 42 12 22 41 1 24 3 27 50 31 44 15 38 7 2 18 39 30 10 21 37 35 28 8 40 19
19: 16 17 7 42 33 27 46 37 28 30 49 41 12 18 9 44 43 32 39 20 47 19 4 50 3 8 36 6 21 31 48 10 40 26 5 2 14 45 11 34 13 24 38 25 35 22 23 15 1 29
20: 25 7 48 13 32 43 29 1 47 39 45 34 5 35 41 14 16 4 37 28 15 10 30 33 20 19 49 50 38 8 22 6 11 40 27 2 42 26 12 3 21 24 46 9 17 23 44 18 36 31
21: 4 36 28 27 38 2 14 47 35 6 37 39 25 32 11 8 3 48 12 41 43 46 29 23 1 10 15 5 24 49 20 9 34 17 22 16 21 31 7 33 40 44 50 30 19 42 26 45 18 13
22: 48 4 13 41 38 44 27 3 19 47 37 25 33 1 22 36 11 9 5 2 30 49 43 12 6 35 14 18 23 17 26 28 40 20 8 39 24 10 7 15 29 45 42 50 31 46 32 16 34 21
23: 32 12 6 14 22 36 20 47 33 15 34 23 31 42 18 2 4 19 46 21 16 50 41 30 44 45 49 43 29 17 3 11 8 1 35 10 24 9 28 5 48 7 25 38 39 13 27 37 26 40
24: 47 31 38 19 28 49 11 8 21 16 1 7 48 26 12 42 9 50 41 2 34 36 20 5 45 3 17 24 37 39 46 44 14 6 23 18 27 13 33 10 15 30 43 32 35 4 40 22 29 25
25: 32 33 3 9 15 8 44 6 7 43 20 49 37 16 39 41 30 13 1 26 34 28 47 40 29 10 24 4 11 14 2 21 42 48 35 5 22 18 23 27 31 50 46 17 45 25 12 19 36 38
26: 45 27 2 32 9 35 37 3 42 36 12 50 14 43 22 40 19 47 29 34 39 44 28 24 1 4 31 49 17 15 33 11 48 13 5 41 6 25 38 23 7 10 21 46 20 8 30 26 16 18
27: 29 8 13 23 47 10 46 31 5 18 17 7 34 43 16 24 48 32 37 40 25 27 14 45 15 6 26 39 9 38 44 35 22 2 50 1 12 21 4 19 49 11 3 41 30 42 33 28 36 20
28: 25 50 49 12 6 26 8 33 19 9 37 14 38 7 11 48 17 21 1 34 30 46 45 22 40 16 39 28 35 43 13 29 47 5 10 27 2 15 41 3 32 31 20 44 24 4 18 42 36 23
29: 44 12 50 24 37 17 46 13 49 6 41 27 48 21 1 33 22 29 38 32 7 34 2 9 4 43 39 14 11 20 30 3 8 40 5 16 47 26 42 10 45 35 31 18 25 15 28 19 36 23
30: 12 1 20 18 44 10 11 50 9 30 47 7 16 46 31 29 35 34 4 24 14 17 42 48 38 26 23 3 25 27 6 8 40 43 41 5 33 45 13 19 39 22 32 37 15 49 21 36 28 2
31: 10 5 45 4 23 15 20 41 9 40 21 30 33 8 24 13 35 17 25 37 49 18 27 43 12 26 6 48 47 46 38 34 3 1 11 2 42 50 32 36 19 14 7 16 31 44 39 22 28 29
32: 9 39 4 20 26 28 31 14 17 45 12 13 41 38 25 24 36 33 2 19 1 49 37 48 16 10 23 18 46 22 6 32 44 43 3 47 5 7 40 21 35 30 15 8 50 34 11 27 42 29
33: 24 20 40 47 27 21 12 1 45 8 10 42 41 17 13 33 11 44 36 48 9 39 14 26 16 49 23 50 18 5 30 37 6 3 38 15 46 34 2 19 25 22 32 7 4 28 29 35 43 31
34: 47 1 29 13 19 39 5 18 26 20 38 2 34 33 32 25 12 35 10 37 48 21 3 15 24 46 6 8 23 31 9 49 50 7 45 27 14 42 36 22 44 30 16 4 28 17 40 41 11 43
35: 37 6 33 28 18 20 3 43 31 39 48 8 7 49 41 12 14 30 25 36 22 26 32 19 29 24 17 42 40 11 9 13 44 5 16 15 34 21 38 50 35 4 47 46 1 10 23 45 27 2
36: 18 43 16 47 34 17 6 4 45 33 25 8 14 36 40 28 39 49 46 37 50 24 26 30 5 41 32 15 27 19 9 12 2 42 31 11 38 22 20 35 1 7 48 29 3 13 44 21 10 23
37: 24 17 22 1 42 25 15 40 33 27 8 13 46 45 7 39 5 47 41 32 37 36 26 43 23 30 6 50 19 48 49 35 12 20 14 34 29 10 3 21 44 9 2 18 4 28 16 38 31 11
38: 15 10 2 40 6 8 4 43 47 11 7 33 31 44 9 38 49 1 18 22 48 3 36 12 42 45 39 14 17 30 37 23 34 13 20 5 25 19 16 50 32 21 28 41 24 29 46 26 27 35
39: 13 11 1 23 15 41 10 5 25 14 20 34 42 32 29 39 4 49 22 18 28 45 38 24 33 16 48 44 30 8 50 3 36 35 17 47 12 26 43 31 7 2 9 46 27 19 37 40 21 6
40: 32 44 14 4 20 49 25 16 23 17 45 24 26 47 42 43 39 41 9 46 28 1 5 37 34 48 29 27 8 36 11 3 22 40 21 19 7 12 30 33 31 35 15 2 13 18 10 50 38 6
41: 19 42 8 17 9 39 30 3 27 21 10 23 43 5 7 47 34 12 16 15 29 31 25 44 41 13 14 26 20 48 45 36 38 46 24 22 50 28 11 6 4 37 49 35 2 40 18 33 1 32
42: 40 47 34 41 23 17 20 32 19 10 38 37 1 27 46 2 5 6 15 36 18 25 22 11 30 48 12 39 16 8 29 3 50 26 43 31 4 42 14 9 33 7 24 44 28 35 45 49 13 21
43: 17 3 29 36 9 13 20 41 15 6 16 47 21 40 43 12 14 33 7 23 2 24 18 31 22 35 19 11 45 27 5 10 30 32 49 8 46 25 42 28 38 48 4 1 50 37 39 44 34 26
44: 16 22 11 21 34 33 4 40 8 26 18 12 38 46 44 13 20 30 50 37 15 31 10 27 32 3 7 9 49 23 42 28 35 36 39 47 41 1 25 24 5 29 45 43 48 19 17 6 14 2
45: 22 5 35 20 32 25 33 27 26 19 17 28 15 49 23 4 6 21 12 37 18 36 45 14 38 30 40 34 24 42 48 43 2 31 29 8 50 44 3 41 11 10 7 13 1 9 47 46 39 16
46: 13 37 29 43 40 28 2 10 14 5 17 9 4 23 38 26 15 44 35 11 41 24 36 16 12 8 3 27 39 50 6 20 18 25 31 1 19 7 32 21 49 33 48 42 34 47 46 45 30 22
47: 37 35 34 30 43 42 13 12 21 1 16 9 15 36 48 39 6 46 3 47 25 17 45 29 20 23 38 14 49 11 24 18 19 26 50 41 4 44 22 31 7 33 8 2 32 40 28 10 27 5
48: 24 31 23 3 35 13 39 12 8 44 1 42 18 25 50 20 2 37 11 7 9 40 29 22 41 33 45 48 46 15 28 27 14 17 34 19 49 4 21 32 36 43 26 47 10 30 16 6 5 38
49: 45 11 25 19 4 21 12 36 27 48 20 29 9 14 24 43 31 2 40 15 23 42 50 32 16 10 7 47 18 13 44 1 17 35 46 5 3 26 39 37 41 30 33 34 49 6 38 22 8 28
50: 1 42 47 33 48 36 6 3 5 44 43 9 15 18 27 32 22 4 37 19 25 2 17 35 11 41 7 26 34 40 46 10 50 13 12 38 24 28 29 8 14 31 21 45 49 30 39 16 20 23

instance parameter information
numMenOrWomen: 50
minLenPref: 50
maxLenPref: 50
skew: 0

