// General stats
numRotations: 10
numStableMatchings: 22


// Rotations
rotation_0: (49, 32) (23, 59) (58, 49) 
rotProfileMen_0: 0 0 -1 1 0 0 -1 1 0 0 -1 0 0 0 0 0 0 0 0 0 1 0 0 0 0 0 0 0 0 0 0 0 0 0 0 0 0 0 0 0 0 0 0 0 0 0 0 0 0 0 0 0 0 0 0 0 0 0 0 0 
rotProfileWomen_0: 0 0 1 1 -1 0 0 1 0 0 0 0 0 0 0 0 0 0 0 0 0 0 -1 0 0 0 0 0 0 0 0 0 0 0 0 0 0 0 0 0 0 0 0 0 -1 0 0 0 0 0 0 0 0 0 0 0 0 0 0 0 
rotProfileCombined_0: 0 0 0 2 -1 0 -1 2 0 0 -1 0 0 0 0 0 0 0 0 0 1 0 -1 0 0 0 0 0 0 0 0 0 0 0 0 0 0 0 0 0 0 0 0 0 -1 0 0 0 0 0 0 0 0 0 0 0 0 0 0 0 
 --- 
rotation_1: (22, 46) (15, 20) (39, 57) (58, 32) (26, 44) 
rotProfileMen_1: -1 -1 -1 0 0 0 0 0 0 0 0 0 1 1 0 0 0 0 0 0 0 0 0 0 0 0 0 0 0 0 0 0 0 0 1 0 0 0 0 0 0 0 0 0 0 0 0 0 0 0 0 0 0 0 0 0 0 0 0 0 
rotProfileWomen_1: 4 1 -2 -1 0 0 0 -1 0 0 0 0 0 0 0 0 0 0 -1 0 0 0 0 0 0 0 0 0 0 0 0 0 0 0 0 0 0 0 0 0 0 0 0 0 0 0 0 0 0 0 0 0 0 0 0 0 0 0 0 0 
rotProfileCombined_1: 3 0 -3 -1 0 0 0 -1 0 0 0 0 1 1 0 0 0 0 -1 0 0 0 0 0 0 0 0 0 0 0 0 0 0 0 1 0 0 0 0 0 0 0 0 0 0 0 0 0 0 0 0 0 0 0 0 0 0 0 0 0 
 --- 
rotation_2: (40, 45) (8, 37) (5, 28) (16, 58) 
rotProfileMen_2: -2 0 0 -1 0 1 -1 0 1 0 0 0 1 0 0 0 0 0 1 0 0 0 0 0 0 0 0 0 0 0 0 0 0 0 0 0 0 0 0 0 0 0 0 0 0 0 0 0 0 0 0 0 0 0 0 0 0 0 0 0 
rotProfileWomen_2: 0 1 0 0 0 0 0 1 0 1 -2 -1 0 0 0 0 0 0 0 0 0 0 0 0 0 0 0 0 0 0 0 0 0 0 0 0 0 0 0 0 0 0 0 0 0 0 0 0 0 0 0 0 0 0 0 0 0 0 0 0 
rotProfileCombined_2: -2 1 0 -1 0 1 -1 1 1 1 -2 -1 1 0 0 0 0 0 1 0 0 0 0 0 0 0 0 0 0 0 0 0 0 0 0 0 0 0 0 0 0 0 0 0 0 0 0 0 0 0 0 0 0 0 0 0 0 0 0 0 
 --- 
rotation_3: (29, 12) (13, 19) (57, 25) (38, 35) (52, 18) (36, 56) (7, 47) 
rotProfileMen_3: -5 0 0 1 -1 0 0 0 0 2 0 0 0 1 0 0 0 0 1 0 0 0 0 0 1 0 0 0 0 0 0 0 0 0 0 0 0 0 0 0 0 0 0 0 0 0 0 0 0 0 0 0 0 0 0 0 0 0 0 0 
rotProfileWomen_3: 0 0 0 0 0 0 0 2 1 -1 -1 1 0 0 0 -1 0 0 0 0 0 0 0 0 0 0 0 0 -1 0 0 0 0 0 0 0 0 0 0 0 0 0 0 0 0 0 0 0 0 0 0 0 0 0 0 0 0 0 0 0 
rotProfileCombined_3: -5 0 0 1 -1 0 0 2 1 1 -1 1 0 1 0 -1 0 0 1 0 0 0 0 0 1 0 0 0 -1 0 0 0 0 0 0 0 0 0 0 0 0 0 0 0 0 0 0 0 0 0 0 0 0 0 0 0 0 0 0 0 
 --- 
rotation_4: (47, 40) (25, 16) (37, 55) (23, 49) (18, 60) (45, 50) 
rotProfileMen_4: -1 -2 1 0 -1 0 -1 1 1 0 0 1 0 0 0 0 0 0 0 0 -1 0 0 0 0 0 0 0 0 1 1 0 0 0 0 0 0 0 0 0 0 0 0 0 0 0 0 0 0 0 0 0 0 0 0 0 0 0 0 0 
rotProfileWomen_4: 0 0 0 3 1 0 0 0 0 -1 -2 0 0 0 0 0 0 0 0 0 1 0 0 -1 -1 0 0 0 0 0 0 0 0 0 0 0 0 0 0 0 0 0 0 0 0 0 0 0 0 0 0 0 0 0 0 0 0 0 0 0 
rotProfileCombined_4: -1 -2 1 3 0 0 -1 1 1 -1 -2 1 0 0 0 0 0 0 0 0 0 0 0 -1 -1 0 0 0 0 1 1 0 0 0 0 0 0 0 0 0 0 0 0 0 0 0 0 0 0 0 0 0 0 0 0 0 0 0 0 0 
 --- 
rotation_5: (7, 12) (54, 2) 
rotProfileMen_5: 0 0 -1 0 0 0 1 0 0 0 0 0 0 0 0 0 0 0 0 0 0 0 0 0 -1 0 0 0 0 0 0 1 0 0 0 0 0 0 0 0 0 0 0 0 0 0 0 0 0 0 0 0 0 0 0 0 0 0 0 0 
rotProfileWomen_5: 0 1 1 0 0 0 0 0 0 0 0 0 0 0 0 0 0 -1 -1 0 0 0 0 0 0 0 0 0 0 0 0 0 0 0 0 0 0 0 0 0 0 0 0 0 0 0 0 0 0 0 0 0 0 0 0 0 0 0 0 0 
rotProfileCombined_5: 0 1 0 0 0 0 1 0 0 0 0 0 0 0 0 0 0 -1 -1 0 0 0 0 0 -1 0 0 0 0 0 0 1 0 0 0 0 0 0 0 0 0 0 0 0 0 0 0 0 0 0 0 0 0 0 0 0 0 0 0 0 
 --- 
rotation_6: (1, 31) (48, 43) (59, 15) (31, 6) (3, 21) (14, 9) (25, 55) (18, 50) (56, 13) (57, 35) (7, 2) 
rotProfileMen_6: 0 -2 -1 -2 3 0 0 -1 0 -1 0 0 0 -1 0 1 0 0 0 0 1 0 1 0 0 0 0 0 0 0 -1 0 2 0 0 0 0 0 1 0 0 0 0 0 0 0 0 0 0 0 0 0 0 0 0 0 0 0 0 0 
rotProfileWomen_6: 1 1 1 -1 0 2 1 1 0 0 -2 -1 0 0 -1 0 0 -1 0 0 -1 0 0 0 0 0 0 0 0 0 0 0 0 0 0 0 0 0 0 0 0 0 0 0 0 0 0 0 0 0 0 0 0 0 0 0 0 0 0 0 
rotProfileCombined_6: 1 -1 0 -3 3 2 1 0 0 -1 -2 -1 0 -1 -1 1 0 -1 0 0 0 0 1 0 0 0 0 0 0 0 -1 0 2 0 0 0 0 0 1 0 0 0 0 0 0 0 0 0 0 0 0 0 0 0 0 0 0 0 0 0 
 --- 
rotation_7: (1, 43) (18, 13) (31, 21) (40, 37) (3, 9) 
rotProfileMen_7: 0 0 0 0 -2 -1 1 0 -1 0 0 0 0 0 0 0 0 0 0 0 0 0 1 0 0 0 0 1 1 0 0 0 -1 0 0 0 0 0 0 1 0 0 0 0 0 0 0 0 0 0 0 0 0 0 0 0 0 0 0 0 
rotProfileWomen_7: 1 1 -1 1 0 0 1 -3 0 0 0 0 0 0 0 0 0 0 0 0 0 0 0 0 0 0 0 0 0 0 0 0 0 0 0 0 0 0 0 0 0 0 0 0 0 0 0 0 0 0 0 0 0 0 0 0 0 0 0 0 
rotProfileCombined_7: 1 1 -1 1 -2 -1 2 -3 -1 0 0 0 0 0 0 0 0 0 0 0 0 0 1 0 0 0 0 1 1 0 0 0 -1 0 0 0 0 0 0 1 0 0 0 0 0 0 0 0 0 0 0 0 0 0 0 0 0 0 0 0 
 --- 
rotation_8: (11, 22) (24, 1) 
rotProfileMen_8: 0 -1 0 0 0 -1 0 0 0 1 0 0 0 0 0 0 0 0 0 0 0 0 1 0 0 0 0 0 0 0 0 0 0 0 0 0 0 0 0 0 0 0 0 0 0 0 0 0 0 0 0 0 0 0 0 0 0 0 0 0 
rotProfileWomen_8: 0 0 0 1 0 -1 0 0 0 0 0 1 0 -1 0 0 0 0 0 0 0 0 0 0 0 0 0 0 0 0 0 0 0 0 0 0 0 0 0 0 0 0 0 0 0 0 0 0 0 0 0 0 0 0 0 0 0 0 0 0 
rotProfileCombined_8: 0 -1 0 1 0 -2 0 0 0 1 0 1 0 -1 0 0 0 0 0 0 0 0 1 0 0 0 0 0 0 0 0 0 0 0 0 0 0 0 0 0 0 0 0 0 0 0 0 0 0 0 0 0 0 0 0 0 0 0 0 0 
 --- 
rotation_9: (18, 21) (37, 49) 
rotProfileMen_9: 0 0 0 0 0 0 0 0 0 0 0 -1 0 0 0 0 0 0 0 0 0 0 0 0 0 0 0 0 0 0 0 0 0 0 0 0 0 0 0 -1 0 0 0 0 0 0 0 0 0 0 0 0 0 0 0 0 0 1 1 0 
rotProfileWomen_9: 1 0 0 -1 0 1 -1 0 0 0 0 0 0 0 0 0 0 0 0 0 0 0 0 0 0 0 0 0 0 0 0 0 0 0 0 0 0 0 0 0 0 0 0 0 0 0 0 0 0 0 0 0 0 0 0 0 0 0 0 0 
rotProfileCombined_9: 1 0 0 -1 0 1 -1 0 0 0 0 -1 0 0 0 0 0 0 0 0 0 0 0 0 0 0 0 0 0 0 0 0 0 0 0 0 0 0 0 -1 0 0 0 0 0 0 0 0 0 0 0 0 0 0 0 0 0 1 1 0 
 --- 


// Stable matchings
// found using rotations not digraph

optimal_stable_matchings: 
rank-maximal_index: 2
generous_index: 18
sex_equal_index: 4
egalitarian_index: 1
generalisedMedian_index: 4

stable_matching_list:
31 5 21 39 28 7 47 37 26 42 22 48 19 9 20 58 53 60 23 30 36 46 59 1 16 44 11 10 12 24 6 17 4 3 27 56 55 35 57 45 54 33 29 34 50 52 40 43 32 41 51 18 8 2 14 13 25 49 15 38 
31 5 21 39 28 7 47 37 26 42 22 48 19 9 20 58 53 60 23 30 36 46 49 1 16 44 11 10 12 24 6 17 4 3 27 56 55 35 57 45 54 33 29 34 50 52 40 43 59 41 51 18 8 2 14 13 25 32 15 38 
31 5 21 39 28 7 47 37 26 42 22 48 19 9 57 58 53 60 23 30 36 20 49 1 16 46 11 10 12 24 6 17 4 3 27 56 55 35 32 45 54 33 29 34 50 52 40 43 59 41 51 18 8 2 14 13 25 44 15 38 
31 5 21 39 28 7 12 37 26 42 22 48 25 9 57 58 53 60 23 30 36 20 49 1 16 46 11 10 19 24 6 17 4 3 27 47 55 18 32 45 54 33 29 34 50 52 40 43 59 41 51 56 8 2 14 13 35 44 15 38 
31 5 21 39 28 7 12 37 26 42 22 48 25 9 57 58 53 50 23 30 36 20 60 1 55 46 11 10 19 24 6 17 4 3 27 47 49 18 32 45 54 33 29 34 40 52 16 43 59 41 51 56 8 2 14 13 35 44 15 38 
31 5 21 39 28 7 2 37 26 42 22 48 25 9 57 58 53 50 23 30 36 20 60 1 55 46 11 10 19 24 6 17 4 3 27 47 49 18 32 45 54 33 29 34 40 52 16 43 59 41 51 56 8 12 14 13 35 44 15 38 
31 5 21 39 28 7 47 37 26 42 22 48 19 9 57 58 53 50 23 30 36 20 60 1 55 46 11 10 12 24 6 17 4 3 27 56 49 35 32 45 54 33 29 34 40 52 16 43 59 41 51 18 8 2 14 13 25 44 15 38 
31 5 21 39 58 7 47 28 26 42 22 48 19 9 57 45 53 60 23 30 36 20 49 1 16 46 11 10 12 24 6 17 4 3 27 56 55 35 32 37 54 33 29 34 50 52 40 43 59 41 51 18 8 2 14 13 25 44 15 38 
31 5 21 39 58 7 12 28 26 42 22 48 25 9 57 45 53 60 23 30 36 20 49 1 16 46 11 10 19 24 6 17 4 3 27 47 55 18 32 37 54 33 29 34 50 52 40 43 59 41 51 56 8 2 14 13 35 44 15 38 
31 5 21 39 58 7 12 28 26 42 22 48 25 9 57 45 53 50 23 30 36 20 60 1 55 46 11 10 19 24 6 17 4 3 27 47 49 18 32 37 54 33 29 34 40 52 16 43 59 41 51 56 8 2 14 13 35 44 15 38 
31 5 21 39 58 7 2 28 26 42 22 48 25 9 57 45 53 50 23 30 36 20 60 1 55 46 11 10 19 24 6 17 4 3 27 47 49 18 32 37 54 33 29 34 40 52 16 43 59 41 51 56 8 12 14 13 35 44 15 38 
43 5 9 39 58 7 31 28 26 42 22 48 25 55 57 45 53 13 23 30 36 20 60 1 50 46 11 10 19 24 21 17 4 3 27 47 49 18 32 37 54 33 29 34 40 52 16 15 59 41 51 56 8 12 14 35 2 44 6 38 
13 5 43 39 58 7 31 28 26 42 22 48 25 55 57 45 53 21 23 30 36 20 60 1 50 46 11 10 19 24 37 17 4 3 27 47 49 18 32 9 54 33 29 34 40 52 16 15 59 41 51 56 8 12 14 35 2 44 6 38 
13 5 43 39 58 7 31 28 26 42 1 48 25 55 57 45 53 21 23 30 36 20 60 22 50 46 11 10 19 24 37 17 4 3 27 47 49 18 32 9 54 33 29 34 40 52 16 15 59 41 51 56 8 12 14 35 2 44 6 38 
13 5 43 39 58 7 31 28 26 42 1 48 25 55 57 45 53 49 23 30 36 20 60 22 50 46 11 10 19 24 37 17 4 3 27 47 21 18 32 9 54 33 29 34 40 52 16 15 59 41 51 56 8 12 14 35 2 44 6 38 
13 5 43 39 58 7 31 28 26 42 22 48 25 55 57 45 53 49 23 30 36 20 60 1 50 46 11 10 19 24 37 17 4 3 27 47 21 18 32 9 54 33 29 34 40 52 16 15 59 41 51 56 8 12 14 35 2 44 6 38 
43 5 9 39 58 7 31 28 26 42 1 48 25 55 57 45 53 13 23 30 36 20 60 22 50 46 11 10 19 24 21 17 4 3 27 47 49 18 32 37 54 33 29 34 40 52 16 15 59 41 51 56 8 12 14 35 2 44 6 38 
31 5 21 39 58 7 47 28 26 42 22 48 19 9 57 45 53 50 23 30 36 20 60 1 55 46 11 10 12 24 6 17 4 3 27 56 49 35 32 37 54 33 29 34 40 52 16 43 59 41 51 18 8 2 14 13 25 44 15 38 
31 5 21 39 28 7 12 37 26 42 22 48 25 9 20 58 53 60 23 30 36 46 49 1 16 44 11 10 19 24 6 17 4 3 27 47 55 18 57 45 54 33 29 34 50 52 40 43 59 41 51 56 8 2 14 13 35 32 15 38 
31 5 21 39 28 7 12 37 26 42 22 48 25 9 20 58 53 50 23 30 36 46 60 1 55 44 11 10 19 24 6 17 4 3 27 47 49 18 57 45 54 33 29 34 40 52 16 43 59 41 51 56 8 2 14 13 35 32 15 38 
31 5 21 39 28 7 2 37 26 42 22 48 25 9 20 58 53 50 23 30 36 46 60 1 55 44 11 10 19 24 6 17 4 3 27 47 49 18 57 45 54 33 29 34 40 52 16 43 59 41 51 56 8 12 14 13 35 32 15 38 
31 5 21 39 28 7 47 37 26 42 22 48 19 9 20 58 53 50 23 30 36 46 60 1 55 44 11 10 12 24 6 17 4 3 27 56 49 35 57 45 54 33 29 34 40 52 16 43 59 41 51 18 8 2 14 13 25 32 15 38 


matching_0: 31 5 21 39 28 7 47 37 26 42 22 48 19 9 20 58 53 60 23 30 36 46 59 1 16 44 11 10 12 24 6 17 4 3 27 56 55 35 57 45 54 33 29 34 50 52 40 43 32 41 51 18 8 2 14 13 25 49 15 38 
profileMen_0: 12 14 9 7 2 6 3 1 1 1 1 1 0 1 0 0 0 0 0 0 0 0 0 0 0 0 1 0 0 0 0 0 0 0 0 0 0 0 0 0 0 0 0 0 0 0 0 0 0 0 0 0 0 0 0 0 0 0 0 0 
profileWomen_0: 3 8 7 0 4 3 3 2 4 3 7 2 0 1 1 2 0 2 2 0 0 0 1 2 1 0 0 0 1 0 0 0 0 0 0 0 0 0 0 0 0 0 0 0 1 0 0 0 0 0 0 0 0 0 0 0 0 0 0 0 
profileCombined_0: 15 22 16 7 6 9 6 3 5 4 8 3 0 2 1 2 0 2 2 0 0 0 1 2 1 0 1 0 1 0 0 0 0 0 0 0 0 0 0 0 0 0 0 0 1 0 0 0 0 0 0 0 0 0 0 0 0 0 0 0 
costMen_0: 253
costWomen_0: 587
costCombined_0: 840
sexEquality_0: 334

 --- 
matching_1: 31 5 21 39 28 7 47 37 26 42 22 48 19 9 20 58 53 60 23 30 36 46 49 1 16 44 11 10 12 24 6 17 4 3 27 56 55 35 57 45 54 33 29 34 50 52 40 43 59 41 51 18 8 2 14 13 25 32 15 38 
profileMen_1: 12 14 8 8 2 6 2 2 1 1 0 1 0 1 0 0 0 0 0 0 1 0 0 0 0 0 1 0 0 0 0 0 0 0 0 0 0 0 0 0 0 0 0 0 0 0 0 0 0 0 0 0 0 0 0 0 0 0 0 0 
profileWomen_1: 3 8 8 1 3 3 3 3 4 3 7 2 0 1 1 2 0 2 2 0 0 0 0 2 1 0 0 0 1 0 0 0 0 0 0 0 0 0 0 0 0 0 0 0 0 0 0 0 0 0 0 0 0 0 0 0 0 0 0 0 
profileCombined_1: 15 22 16 9 5 9 5 5 5 4 7 3 0 2 1 2 0 2 2 0 1 0 0 2 1 0 1 0 1 0 0 0 0 0 0 0 0 0 0 0 0 0 0 0 0 0 0 0 0 0 0 0 0 0 0 0 0 0 0 0 
costMen_1: 265
costWomen_1: 529
costCombined_1: 794
sexEquality_1: 264

 --- 
matching_2: 31 5 21 39 28 7 47 37 26 42 22 48 19 9 57 58 53 60 23 30 36 20 49 1 16 46 11 10 12 24 6 17 4 3 27 56 55 35 32 45 54 33 29 34 50 52 40 43 59 41 51 18 8 2 14 13 25 44 15 38 
profileMen_2: 11 13 7 8 2 6 2 2 1 1 0 1 1 2 0 0 0 0 0 0 1 0 0 0 0 0 1 0 0 0 0 0 0 0 1 0 0 0 0 0 0 0 0 0 0 0 0 0 0 0 0 0 0 0 0 0 0 0 0 0 
profileWomen_2: 7 9 6 0 3 3 3 2 4 3 7 2 0 1 1 2 0 2 1 0 0 0 0 2 1 0 0 0 1 0 0 0 0 0 0 0 0 0 0 0 0 0 0 0 0 0 0 0 0 0 0 0 0 0 0 0 0 0 0 0 
profileCombined_2: 18 22 13 8 5 9 5 4 5 4 7 3 1 3 1 2 0 2 1 0 1 0 0 2 1 0 1 0 1 0 0 0 0 0 1 0 0 0 0 0 0 0 0 0 0 0 0 0 0 0 0 0 0 0 0 0 0 0 0 0 
costMen_2: 321
costWomen_2: 498
costCombined_2: 819
sexEquality_2: 177

 --- 
matching_3: 31 5 21 39 28 7 12 37 26 42 22 48 25 9 57 58 53 60 23 30 36 20 49 1 16 46 11 10 19 24 6 17 4 3 27 47 55 18 32 45 54 33 29 34 50 52 40 43 59 41 51 56 8 2 14 13 35 44 15 38 
profileMen_3: 6 13 7 9 1 6 2 2 1 3 0 1 1 3 0 0 0 0 1 0 1 0 0 0 1 0 1 0 0 0 0 0 0 0 1 0 0 0 0 0 0 0 0 0 0 0 0 0 0 0 0 0 0 0 0 0 0 0 0 0 
profileWomen_3: 7 9 6 0 3 3 3 4 5 2 6 3 0 1 1 1 0 2 1 0 0 0 0 2 1 0 0 0 0 0 0 0 0 0 0 0 0 0 0 0 0 0 0 0 0 0 0 0 0 0 0 0 0 0 0 0 0 0 0 0 
profileCombined_3: 13 22 13 9 4 9 5 6 6 5 6 4 1 4 1 1 0 2 2 0 1 0 0 2 2 0 1 0 0 0 0 0 0 0 1 0 0 0 0 0 0 0 0 0 0 0 0 0 0 0 0 0 0 0 0 0 0 0 0 0 
costMen_3: 393
costWomen_3: 469
costCombined_3: 862
sexEquality_3: 76

 --- 
matching_4: 31 5 21 39 28 7 12 37 26 42 22 48 25 9 57 58 53 50 23 30 36 20 60 1 55 46 11 10 19 24 6 17 4 3 27 47 49 18 32 45 54 33 29 34 40 52 16 43 59 41 51 56 8 2 14 13 35 44 15 38 
profileMen_4: 5 11 8 9 0 6 1 3 2 3 0 2 1 3 0 0 0 0 1 0 0 0 0 0 1 0 1 0 0 1 1 0 0 0 1 0 0 0 0 0 0 0 0 0 0 0 0 0 0 0 0 0 0 0 0 0 0 0 0 0 
profileWomen_4: 7 9 6 3 4 3 3 4 5 1 4 3 0 1 1 1 0 2 1 0 1 0 0 1 0 0 0 0 0 0 0 0 0 0 0 0 0 0 0 0 0 0 0 0 0 0 0 0 0 0 0 0 0 0 0 0 0 0 0 0 
profileCombined_4: 12 20 14 12 4 9 4 7 7 4 4 5 1 4 1 1 0 2 2 0 1 0 0 1 1 0 1 0 0 1 1 0 0 0 1 0 0 0 0 0 0 0 0 0 0 0 0 0 0 0 0 0 0 0 0 0 0 0 0 0 
costMen_4: 448
costWomen_4: 426
costCombined_4: 874
sexEquality_4: 22

 --- 
matching_5: 31 5 21 39 28 7 2 37 26 42 22 48 25 9 57 58 53 50 23 30 36 20 60 1 55 46 11 10 19 24 6 17 4 3 27 47 49 18 32 45 54 33 29 34 40 52 16 43 59 41 51 56 8 12 14 13 35 44 15 38 
profileMen_5: 5 11 7 9 0 6 2 3 2 3 0 2 1 3 0 0 0 0 1 0 0 0 0 0 0 0 1 0 0 1 1 1 0 0 1 0 0 0 0 0 0 0 0 0 0 0 0 0 0 0 0 0 0 0 0 0 0 0 0 0 
profileWomen_5: 7 10 7 3 4 3 3 4 5 1 4 3 0 1 1 1 0 1 0 0 1 0 0 1 0 0 0 0 0 0 0 0 0 0 0 0 0 0 0 0 0 0 0 0 0 0 0 0 0 0 0 0 0 0 0 0 0 0 0 0 
profileCombined_5: 12 21 14 12 4 9 5 7 7 4 4 5 1 4 1 1 0 1 1 0 1 0 0 1 0 0 1 0 0 1 1 1 0 0 1 0 0 0 0 0 0 0 0 0 0 0 0 0 0 0 0 0 0 0 0 0 0 0 0 0 
costMen_5: 459
costWomen_5: 394
costCombined_5: 853
sexEquality_5: 65

 --- 
matching_6: 31 5 21 39 28 7 47 37 26 42 22 48 19 9 57 58 53 50 23 30 36 20 60 1 55 46 11 10 12 24 6 17 4 3 27 56 49 35 32 45 54 33 29 34 40 52 16 43 59 41 51 18 8 2 14 13 25 44 15 38 
profileMen_6: 10 11 8 8 1 6 1 3 2 1 0 2 1 2 0 0 0 0 0 0 0 0 0 0 0 0 1 0 0 1 1 0 0 0 1 0 0 0 0 0 0 0 0 0 0 0 0 0 0 0 0 0 0 0 0 0 0 0 0 0 
profileWomen_6: 7 9 6 3 4 3 3 2 4 2 5 2 0 1 1 2 0 2 1 0 1 0 0 1 0 0 0 0 1 0 0 0 0 0 0 0 0 0 0 0 0 0 0 0 0 0 0 0 0 0 0 0 0 0 0 0 0 0 0 0 
profileCombined_6: 17 20 14 11 5 9 4 5 6 3 5 4 1 3 1 2 0 2 1 0 1 0 0 1 0 0 1 0 1 1 1 0 0 0 1 0 0 0 0 0 0 0 0 0 0 0 0 0 0 0 0 0 0 0 0 0 0 0 0 0 
costMen_6: 376
costWomen_6: 455
costCombined_6: 831
sexEquality_6: 79

 --- 
matching_7: 31 5 21 39 58 7 47 28 26 42 22 48 19 9 57 45 53 60 23 30 36 20 49 1 16 46 11 10 12 24 6 17 4 3 27 56 55 35 32 37 54 33 29 34 50 52 40 43 59 41 51 18 8 2 14 13 25 44 15 38 
profileMen_7: 9 13 7 7 2 7 1 2 2 1 0 1 2 2 0 0 0 0 1 0 1 0 0 0 0 0 1 0 0 0 0 0 0 0 1 0 0 0 0 0 0 0 0 0 0 0 0 0 0 0 0 0 0 0 0 0 0 0 0 0 
profileWomen_7: 7 10 6 0 3 3 3 3 4 4 5 1 0 1 1 2 0 2 1 0 0 0 0 2 1 0 0 0 1 0 0 0 0 0 0 0 0 0 0 0 0 0 0 0 0 0 0 0 0 0 0 0 0 0 0 0 0 0 0 0 
profileCombined_7: 16 23 13 7 5 10 4 5 6 5 5 2 2 3 1 2 0 2 2 0 1 0 0 2 1 0 1 0 1 0 0 0 0 0 1 0 0 0 0 0 0 0 0 0 0 0 0 0 0 0 0 0 0 0 0 0 0 0 0 0 
costMen_7: 355
costWomen_7: 484
costCombined_7: 839
sexEquality_7: 129

 --- 
matching_8: 31 5 21 39 58 7 12 28 26 42 22 48 25 9 57 45 53 60 23 30 36 20 49 1 16 46 11 10 19 24 6 17 4 3 27 47 55 18 32 37 54 33 29 34 50 52 40 43 59 41 51 56 8 2 14 13 35 44 15 38 
profileMen_8: 4 13 7 8 1 7 1 2 2 3 0 1 2 3 0 0 0 0 2 0 1 0 0 0 1 0 1 0 0 0 0 0 0 0 1 0 0 0 0 0 0 0 0 0 0 0 0 0 0 0 0 0 0 0 0 0 0 0 0 0 
profileWomen_8: 7 10 6 0 3 3 3 5 5 3 4 2 0 1 1 1 0 2 1 0 0 0 0 2 1 0 0 0 0 0 0 0 0 0 0 0 0 0 0 0 0 0 0 0 0 0 0 0 0 0 0 0 0 0 0 0 0 0 0 0 
profileCombined_8: 11 23 13 8 4 10 4 7 7 6 4 3 2 4 1 1 0 2 3 0 1 0 0 2 2 0 1 0 0 0 0 0 0 0 1 0 0 0 0 0 0 0 0 0 0 0 0 0 0 0 0 0 0 0 0 0 0 0 0 0 
costMen_8: 427
costWomen_8: 455
costCombined_8: 882
sexEquality_8: 28

 --- 
matching_9: 31 5 21 39 58 7 12 28 26 42 22 48 25 9 57 45 53 50 23 30 36 20 60 1 55 46 11 10 19 24 6 17 4 3 27 47 49 18 32 37 54 33 29 34 40 52 16 43 59 41 51 56 8 2 14 13 35 44 15 38 
profileMen_9: 3 11 8 8 0 7 0 3 3 3 0 2 2 3 0 0 0 0 2 0 0 0 0 0 1 0 1 0 0 1 1 0 0 0 1 0 0 0 0 0 0 0 0 0 0 0 0 0 0 0 0 0 0 0 0 0 0 0 0 0 
profileWomen_9: 7 10 6 3 4 3 3 5 5 2 2 2 0 1 1 1 0 2 1 0 1 0 0 1 0 0 0 0 0 0 0 0 0 0 0 0 0 0 0 0 0 0 0 0 0 0 0 0 0 0 0 0 0 0 0 0 0 0 0 0 
profileCombined_9: 10 21 14 11 4 10 3 8 8 5 2 4 2 4 1 1 0 2 3 0 1 0 0 1 1 0 1 0 0 1 1 0 0 0 1 0 0 0 0 0 0 0 0 0 0 0 0 0 0 0 0 0 0 0 0 0 0 0 0 0 
costMen_9: 482
costWomen_9: 412
costCombined_9: 894
sexEquality_9: 70

 --- 
matching_10: 31 5 21 39 58 7 2 28 26 42 22 48 25 9 57 45 53 50 23 30 36 20 60 1 55 46 11 10 19 24 6 17 4 3 27 47 49 18 32 37 54 33 29 34 40 52 16 43 59 41 51 56 8 12 14 13 35 44 15 38 
profileMen_10: 3 11 7 8 0 7 1 3 3 3 0 2 2 3 0 0 0 0 2 0 0 0 0 0 0 0 1 0 0 1 1 1 0 0 1 0 0 0 0 0 0 0 0 0 0 0 0 0 0 0 0 0 0 0 0 0 0 0 0 0 
profileWomen_10: 7 11 7 3 4 3 3 5 5 2 2 2 0 1 1 1 0 1 0 0 1 0 0 1 0 0 0 0 0 0 0 0 0 0 0 0 0 0 0 0 0 0 0 0 0 0 0 0 0 0 0 0 0 0 0 0 0 0 0 0 
profileCombined_10: 10 22 14 11 4 10 4 8 8 5 2 4 2 4 1 1 0 1 2 0 1 0 0 1 0 0 1 0 0 1 1 1 0 0 1 0 0 0 0 0 0 0 0 0 0 0 0 0 0 0 0 0 0 0 0 0 0 0 0 0 
costMen_10: 493
costWomen_10: 380
costCombined_10: 873
sexEquality_10: 113

 --- 
matching_11: 43 5 9 39 58 7 31 28 26 42 22 48 25 55 57 45 53 13 23 30 36 20 60 1 50 46 11 10 19 24 21 17 4 3 27 47 49 18 32 37 54 33 29 34 40 52 16 15 59 41 51 56 8 12 14 35 2 44 6 38 
profileMen_11: 3 9 6 6 3 7 1 2 3 2 0 2 2 2 0 1 0 0 2 0 1 0 1 0 0 0 1 0 0 1 0 1 2 0 1 0 0 0 1 0 0 0 0 0 0 0 0 0 0 0 0 0 0 0 0 0 0 0 0 0 
profileWomen_11: 8 12 8 2 4 5 4 6 5 2 0 1 0 1 0 1 0 0 0 0 0 0 0 1 0 0 0 0 0 0 0 0 0 0 0 0 0 0 0 0 0 0 0 0 0 0 0 0 0 0 0 0 0 0 0 0 0 0 0 0 
profileCombined_11: 11 21 14 8 7 12 5 8 8 4 0 3 2 3 0 2 0 0 2 0 1 0 1 1 0 0 1 0 0 1 0 1 2 0 1 0 0 0 1 0 0 0 0 0 0 0 0 0 0 0 0 0 0 0 0 0 0 0 0 0 
costMen_11: 595
costWomen_11: 321
costCombined_11: 916
sexEquality_11: 274

 --- 
matching_12: 13 5 43 39 58 7 31 28 26 42 22 48 25 55 57 45 53 21 23 30 36 20 60 1 50 46 11 10 19 24 37 17 4 3 27 47 49 18 32 9 54 33 29 34 40 52 16 15 59 41 51 56 8 12 14 35 2 44 6 38 
profileMen_12: 3 9 6 6 1 6 2 2 2 2 0 2 2 2 0 1 0 0 2 0 1 0 2 0 0 0 1 1 1 1 0 1 1 0 1 0 0 0 1 1 0 0 0 0 0 0 0 0 0 0 0 0 0 0 0 0 0 0 0 0 
profileWomen_12: 9 13 7 3 4 5 5 3 5 2 0 1 0 1 0 1 0 0 0 0 0 0 0 1 0 0 0 0 0 0 0 0 0 0 0 0 0 0 0 0 0 0 0 0 0 0 0 0 0 0 0 0 0 0 0 0 0 0 0 0 
profileCombined_12: 12 22 13 9 5 11 7 5 7 4 0 3 2 3 0 2 0 0 2 0 1 0 2 1 0 0 1 1 1 1 0 1 1 0 1 0 0 0 1 1 0 0 0 0 0 0 0 0 0 0 0 0 0 0 0 0 0 0 0 0 
costMen_12: 664
costWomen_12: 308
costCombined_12: 972
sexEquality_12: 356

 --- 
matching_13: 13 5 43 39 58 7 31 28 26 42 1 48 25 55 57 45 53 21 23 30 36 20 60 22 50 46 11 10 19 24 37 17 4 3 27 47 49 18 32 9 54 33 29 34 40 52 16 15 59 41 51 56 8 12 14 35 2 44 6 38 
profileMen_13: 3 8 6 6 1 5 2 2 2 3 0 2 2 2 0 1 0 0 2 0 1 0 3 0 0 0 1 1 1 1 0 1 1 0 1 0 0 0 1 1 0 0 0 0 0 0 0 0 0 0 0 0 0 0 0 0 0 0 0 0 
profileWomen_13: 9 13 7 4 4 4 5 3 5 2 0 2 0 0 0 1 0 0 0 0 0 0 0 1 0 0 0 0 0 0 0 0 0 0 0 0 0 0 0 0 0 0 0 0 0 0 0 0 0 0 0 0 0 0 0 0 0 0 0 0 
profileCombined_13: 12 21 13 10 5 9 7 5 7 5 0 4 2 2 0 2 0 0 2 0 1 0 3 1 0 0 1 1 1 1 0 1 1 0 1 0 0 0 1 1 0 0 0 0 0 0 0 0 0 0 0 0 0 0 0 0 0 0 0 0 
costMen_13: 689
costWomen_13: 304
costCombined_13: 993
sexEquality_13: 385

 --- 
matching_14: 13 5 43 39 58 7 31 28 26 42 1 48 25 55 57 45 53 49 23 30 36 20 60 22 50 46 11 10 19 24 37 17 4 3 27 47 21 18 32 9 54 33 29 34 40 52 16 15 59 41 51 56 8 12 14 35 2 44 6 38 
profileMen_14: 3 8 6 6 1 5 2 2 2 3 0 1 2 2 0 1 0 0 2 0 1 0 3 0 0 0 1 1 1 1 0 1 1 0 1 0 0 0 1 0 0 0 0 0 0 0 0 0 0 0 0 0 0 0 0 0 0 1 1 0 
profileWomen_14: 10 13 7 3 4 5 4 3 5 2 0 2 0 0 0 1 0 0 0 0 0 0 0 1 0 0 0 0 0 0 0 0 0 0 0 0 0 0 0 0 0 0 0 0 0 0 0 0 0 0 0 0 0 0 0 0 0 0 0 0 
profileCombined_14: 13 21 13 9 5 10 6 5 7 5 0 3 2 2 0 2 0 0 2 0 1 0 3 1 0 0 1 1 1 1 0 1 1 0 1 0 0 0 1 0 0 0 0 0 0 0 0 0 0 0 0 0 0 0 0 0 0 1 1 0 
costMen_14: 754
costWomen_14: 300
costCombined_14: 1054
sexEquality_14: 454

 --- 
matching_15: 13 5 43 39 58 7 31 28 26 42 22 48 25 55 57 45 53 49 23 30 36 20 60 1 50 46 11 10 19 24 37 17 4 3 27 47 21 18 32 9 54 33 29 34 40 52 16 15 59 41 51 56 8 12 14 35 2 44 6 38 
profileMen_15: 3 9 6 6 1 6 2 2 2 2 0 1 2 2 0 1 0 0 2 0 1 0 2 0 0 0 1 1 1 1 0 1 1 0 1 0 0 0 1 0 0 0 0 0 0 0 0 0 0 0 0 0 0 0 0 0 0 1 1 0 
profileWomen_15: 10 13 7 2 4 6 4 3 5 2 0 1 0 1 0 1 0 0 0 0 0 0 0 1 0 0 0 0 0 0 0 0 0 0 0 0 0 0 0 0 0 0 0 0 0 0 0 0 0 0 0 0 0 0 0 0 0 0 0 0 
profileCombined_15: 13 22 13 8 5 12 6 5 7 4 0 2 2 3 0 2 0 0 2 0 1 0 2 1 0 0 1 1 1 1 0 1 1 0 1 0 0 0 1 0 0 0 0 0 0 0 0 0 0 0 0 0 0 0 0 0 0 1 1 0 
costMen_15: 729
costWomen_15: 304
costCombined_15: 1033
sexEquality_15: 425

 --- 
matching_16: 43 5 9 39 58 7 31 28 26 42 1 48 25 55 57 45 53 13 23 30 36 20 60 22 50 46 11 10 19 24 21 17 4 3 27 47 49 18 32 37 54 33 29 34 40 52 16 15 59 41 51 56 8 12 14 35 2 44 6 38 
profileMen_16: 3 8 6 6 3 6 1 2 3 3 0 2 2 2 0 1 0 0 2 0 1 0 2 0 0 0 1 0 0 1 0 1 2 0 1 0 0 0 1 0 0 0 0 0 0 0 0 0 0 0 0 0 0 0 0 0 0 0 0 0 
profileWomen_16: 8 12 8 3 4 4 4 6 5 2 0 2 0 0 0 1 0 0 0 0 0 0 0 1 0 0 0 0 0 0 0 0 0 0 0 0 0 0 0 0 0 0 0 0 0 0 0 0 0 0 0 0 0 0 0 0 0 0 0 0 
profileCombined_16: 11 20 14 9 7 10 5 8 8 5 0 4 2 2 0 2 0 0 2 0 1 0 2 1 0 0 1 0 0 1 0 1 2 0 1 0 0 0 1 0 0 0 0 0 0 0 0 0 0 0 0 0 0 0 0 0 0 0 0 0 
costMen_16: 620
costWomen_16: 317
costCombined_16: 937
sexEquality_16: 303

 --- 
matching_17: 31 5 21 39 58 7 47 28 26 42 22 48 19 9 57 45 53 50 23 30 36 20 60 1 55 46 11 10 12 24 6 17 4 3 27 56 49 35 32 37 54 33 29 34 40 52 16 43 59 41 51 18 8 2 14 13 25 44 15 38 
profileMen_17: 8 11 8 7 1 7 0 3 3 1 0 2 2 2 0 0 0 0 1 0 0 0 0 0 0 0 1 0 0 1 1 0 0 0 1 0 0 0 0 0 0 0 0 0 0 0 0 0 0 0 0 0 0 0 0 0 0 0 0 0 
profileWomen_17: 7 10 6 3 4 3 3 3 4 3 3 1 0 1 1 2 0 2 1 0 1 0 0 1 0 0 0 0 1 0 0 0 0 0 0 0 0 0 0 0 0 0 0 0 0 0 0 0 0 0 0 0 0 0 0 0 0 0 0 0 
profileCombined_17: 15 21 14 10 5 10 3 6 7 4 3 3 2 3 1 2 0 2 2 0 1 0 0 1 0 0 1 0 1 1 1 0 0 0 1 0 0 0 0 0 0 0 0 0 0 0 0 0 0 0 0 0 0 0 0 0 0 0 0 0 
costMen_17: 410
costWomen_17: 441
costCombined_17: 851
sexEquality_17: 31

 --- 
matching_18: 31 5 21 39 28 7 12 37 26 42 22 48 25 9 20 58 53 60 23 30 36 46 49 1 16 44 11 10 19 24 6 17 4 3 27 47 55 18 57 45 54 33 29 34 50 52 40 43 59 41 51 56 8 2 14 13 35 32 15 38 
profileMen_18: 7 14 8 9 1 6 2 2 1 3 0 1 0 2 0 0 0 0 1 0 1 0 0 0 1 0 1 0 0 0 0 0 0 0 0 0 0 0 0 0 0 0 0 0 0 0 0 0 0 0 0 0 0 0 0 0 0 0 0 0 
profileWomen_18: 3 8 8 1 3 3 3 5 5 2 6 3 0 1 1 1 0 2 2 0 0 0 0 2 1 0 0 0 0 0 0 0 0 0 0 0 0 0 0 0 0 0 0 0 0 0 0 0 0 0 0 0 0 0 0 0 0 0 0 0 
profileCombined_18: 10 22 16 10 4 9 5 7 6 5 6 4 0 3 1 1 0 2 3 0 1 0 0 2 2 0 1 0 0 0 0 0 0 0 0 0 0 0 0 0 0 0 0 0 0 0 0 0 0 0 0 0 0 0 0 0 0 0 0 0 
costMen_18: 337
costWomen_18: 500
costCombined_18: 837
sexEquality_18: 163

 --- 
matching_19: 31 5 21 39 28 7 12 37 26 42 22 48 25 9 20 58 53 50 23 30 36 46 60 1 55 44 11 10 19 24 6 17 4 3 27 47 49 18 57 45 54 33 29 34 40 52 16 43 59 41 51 56 8 2 14 13 35 32 15 38 
profileMen_19: 6 12 9 9 0 6 1 3 2 3 0 2 0 2 0 0 0 0 1 0 0 0 0 0 1 0 1 0 0 1 1 0 0 0 0 0 0 0 0 0 0 0 0 0 0 0 0 0 0 0 0 0 0 0 0 0 0 0 0 0 
profileWomen_19: 3 8 8 4 4 3 3 5 5 1 4 3 0 1 1 1 0 2 2 0 1 0 0 1 0 0 0 0 0 0 0 0 0 0 0 0 0 0 0 0 0 0 0 0 0 0 0 0 0 0 0 0 0 0 0 0 0 0 0 0 
profileCombined_19: 9 20 17 13 4 9 4 8 7 4 4 5 0 3 1 1 0 2 3 0 1 0 0 1 1 0 1 0 0 1 1 0 0 0 0 0 0 0 0 0 0 0 0 0 0 0 0 0 0 0 0 0 0 0 0 0 0 0 0 0 
costMen_19: 392
costWomen_19: 457
costCombined_19: 849
sexEquality_19: 65

 --- 
matching_20: 31 5 21 39 28 7 2 37 26 42 22 48 25 9 20 58 53 50 23 30 36 46 60 1 55 44 11 10 19 24 6 17 4 3 27 47 49 18 57 45 54 33 29 34 40 52 16 43 59 41 51 56 8 12 14 13 35 32 15 38 
profileMen_20: 6 12 8 9 0 6 2 3 2 3 0 2 0 2 0 0 0 0 1 0 0 0 0 0 0 0 1 0 0 1 1 1 0 0 0 0 0 0 0 0 0 0 0 0 0 0 0 0 0 0 0 0 0 0 0 0 0 0 0 0 
profileWomen_20: 3 9 9 4 4 3 3 5 5 1 4 3 0 1 1 1 0 1 1 0 1 0 0 1 0 0 0 0 0 0 0 0 0 0 0 0 0 0 0 0 0 0 0 0 0 0 0 0 0 0 0 0 0 0 0 0 0 0 0 0 
profileCombined_20: 9 21 17 13 4 9 5 8 7 4 4 5 0 3 1 1 0 1 2 0 1 0 0 1 0 0 1 0 0 1 1 1 0 0 0 0 0 0 0 0 0 0 0 0 0 0 0 0 0 0 0 0 0 0 0 0 0 0 0 0 
costMen_20: 403
costWomen_20: 425
costCombined_20: 828
sexEquality_20: 22

 --- 
matching_21: 31 5 21 39 28 7 47 37 26 42 22 48 19 9 20 58 53 50 23 30 36 46 60 1 55 44 11 10 12 24 6 17 4 3 27 56 49 35 57 45 54 33 29 34 40 52 16 43 59 41 51 18 8 2 14 13 25 32 15 38 
profileMen_21: 11 12 9 8 1 6 1 3 2 1 0 2 0 1 0 0 0 0 0 0 0 0 0 0 0 0 1 0 0 1 1 0 0 0 0 0 0 0 0 0 0 0 0 0 0 0 0 0 0 0 0 0 0 0 0 0 0 0 0 0 
profileWomen_21: 3 8 8 4 4 3 3 3 4 2 5 2 0 1 1 2 0 2 2 0 1 0 0 1 0 0 0 0 1 0 0 0 0 0 0 0 0 0 0 0 0 0 0 0 0 0 0 0 0 0 0 0 0 0 0 0 0 0 0 0 
profileCombined_21: 14 20 17 12 5 9 4 6 6 3 5 4 0 2 1 2 0 2 2 0 1 0 0 1 0 0 1 0 1 1 1 0 0 0 0 0 0 0 0 0 0 0 0 0 0 0 0 0 0 0 0 0 0 0 0 0 0 0 0 0 
costMen_21: 320
costWomen_21: 486
costCombined_21: 806
sexEquality_21: 166

 --- 
Digraph 
(0,0) (1,0) (0,1) (0,1) (1,1) (0,0) (0,1) (0,1) (0,1) (0,0) 
(0,0) (0,0) (0,1) (0,0) (0,0) (0,0) (0,1) (0,1) (0,0) (0,0) 
(0,0) (0,0) (0,0) (0,0) (0,0) (0,0) (0,1) (1,0) (0,0) (0,0) 
(0,0) (0,0) (0,0) (0,0) (0,0) (1,0) (1,0) (0,1) (0,0) (0,0) 
(0,0) (0,0) (0,0) (0,0) (0,0) (0,1) (1,1) (0,1) (0,0) (1,0) 
(0,0) (0,0) (0,0) (0,0) (0,0) (0,0) (1,1) (0,1) (0,0) (0,0) 
(0,0) (0,0) (0,0) (0,0) (0,0) (0,0) (0,0) (1,1) (0,1) (0,1) 
(0,0) (0,0) (0,0) (0,0) (0,0) (0,0) (0,0) (0,0) (0,0) (1,0) 
(0,0) (0,0) (0,0) (0,0) (0,0) (0,0) (0,0) (0,0) (0,0) (0,0) 
(0,0) (0,0) (0,0) (0,0) (0,0) (0,0) (0,0) (0,0) (0,0) (0,0) 

Simple digraph 
1 2 3 4 6 7 8 
2 6 7 
6 7 
5 6 7 
5 6 7 9 
6 7 
7 8 9 
9 






Duration_ModCreation_milliseconds: 234
Duration_GetSolution_milliseconds: 50
Duration_CollectRes_milliseconds: 0

Duration_Total_milliseconds: 508

exitCode 0
code/Main_GetStableMatchings completed
