// General stats
numRotations: 17
numStableMatchings: 50


// Rotations
rotation_0: (9, 24) (97, 6) (11, 36) (46, 99) (84, 78) (72, 65) 
rotProfileMen_0: -2 0 -1 1 -1 1 0 1 0 1 -1 0 1 0 0 0 0 0 0 0 0 0 0 0 0 0 0 0 0 0 0 0 0 0 0 0 0 0 0 0 0 0 0 0 0 0 0 0 0 0 0 0 0 0 0 0 0 0 0 0 0 0 0 0 0 0 0 0 0 0 0 0 0 0 0 0 0 0 0 0 0 0 0 0 0 0 0 0 0 0 0 0 0 0 0 0 0 0 0 0 
rotProfileWomen_0: 0 1 0 0 0 0 -1 0 1 1 0 0 0 1 0 -1 0 0 0 0 0 0 0 1 0 0 0 0 0 0 0 0 0 0 -1 0 0 0 0 0 0 -1 0 0 0 0 0 0 0 0 0 0 0 0 0 -1 0 0 0 0 0 0 0 0 0 0 0 0 0 0 0 0 0 0 0 0 0 0 0 0 0 0 0 0 0 0 0 0 0 0 0 0 0 0 0 0 0 0 0 0 
rotProfileCombined_0: -2 1 -1 1 -1 1 -1 1 1 2 -1 0 1 1 0 -1 0 0 0 0 0 0 0 1 0 0 0 0 0 0 0 0 0 0 -1 0 0 0 0 0 0 -1 0 0 0 0 0 0 0 0 0 0 0 0 0 -1 0 0 0 0 0 0 0 0 0 0 0 0 0 0 0 0 0 0 0 0 0 0 0 0 0 0 0 0 0 0 0 0 0 0 0 0 0 0 0 0 0 0 0 0 
 --- 
rotation_1: (12, 56) (75, 57) (42, 8) (63, 58) (20, 5) (98, 4) (65, 76) (79, 50) (16, 33) (95, 53) (56, 66) 
rotProfileMen_1: 0 0 -1 -2 -1 0 -2 0 0 0 2 0 0 1 -1 1 1 0 0 1 0 0 0 0 0 0 0 1 0 0 0 0 0 0 0 0 0 0 0 0 0 0 0 0 0 0 0 0 0 0 0 0 0 0 0 0 0 0 0 0 0 0 0 0 0 0 0 0 0 0 0 0 0 0 0 0 0 0 0 0 0 0 0 0 0 0 0 0 0 0 0 0 0 0 0 0 0 0 0 0 
rotProfileWomen_1: 0 0 1 0 1 0 -1 0 1 0 1 0 0 0 -1 1 -1 0 0 0 1 0 1 0 0 1 -1 0 0 0 0 0 0 0 0 -1 0 1 0 -1 -1 0 0 0 0 0 0 0 0 0 0 0 0 0 0 0 0 0 0 0 0 0 0 0 0 0 0 0 0 0 -1 0 0 0 0 0 -1 0 0 0 0 0 0 0 0 0 0 0 0 0 0 0 0 0 0 0 0 0 0 0 
rotProfileCombined_1: 0 0 0 -2 0 0 -3 0 1 0 3 0 0 1 -2 2 0 0 0 1 1 0 1 0 0 1 -1 1 0 0 0 0 0 0 0 -1 0 1 0 -1 -1 0 0 0 0 0 0 0 0 0 0 0 0 0 0 0 0 0 0 0 0 0 0 0 0 0 0 0 0 0 -1 0 0 0 0 0 -1 0 0 0 0 0 0 0 0 0 0 0 0 0 0 0 0 0 0 0 0 0 0 0 
 --- 
rotation_2: (53, 35) (83, 10) 
rotProfileMen_2: -1 0 0 0 1 0 0 0 0 0 0 0 0 -1 0 0 1 0 0 0 0 0 0 0 0 0 0 0 0 0 0 0 0 0 0 0 0 0 0 0 0 0 0 0 0 0 0 0 0 0 0 0 0 0 0 0 0 0 0 0 0 0 0 0 0 0 0 0 0 0 0 0 0 0 0 0 0 0 0 0 0 0 0 0 0 0 0 0 0 0 0 0 0 0 0 0 0 0 0 0 
rotProfileWomen_2: 0 0 0 0 0 0 1 0 0 0 0 0 0 0 0 0 0 0 0 0 0 0 0 0 0 1 0 0 0 0 0 0 0 0 0 0 0 -1 0 0 0 0 0 0 0 0 0 0 0 0 0 0 0 0 0 0 0 0 0 0 0 0 0 0 0 0 0 0 0 0 0 0 -1 0 0 0 0 0 0 0 0 0 0 0 0 0 0 0 0 0 0 0 0 0 0 0 0 0 0 0 
rotProfileCombined_2: -1 0 0 0 1 0 1 0 0 0 0 0 0 -1 0 0 1 0 0 0 0 0 0 0 0 1 0 0 0 0 0 0 0 0 0 0 0 -1 0 0 0 0 0 0 0 0 0 0 0 0 0 0 0 0 0 0 0 0 0 0 0 0 0 0 0 0 0 0 0 0 0 0 -1 0 0 0 0 0 0 0 0 0 0 0 0 0 0 0 0 0 0 0 0 0 0 0 0 0 0 0 
 --- 
rotation_3: (84, 65) (98, 76) (76, 83) 
rotProfileMen_3: 0 0 -1 0 0 0 0 -1 1 0 -1 0 0 0 0 0 0 0 0 0 1 0 0 1 0 0 0 0 0 0 0 0 0 0 0 0 0 0 0 0 0 0 0 0 0 0 0 0 0 0 0 0 0 0 0 0 0 0 0 0 0 0 0 0 0 0 0 0 0 0 0 0 0 0 0 0 0 0 0 0 0 0 0 0 0 0 0 0 0 0 0 0 0 0 0 0 0 0 0 0 
rotProfileWomen_3: 0 0 0 0 0 0 0 0 0 0 1 1 0 0 0 0 0 0 1 0 0 0 -1 0 -1 0 0 0 0 -1 0 0 0 0 0 0 0 0 0 0 0 0 0 0 0 0 0 0 0 0 0 0 0 0 0 0 0 0 0 0 0 0 0 0 0 0 0 0 0 0 0 0 0 0 0 0 0 0 0 0 0 0 0 0 0 0 0 0 0 0 0 0 0 0 0 0 0 0 0 0 
rotProfileCombined_3: 0 0 -1 0 0 0 0 -1 1 0 0 1 0 0 0 0 0 0 1 0 1 0 -1 1 -1 0 0 0 0 -1 0 0 0 0 0 0 0 0 0 0 0 0 0 0 0 0 0 0 0 0 0 0 0 0 0 0 0 0 0 0 0 0 0 0 0 0 0 0 0 0 0 0 0 0 0 0 0 0 0 0 0 0 0 0 0 0 0 0 0 0 0 0 0 0 0 0 0 0 0 0 
 --- 
rotation_4: (17, 85) (65, 50) (57, 32) 
rotProfileMen_4: 0 0 -1 0 -1 0 1 0 0 0 0 0 0 1 0 0 0 0 0 0 0 0 0 0 0 0 0 -1 0 0 0 0 0 1 0 0 0 0 0 0 0 0 0 0 0 0 0 0 0 0 0 0 0 0 0 0 0 0 0 0 0 0 0 0 0 0 0 0 0 0 0 0 0 0 0 0 0 0 0 0 0 0 0 0 0 0 0 0 0 0 0 0 0 0 0 0 0 0 0 0 
rotProfileWomen_4: 1 0 0 0 0 0 0 0 1 0 0 -1 0 0 0 0 0 0 0 0 0 1 0 0 0 0 0 0 0 0 0 0 0 0 0 -1 0 -1 0 0 0 0 0 0 0 0 0 0 0 0 0 0 0 0 0 0 0 0 0 0 0 0 0 0 0 0 0 0 0 0 0 0 0 0 0 0 0 0 0 0 0 0 0 0 0 0 0 0 0 0 0 0 0 0 0 0 0 0 0 0 
rotProfileCombined_4: 1 0 -1 0 -1 0 1 0 1 0 0 -1 0 1 0 0 0 0 0 0 0 1 0 0 0 0 0 -1 0 0 0 0 0 1 0 -1 0 -1 0 0 0 0 0 0 0 0 0 0 0 0 0 0 0 0 0 0 0 0 0 0 0 0 0 0 0 0 0 0 0 0 0 0 0 0 0 0 0 0 0 0 0 0 0 0 0 0 0 0 0 0 0 0 0 0 0 0 0 0 0 0 
 --- 
rotation_5: (36, 84) (27, 26) (74, 38) (56, 56) (76, 65) (80, 98) (29, 39) (22, 42) (58, 41) (63, 5) (14, 91) (47, 74) (88, 97) (35, 13) 
rotProfileMen_5: -4 -1 -3 1 1 1 1 -2 -1 1 1 0 0 1 1 -1 0 0 0 2 1 0 0 0 0 0 0 0 0 0 0 0 0 0 0 1 0 0 0 0 0 0 0 0 0 0 0 0 0 0 0 0 0 0 0 0 0 0 0 0 0 0 0 0 0 0 0 0 0 0 0 0 0 0 0 0 0 0 0 0 0 0 0 0 0 0 0 0 0 0 0 0 0 0 0 0 0 0 0 0 
rotProfileWomen_5: 0 0 0 1 1 1 1 -1 0 0 0 0 1 1 0 1 1 -1 -1 0 1 0 -1 -1 -1 0 1 -1 0 1 0 0 0 0 0 0 0 0 0 0 0 0 0 -1 0 0 0 0 0 -1 0 -2 0 0 0 0 0 0 0 0 0 0 0 0 0 0 0 0 0 0 0 0 0 0 0 0 0 0 0 0 0 0 0 0 0 0 0 0 0 0 0 0 0 0 0 0 0 0 0 0 
rotProfileCombined_5: -4 -1 -3 2 2 2 2 -3 -1 1 1 0 1 2 1 0 1 -1 -1 2 2 0 -1 -1 -1 0 1 -1 0 1 0 0 0 0 0 1 0 0 0 0 0 0 0 -1 0 0 0 0 0 -1 0 -2 0 0 0 0 0 0 0 0 0 0 0 0 0 0 0 0 0 0 0 0 0 0 0 0 0 0 0 0 0 0 0 0 0 0 0 0 0 0 0 0 0 0 0 0 0 0 0 0 
 --- 
rotation_6: (23, 73) (49, 70) 
rotProfileMen_6: -1 0 0 0 0 0 0 -1 1 0 0 0 0 0 0 0 0 0 0 1 0 0 0 0 0 0 0 0 0 0 0 0 0 0 0 0 0 0 0 0 0 0 0 0 0 0 0 0 0 0 0 0 0 0 0 0 0 0 0 0 0 0 0 0 0 0 0 0 0 0 0 0 0 0 0 0 0 0 0 0 0 0 0 0 0 0 0 0 0 0 0 0 0 0 0 0 0 0 0 0 
rotProfileWomen_6: 0 0 0 0 0 0 1 0 0 0 0 0 0 0 0 0 0 0 0 0 0 0 1 0 0 0 0 0 0 0 0 0 0 0 0 0 0 0 -1 -1 0 0 0 0 0 0 0 0 0 0 0 0 0 0 0 0 0 0 0 0 0 0 0 0 0 0 0 0 0 0 0 0 0 0 0 0 0 0 0 0 0 0 0 0 0 0 0 0 0 0 0 0 0 0 0 0 0 0 0 0 
rotProfileCombined_6: -1 0 0 0 0 0 1 -1 1 0 0 0 0 0 0 0 0 0 0 1 0 0 1 0 0 0 0 0 0 0 0 0 0 0 0 0 0 0 -1 -1 0 0 0 0 0 0 0 0 0 0 0 0 0 0 0 0 0 0 0 0 0 0 0 0 0 0 0 0 0 0 0 0 0 0 0 0 0 0 0 0 0 0 0 0 0 0 0 0 0 0 0 0 0 0 0 0 0 0 0 0 
 --- 
rotation_7: (77, 46) (91, 28) (32, 25) (97, 36) (36, 26) (45, 64) (49, 73) (76, 98) (53, 10) (20, 4) (7, 55) (67, 16) (69, 89) (70, 34) 
rotProfileMen_7: 0 0 -3 -3 -1 0 1 0 0 0 0 -1 0 -1 2 2 1 0 0 0 0 1 0 0 0 1 1 0 0 0 0 0 0 0 0 0 0 0 0 0 0 0 0 0 0 0 0 0 0 0 0 0 0 0 0 0 0 0 0 0 0 0 0 0 0 0 0 0 0 0 0 0 0 0 0 0 0 0 0 0 0 0 0 0 0 0 0 0 0 0 0 0 0 0 0 0 0 0 0 0 
rotProfileWomen_7: 1 1 1 2 0 2 0 0 -1 0 0 0 -1 1 -1 0 0 1 1 0 -1 0 0 0 1 -2 -1 0 -1 0 0 0 0 0 -1 0 -2 0 0 0 0 0 0 0 0 0 0 0 0 0 0 0 0 0 0 0 0 0 0 0 0 0 0 0 0 0 0 0 0 0 0 0 0 0 0 0 0 0 0 0 0 0 0 0 0 0 0 0 0 0 0 0 0 0 0 0 0 0 0 0 
rotProfileCombined_7: 1 1 -2 -1 -1 2 1 0 -1 0 0 -1 -1 0 1 2 1 1 1 0 -1 1 0 0 1 -1 0 0 -1 0 0 0 0 0 -1 0 -2 0 0 0 0 0 0 0 0 0 0 0 0 0 0 0 0 0 0 0 0 0 0 0 0 0 0 0 0 0 0 0 0 0 0 0 0 0 0 0 0 0 0 0 0 0 0 0 0 0 0 0 0 0 0 0 0 0 0 0 0 0 0 0 
 --- 
rotation_8: (35, 84) (28, 61) (74, 56) (48, 43) 
rotProfileMen_8: 0 -1 0 0 0 -1 0 -1 0 0 0 0 0 0 0 0 0 0 0 0 1 0 1 0 0 0 0 0 0 0 0 0 1 0 0 0 0 0 0 0 0 0 0 0 0 0 0 0 0 0 0 0 0 0 0 0 0 0 0 0 0 0 0 0 0 0 0 0 0 0 0 0 0 0 0 0 0 0 0 0 0 0 0 0 0 0 0 0 0 0 0 0 0 0 0 0 0 0 0 0 
rotProfileWomen_8: 0 0 0 0 0 0 0 0 1 0 0 0 0 1 -1 -1 1 1 0 -1 0 0 0 -1 0 0 0 0 0 0 0 0 0 0 0 0 0 0 0 0 0 0 0 0 0 0 0 0 0 0 0 0 0 0 0 0 0 0 0 0 0 0 0 0 0 0 0 0 0 0 0 0 0 0 0 0 0 0 0 0 0 0 0 0 0 0 0 0 0 0 0 0 0 0 0 0 0 0 0 0 
rotProfileCombined_8: 0 -1 0 0 0 -1 0 -1 1 0 0 0 0 1 -1 -1 1 1 0 -1 1 0 1 -1 0 0 0 0 0 0 0 0 1 0 0 0 0 0 0 0 0 0 0 0 0 0 0 0 0 0 0 0 0 0 0 0 0 0 0 0 0 0 0 0 0 0 0 0 0 0 0 0 0 0 0 0 0 0 0 0 0 0 0 0 0 0 0 0 0 0 0 0 0 0 0 0 0 0 0 0 
 --- 
rotation_9: (38, 21) (41, 23) (28, 56) (77, 28) 
rotProfileMen_9: -1 0 0 0 -1 -1 0 0 0 0 1 0 0 0 0 0 0 1 0 0 0 1 -1 0 0 0 0 0 0 0 0 0 0 0 0 0 0 1 0 0 0 0 0 0 0 0 0 0 0 0 0 0 0 0 0 0 0 0 0 0 0 0 0 0 0 0 0 0 0 0 0 0 0 0 0 0 0 0 0 0 0 0 0 0 0 0 0 0 0 0 0 0 0 0 0 0 0 0 0 0 
rotProfileWomen_9: 1 -1 0 0 0 0 0 0 0 0 0 1 0 0 0 0 -1 0 1 0 0 0 0 0 -1 0 0 0 0 0 0 0 0 0 0 0 0 0 0 0 0 0 0 0 0 0 0 0 0 0 0 0 0 0 1 0 0 0 0 0 0 -1 0 0 0 0 0 0 0 0 0 0 0 0 0 0 0 0 0 0 0 0 0 0 0 0 0 0 0 0 0 0 0 0 0 0 0 0 0 0 
rotProfileCombined_9: 0 -1 0 0 -1 -1 0 0 0 0 1 1 0 0 0 0 -1 1 1 0 0 1 -1 0 -1 0 0 0 0 0 0 0 0 0 0 0 0 1 0 0 0 0 0 0 0 0 0 0 0 0 0 0 0 0 1 0 0 0 0 0 0 -1 0 0 0 0 0 0 0 0 0 0 0 0 0 0 0 0 0 0 0 0 0 0 0 0 0 0 0 0 0 0 0 0 0 0 0 0 0 0 
 --- 
rotation_10: (12, 57) (29, 42) 
rotProfileMen_10: 0 0 0 -1 0 0 0 0 0 0 0 1 0 0 0 0 0 0 0 -1 0 0 1 0 0 0 0 0 0 0 0 0 0 0 0 0 0 0 0 0 0 0 0 0 0 0 0 0 0 0 0 0 0 0 0 0 0 0 0 0 0 0 0 0 0 0 0 0 0 0 0 0 0 0 0 0 0 0 0 0 0 0 0 0 0 0 0 0 0 0 0 0 0 0 0 0 0 0 0 0 
rotProfileWomen_10: 1 0 0 0 0 0 0 0 0 0 0 0 0 0 1 0 0 0 0 0 -1 0 0 0 0 0 0 0 0 -1 0 0 0 0 0 0 0 0 0 0 0 0 0 0 0 0 0 0 0 0 0 0 0 0 0 0 0 0 0 0 0 0 0 0 0 0 0 0 0 0 0 0 0 0 0 0 0 0 0 0 0 0 0 0 0 0 0 0 0 0 0 0 0 0 0 0 0 0 0 0 
rotProfileCombined_10: 1 0 0 -1 0 0 0 0 0 0 0 1 0 0 1 0 0 0 0 -1 -1 0 1 0 0 0 0 0 0 -1 0 0 0 0 0 0 0 0 0 0 0 0 0 0 0 0 0 0 0 0 0 0 0 0 0 0 0 0 0 0 0 0 0 0 0 0 0 0 0 0 0 0 0 0 0 0 0 0 0 0 0 0 0 0 0 0 0 0 0 0 0 0 0 0 0 0 0 0 0 0 
 --- 
rotation_11: (50, 92) (7, 16) (77, 21) (46, 78) (29, 57) (83, 35) (98, 83) 
rotProfileMen_11: -1 0 0 0 0 -1 0 0 1 -1 0 -1 0 1 1 0 -1 1 0 0 -1 1 1 0 0 0 0 0 0 0 0 0 0 0 0 0 0 0 0 0 0 0 0 0 0 0 0 0 0 0 0 0 0 0 0 0 0 0 0 0 0 0 0 0 0 0 0 0 0 0 0 0 0 0 0 0 0 0 0 0 0 0 0 0 0 0 0 0 0 0 0 0 0 0 0 0 0 0 0 0 
rotProfileWomen_11: 0 1 0 0 0 2 1 1 0 1 -1 0 0 -1 -1 0 0 0 -2 0 0 0 0 0 0 0 0 0 0 0 0 0 0 0 0 0 0 0 0 0 0 0 0 0 0 0 0 0 0 0 0 0 0 0 -1 0 0 0 0 0 0 0 0 0 0 0 0 0 0 0 0 0 0 0 0 0 0 0 0 0 0 0 0 0 0 0 0 0 0 0 0 0 0 0 0 0 0 0 0 0 
rotProfileCombined_11: -1 1 0 0 0 1 1 1 1 0 -1 -1 0 0 0 0 -1 1 -2 0 -1 1 1 0 0 0 0 0 0 0 0 0 0 0 0 0 0 0 0 0 0 0 0 0 0 0 0 0 0 0 0 0 0 0 -1 0 0 0 0 0 0 0 0 0 0 0 0 0 0 0 0 0 0 0 0 0 0 0 0 0 0 0 0 0 0 0 0 0 0 0 0 0 0 0 0 0 0 0 0 0 
 --- 
rotation_12: (60, 18) (15, 62) (73, 86) (42, 58) 
rotProfileMen_12: -2 1 0 0 0 1 0 0 0 0 0 0 0 0 0 0 -1 0 0 0 0 0 0 0 0 1 0 0 0 0 0 0 0 0 0 0 0 0 0 0 0 0 0 0 0 0 0 0 0 0 0 0 0 0 0 0 0 0 0 0 0 0 0 0 0 0 0 0 0 0 0 0 0 0 0 0 0 0 0 0 0 0 0 0 0 0 0 0 0 0 0 0 0 0 0 0 0 0 0 0 
rotProfileWomen_12: 0 0 1 0 0 0 0 1 0 1 0 -1 0 0 0 -2 0 1 -1 0 0 0 0 0 0 0 0 0 0 0 0 0 0 0 0 0 0 0 0 0 0 0 0 0 0 0 0 0 0 0 0 0 0 0 0 0 0 0 0 0 0 0 0 0 0 0 0 0 0 0 0 0 0 0 0 0 0 0 0 0 0 0 0 0 0 0 0 0 0 0 0 0 0 0 0 0 0 0 0 0 
rotProfileCombined_12: -2 1 1 0 0 1 0 1 0 1 0 -1 0 0 0 -2 -1 1 -1 0 0 0 0 0 0 1 0 0 0 0 0 0 0 0 0 0 0 0 0 0 0 0 0 0 0 0 0 0 0 0 0 0 0 0 0 0 0 0 0 0 0 0 0 0 0 0 0 0 0 0 0 0 0 0 0 0 0 0 0 0 0 0 0 0 0 0 0 0 0 0 0 0 0 0 0 0 0 0 0 0 
 --- 
rotation_13: (52, 81) (61, 90) (8, 87) 
rotProfileMen_13: -2 0 0 0 0 0 0 0 1 0 0 -1 0 1 0 0 0 0 0 0 1 0 0 0 0 0 0 0 0 0 0 0 0 0 0 0 0 0 0 0 0 0 0 0 0 0 0 0 0 0 0 0 0 0 0 0 0 0 0 0 0 0 0 0 0 0 0 0 0 0 0 0 0 0 0 0 0 0 0 0 0 0 0 0 0 0 0 0 0 0 0 0 0 0 0 0 0 0 0 0 
rotProfileWomen_13: 0 2 0 -1 0 0 0 1 -1 0 0 0 0 0 0 0 0 0 0 0 0 0 0 0 0 0 0 0 0 0 0 0 0 0 0 0 0 0 0 0 0 0 0 -1 0 0 0 0 0 0 0 0 0 0 0 0 0 0 0 0 0 0 0 0 0 0 0 0 0 0 0 0 0 0 0 0 0 0 0 0 0 0 0 0 0 0 0 0 0 0 0 0 0 0 0 0 0 0 0 0 
rotProfileCombined_13: -2 2 0 -1 0 0 0 1 0 0 0 -1 0 1 0 0 0 0 0 0 1 0 0 0 0 0 0 0 0 0 0 0 0 0 0 0 0 0 0 0 0 0 0 -1 0 0 0 0 0 0 0 0 0 0 0 0 0 0 0 0 0 0 0 0 0 0 0 0 0 0 0 0 0 0 0 0 0 0 0 0 0 0 0 0 0 0 0 0 0 0 0 0 0 0 0 0 0 0 0 0 
 --- 
rotation_14: (5, 48) (63, 91) (98, 92) (45, 73) 
rotProfileMen_14: -1 0 0 0 0 0 -1 1 0 0 0 0 0 0 0 0 0 0 0 -1 0 -1 0 0 0 0 0 0 0 0 0 0 0 0 1 0 0 0 0 0 1 0 0 0 0 1 0 0 0 0 0 0 0 0 0 0 0 0 0 0 0 0 0 0 0 0 0 0 0 0 0 0 0 0 0 0 0 0 0 0 0 0 0 0 0 0 0 0 0 0 0 0 0 0 0 0 0 0 0 0 
rotProfileWomen_14: 0 1 0 1 0 0 0 0 0 1 0 -1 -1 0 -1 0 0 0 0 0 0 0 0 0 0 0 0 0 0 0 0 0 0 0 0 0 0 0 0 0 0 0 0 0 0 0 0 0 0 0 0 0 0 0 0 0 0 0 0 0 0 0 0 0 0 0 0 0 0 0 0 0 0 0 0 0 0 0 0 0 0 0 0 0 0 0 0 0 0 0 0 0 0 0 0 0 0 0 0 0 
rotProfileCombined_14: -1 1 0 1 0 0 -1 1 0 1 0 -1 -1 0 -1 0 0 0 0 -1 0 -1 0 0 0 0 0 0 0 0 0 0 0 0 1 0 0 0 0 0 1 0 0 0 0 1 0 0 0 0 0 0 0 0 0 0 0 0 0 0 0 0 0 0 0 0 0 0 0 0 0 0 0 0 0 0 0 0 0 0 0 0 0 0 0 0 0 0 0 0 0 0 0 0 0 0 0 0 0 0 
 --- 
rotation_15: (1, 22) (33, 44) (19, 17) (96, 77) (42, 18) (90, 60) (31, 100) (24, 51) (45, 48) (10, 63) (83, 83) 
rotProfileMen_15: -2 0 -1 0 -1 0 -1 -1 0 1 -1 1 0 0 1 0 0 0 0 1 0 -1 0 1 0 -1 1 0 1 0 0 0 0 0 0 0 0 0 0 0 0 0 0 0 0 1 0 0 0 0 0 0 0 0 0 0 0 0 0 1 0 0 0 0 0 0 0 0 0 0 0 0 0 0 0 0 0 0 0 0 0 0 0 0 0 0 0 0 0 0 0 0 0 0 0 0 0 0 0 0 
rotProfileWomen_15: 0 0 3 1 1 -1 0 -2 1 0 0 0 -1 -1 0 0 -1 0 0 0 1 0 0 0 0 1 -1 0 0 0 0 0 -1 0 0 0 0 0 0 0 0 0 0 0 0 0 0 0 0 0 0 0 0 0 0 0 0 0 0 0 0 0 0 0 0 0 0 0 0 0 0 0 0 0 0 0 0 0 0 0 0 0 0 0 0 0 0 0 0 0 0 0 0 0 0 0 0 0 0 0 
rotProfileCombined_15: -2 0 2 1 0 -1 -1 -3 1 1 -1 1 -1 -1 1 0 -1 0 0 1 1 -1 0 1 0 0 0 0 1 0 0 0 -1 0 0 0 0 0 0 0 0 0 0 0 0 1 0 0 0 0 0 0 0 0 0 0 0 0 0 1 0 0 0 0 0 0 0 0 0 0 0 0 0 0 0 0 0 0 0 0 0 0 0 0 0 0 0 0 0 0 0 0 0 0 0 0 0 0 0 0 
 --- 
rotation_16: (22, 41) (50, 16) (60, 62) (61, 87) (33, 17) 
rotProfileMen_16: 0 0 -1 0 0 0 0 0 0 1 0 0 0 -1 1 0 0 0 0 0 -1 0 0 0 0 0 0 0 0 0 0 0 1 0 0 -1 0 0 0 0 0 0 0 0 0 0 0 0 0 0 0 0 0 0 0 1 0 0 0 -1 0 0 0 0 0 0 0 0 0 0 0 0 0 0 0 0 0 0 0 0 0 0 0 0 0 0 0 0 0 0 0 0 0 0 0 1 0 0 0 0 
rotProfileWomen_16: 1 -1 0 1 0 0 0 0 0 -1 0 0 0 1 1 0 -1 -1 0 0 0 0 0 0 1 -1 0 0 0 0 0 0 0 0 0 0 0 0 0 0 0 0 0 0 0 0 0 0 0 0 0 0 0 0 0 0 0 0 0 0 0 0 0 0 0 0 0 0 0 0 0 0 0 0 0 0 0 0 0 0 0 0 0 0 0 0 0 0 0 0 0 0 0 0 0 0 0 0 0 0 
rotProfileCombined_16: 1 -1 -1 1 0 0 0 0 0 0 0 0 0 0 2 0 -1 -1 0 0 -1 0 0 0 1 -1 0 0 0 0 0 0 1 0 0 -1 0 0 0 0 0 0 0 0 0 0 0 0 0 0 0 0 0 0 0 1 0 0 0 -1 0 0 0 0 0 0 0 0 0 0 0 0 0 0 0 0 0 0 0 0 0 0 0 0 0 0 0 0 0 0 0 0 0 0 0 1 0 0 0 0 
 --- 


// Stable matchings
// found using rotations not digraph

optimal_stable_matchings: 
rank-maximal_index: 0
generous_index: 26
sex_equal_index: 19
egalitarian_index: 15
generalisedMedian_index: 11

stable_matching_list:
22 72 30 69 48 31 55 87 24 63 36 56 82 91 62 33 85 75 17 5 88 42 73 51 47 20 26 61 39 11 100 25 44 67 13 84 1 21 9 93 23 8 2 59 64 99 74 43 70 92 12 81 35 40 7 66 32 41 14 18 90 68 58 52 76 15 16 37 89 34 71 65 86 38 57 83 46 19 50 98 27 3 10 78 49 29 95 97 45 60 28 80 94 54 53 77 6 4 96 79 
22 72 30 69 48 31 55 87 6 63 99 56 82 91 62 33 85 75 17 5 88 42 73 51 47 20 26 61 39 11 100 25 44 67 13 84 1 21 9 93 23 8 2 59 64 78 74 43 70 92 12 81 35 40 7 66 32 41 14 18 90 68 58 52 76 15 16 37 89 34 71 24 86 38 57 83 46 19 50 98 27 3 10 65 49 29 95 97 45 60 28 80 94 54 53 77 36 4 96 79 
22 72 30 69 48 31 55 87 6 63 99 56 82 91 62 33 85 75 17 5 88 42 73 51 47 20 26 61 39 11 100 25 44 67 13 84 1 21 9 93 23 8 2 59 64 78 74 43 70 92 12 81 10 40 7 66 32 41 14 18 90 68 58 52 76 15 16 37 89 34 71 24 86 38 57 83 46 19 50 98 27 3 35 65 49 29 95 97 45 60 28 80 94 54 53 77 36 4 96 79 
22 72 30 69 48 31 55 87 6 63 99 57 82 91 62 53 85 75 17 4 88 42 73 51 47 20 26 61 39 11 100 25 44 67 13 84 1 21 9 93 23 58 2 59 64 78 74 43 70 92 12 81 35 40 7 56 32 41 14 18 90 68 5 52 50 15 16 37 89 34 71 24 86 38 8 83 46 19 33 98 27 3 10 65 49 29 95 97 45 60 28 80 94 54 66 77 36 76 96 79 
22 72 30 69 48 31 55 87 6 63 99 57 82 91 62 53 85 75 17 4 88 42 73 51 47 20 26 61 39 11 100 25 44 67 13 84 1 21 9 93 23 58 2 59 64 78 74 43 70 92 12 81 10 40 7 56 32 41 14 18 90 68 5 52 50 15 16 37 89 34 71 24 86 38 8 83 46 19 33 98 27 3 35 65 49 29 95 97 45 60 28 80 94 54 66 77 36 76 96 79 
22 72 30 69 48 31 55 87 6 63 99 57 82 91 62 53 85 75 17 4 88 42 73 51 47 20 26 61 39 11 100 25 44 67 13 84 1 21 9 93 23 58 2 59 64 78 74 43 70 92 12 81 10 40 7 56 32 41 14 18 90 68 5 52 50 15 16 37 89 34 71 24 86 38 8 65 46 19 33 98 27 3 35 76 49 29 95 97 45 60 28 80 94 54 66 77 36 83 96 79 
22 72 30 69 48 31 55 87 6 63 99 57 82 91 62 53 50 75 17 4 88 42 73 51 47 20 26 61 39 11 100 25 44 67 13 84 1 21 9 93 23 58 2 59 64 78 74 43 70 92 12 81 10 40 7 56 85 41 14 18 90 68 5 52 32 15 16 37 89 34 71 24 86 38 8 65 46 19 33 98 27 3 35 76 49 29 95 97 45 60 28 80 94 54 66 77 36 83 96 79 
22 72 30 69 48 31 55 87 6 63 99 57 82 91 62 53 50 75 17 4 88 42 70 51 47 20 26 61 39 11 100 25 44 67 13 84 1 21 9 93 23 58 2 59 64 78 74 43 73 92 12 81 10 40 7 56 85 41 14 18 90 68 5 52 32 15 16 37 89 34 71 24 86 38 8 65 46 19 33 98 27 3 35 76 49 29 95 97 45 60 28 80 94 54 66 77 36 83 96 79 
22 72 30 69 48 31 55 87 6 63 99 57 82 74 62 53 50 75 17 4 88 41 73 51 47 20 38 61 42 11 100 25 44 67 84 26 1 21 9 93 23 58 2 59 64 78 97 43 70 92 12 81 10 40 7 65 85 5 14 18 90 68 91 52 32 15 16 37 89 34 71 24 86 56 8 98 46 19 33 39 27 3 35 76 49 29 95 13 45 60 28 80 94 54 66 77 36 83 96 79 
22 72 30 69 48 31 55 87 6 63 99 57 82 74 62 53 50 75 17 4 88 41 70 51 47 20 38 61 42 11 100 25 44 67 84 26 1 21 9 93 23 58 2 59 64 78 97 43 73 92 12 81 10 40 7 65 85 5 14 18 90 68 91 52 32 15 16 37 89 34 71 24 86 56 8 98 46 19 33 39 27 3 35 76 49 29 95 13 45 60 28 80 94 54 66 77 36 83 96 79 
22 72 30 69 48 31 55 87 6 63 99 42 82 74 62 53 50 75 17 4 88 41 70 51 47 20 38 61 57 11 100 25 44 67 84 26 1 21 9 93 23 58 2 59 64 78 97 43 73 92 12 81 10 40 7 65 85 5 14 18 90 68 91 52 32 15 16 37 89 34 71 24 86 56 8 98 46 19 33 39 27 3 35 76 49 29 95 13 45 60 28 80 94 54 66 77 36 83 96 79 
22 72 30 69 48 31 16 87 6 63 99 57 82 74 62 53 50 75 17 55 88 41 70 51 47 20 38 61 42 11 100 36 44 67 84 64 1 21 9 93 23 58 2 59 73 78 97 43 98 92 12 81 4 40 7 65 85 5 14 18 90 68 91 52 32 15 89 37 34 46 71 24 86 56 8 10 28 19 33 39 27 3 35 76 49 29 95 13 45 60 25 80 94 54 66 77 26 83 96 79 
22 72 30 69 48 31 16 87 6 63 99 42 82 74 62 53 50 75 17 55 88 41 70 51 47 20 38 61 57 11 100 36 44 67 84 64 1 21 9 93 23 58 2 59 73 78 97 43 98 92 12 81 4 40 7 65 85 5 14 18 90 68 91 52 32 15 89 37 34 46 71 24 86 56 8 10 28 19 33 39 27 3 35 76 49 29 95 13 45 60 25 80 94 54 66 77 26 83 96 79 
22 72 30 69 48 31 16 81 6 63 99 42 82 74 62 53 50 75 17 55 88 41 70 51 47 20 38 61 57 11 100 36 44 67 84 64 1 21 9 93 23 58 2 59 73 78 97 43 98 92 12 90 4 40 7 65 85 5 14 18 87 68 91 52 32 15 89 37 34 46 71 24 86 56 8 10 28 19 33 39 27 3 35 76 49 29 95 13 45 60 25 80 94 54 66 77 26 83 96 79 
22 72 30 69 48 31 16 87 6 63 99 42 82 74 86 53 50 75 17 55 88 41 70 51 47 20 38 61 57 11 100 36 44 67 84 64 1 21 9 93 23 18 2 59 73 78 97 43 98 92 12 81 4 40 7 65 85 5 14 62 90 68 91 52 32 15 89 37 34 46 71 24 58 56 8 10 28 19 33 39 27 3 35 76 49 29 95 13 45 60 25 80 94 54 66 77 26 83 96 79 
22 72 30 69 48 31 16 81 6 63 99 42 82 74 86 53 50 75 17 55 88 41 70 51 47 20 38 61 57 11 100 36 44 67 84 64 1 21 9 93 23 18 2 59 73 78 97 43 98 92 12 90 4 40 7 65 85 5 14 62 87 68 91 52 32 15 89 37 34 46 71 24 58 56 8 10 28 19 33 39 27 3 35 76 49 29 95 13 45 60 25 80 94 54 66 77 26 83 96 79 
22 72 30 69 48 31 16 87 6 63 99 57 82 74 62 53 50 75 17 55 88 41 70 51 47 20 38 56 42 11 100 36 44 67 61 64 1 21 9 93 23 58 2 59 73 78 97 84 98 92 12 81 4 40 7 65 85 5 14 18 90 68 91 52 32 15 89 37 34 46 71 24 86 43 8 10 28 19 33 39 27 3 35 76 49 29 95 13 45 60 25 80 94 54 66 77 26 83 96 79 
22 72 30 69 48 31 16 87 6 63 99 42 82 74 62 53 50 75 17 55 88 41 70 51 47 20 38 56 57 11 100 36 44 67 61 64 1 21 9 93 23 58 2 59 73 78 97 84 98 92 12 81 4 40 7 65 85 5 14 18 90 68 91 52 32 15 89 37 34 46 71 24 86 43 8 10 28 19 33 39 27 3 35 76 49 29 95 13 45 60 25 80 94 54 66 77 26 83 96 79 
22 72 30 69 48 31 16 81 6 63 99 42 82 74 62 53 50 75 17 55 88 41 70 51 47 20 38 56 57 11 100 36 44 67 61 64 1 21 9 93 23 58 2 59 73 78 97 84 98 92 12 90 4 40 7 65 85 5 14 18 87 68 91 52 32 15 89 37 34 46 71 24 86 43 8 10 28 19 33 39 27 3 35 76 49 29 95 13 45 60 25 80 94 54 66 77 26 83 96 79 
22 72 30 69 48 31 16 87 6 63 99 42 82 74 86 53 50 75 17 55 88 41 70 51 47 20 38 56 57 11 100 36 44 67 61 64 1 21 9 93 23 18 2 59 73 78 97 84 98 92 12 81 4 40 7 65 85 5 14 62 90 68 91 52 32 15 89 37 34 46 71 24 58 43 8 10 28 19 33 39 27 3 35 76 49 29 95 13 45 60 25 80 94 54 66 77 26 83 96 79 
22 72 30 69 48 31 16 81 6 63 99 42 82 74 86 53 50 75 17 55 88 41 70 51 47 20 38 56 57 11 100 36 44 67 61 64 1 21 9 93 23 18 2 59 73 78 97 84 98 92 12 90 4 40 7 65 85 5 14 62 87 68 91 52 32 15 89 37 34 46 71 24 58 43 8 10 28 19 33 39 27 3 35 76 49 29 95 13 45 60 25 80 94 54 66 77 26 83 96 79 
22 72 30 69 48 31 16 81 6 63 99 57 82 74 62 53 50 75 17 55 88 41 70 51 47 20 38 56 42 11 100 36 44 67 61 64 1 21 9 93 23 58 2 59 73 78 97 84 98 92 12 90 4 40 7 65 85 5 14 18 87 68 91 52 32 15 89 37 34 46 71 24 86 43 8 10 28 19 33 39 27 3 35 76 49 29 95 13 45 60 25 80 94 54 66 77 26 83 96 79 
22 72 30 69 48 31 16 87 6 63 99 57 82 74 62 53 50 75 17 55 88 41 70 51 47 20 38 28 42 11 100 36 44 67 61 64 1 23 9 93 56 58 2 59 73 78 97 84 98 92 12 81 4 40 7 65 85 5 14 18 90 68 91 52 32 15 89 37 34 46 71 24 86 43 8 10 21 19 33 39 27 3 35 76 49 29 95 13 45 60 25 80 94 54 66 77 26 83 96 79 
22 72 30 69 48 31 16 87 6 63 99 42 82 74 62 53 50 75 17 55 88 41 70 51 47 20 38 28 57 11 100 36 44 67 61 64 1 23 9 93 56 58 2 59 73 78 97 84 98 92 12 81 4 40 7 65 85 5 14 18 90 68 91 52 32 15 89 37 34 46 71 24 86 43 8 10 21 19 33 39 27 3 35 76 49 29 95 13 45 60 25 80 94 54 66 77 26 83 96 79 
22 72 30 69 48 31 16 81 6 63 99 42 82 74 62 53 50 75 17 55 88 41 70 51 47 20 38 28 57 11 100 36 44 67 61 64 1 23 9 93 56 58 2 59 73 78 97 84 98 92 12 90 4 40 7 65 85 5 14 18 87 68 91 52 32 15 89 37 34 46 71 24 86 43 8 10 21 19 33 39 27 3 35 76 49 29 95 13 45 60 25 80 94 54 66 77 26 83 96 79 
22 72 30 69 48 31 21 87 6 63 99 42 82 74 62 53 50 75 17 55 88 41 70 51 47 20 38 28 35 11 100 36 44 67 61 64 1 23 9 93 56 58 2 59 73 57 97 84 98 16 12 81 4 40 7 65 85 5 14 18 90 68 91 52 32 15 89 37 34 46 71 24 86 43 8 10 78 19 33 39 27 3 83 76 49 29 95 13 45 60 25 80 94 54 66 77 26 92 96 79 
22 72 30 69 48 31 21 81 6 63 99 42 82 74 62 53 50 75 17 55 88 41 70 51 47 20 38 28 35 11 100 36 44 67 61 64 1 23 9 93 56 58 2 59 73 57 97 84 98 16 12 90 4 40 7 65 85 5 14 18 87 68 91 52 32 15 89 37 34 46 71 24 86 43 8 10 78 19 33 39 27 3 83 76 49 29 95 13 45 60 25 80 94 54 66 77 26 92 96 79 
22 72 30 69 91 31 21 81 6 63 99 42 82 74 62 53 50 75 17 55 88 41 70 51 47 20 38 28 35 11 100 36 44 67 61 64 1 23 9 93 56 58 2 59 48 57 97 84 98 16 12 90 4 40 7 65 85 5 14 18 87 68 92 52 32 15 89 37 34 46 71 24 86 43 8 10 78 19 33 39 27 3 83 76 49 29 95 13 45 60 25 80 94 54 66 77 26 73 96 79 
22 72 30 69 48 31 21 87 6 63 99 42 82 74 86 53 50 75 17 55 88 41 70 51 47 20 38 28 35 11 100 36 44 67 61 64 1 23 9 93 56 18 2 59 73 57 97 84 98 16 12 81 4 40 7 65 85 5 14 62 90 68 91 52 32 15 89 37 34 46 71 24 58 43 8 10 78 19 33 39 27 3 83 76 49 29 95 13 45 60 25 80 94 54 66 77 26 92 96 79 
22 72 30 69 48 31 21 81 6 63 99 42 82 74 86 53 50 75 17 55 88 41 70 51 47 20 38 28 35 11 100 36 44 67 61 64 1 23 9 93 56 18 2 59 73 57 97 84 98 16 12 90 4 40 7 65 85 5 14 62 87 68 91 52 32 15 89 37 34 46 71 24 58 43 8 10 78 19 33 39 27 3 83 76 49 29 95 13 45 60 25 80 94 54 66 77 26 92 96 79 
22 72 30 69 91 31 21 81 6 63 99 42 82 74 86 53 50 75 17 55 88 41 70 51 47 20 38 28 35 11 100 36 44 67 61 64 1 23 9 93 56 18 2 59 48 57 97 84 98 16 12 90 4 40 7 65 85 5 14 62 87 68 92 52 32 15 89 37 34 46 71 24 58 43 8 10 78 19 33 39 27 3 83 76 49 29 95 13 45 60 25 80 94 54 66 77 26 73 96 79 
44 72 30 69 91 31 21 81 6 83 99 42 82 74 86 53 50 75 77 55 88 41 70 48 47 20 38 28 35 11 51 36 17 67 61 64 1 23 9 93 56 60 2 59 63 57 97 84 98 16 12 90 4 40 7 65 85 5 14 62 87 68 92 52 32 15 89 37 34 46 71 24 58 43 8 10 78 19 33 39 27 3 22 76 49 29 95 13 45 100 25 80 94 54 66 18 26 73 96 79 
44 72 30 69 91 31 21 81 6 83 99 42 82 74 86 53 50 75 77 55 88 16 70 48 47 20 38 28 35 11 51 36 41 67 61 64 1 23 9 93 56 60 2 59 63 57 97 84 98 62 12 90 4 40 7 65 85 5 14 87 17 68 92 52 32 15 89 37 34 46 71 24 58 43 8 10 78 19 33 39 27 3 22 76 49 29 95 13 45 100 25 80 94 54 66 18 26 73 96 79 
22 72 30 69 48 31 16 87 6 63 99 42 82 74 86 53 50 75 17 55 88 41 70 51 47 20 38 28 57 11 100 36 44 67 61 64 1 23 9 93 56 18 2 59 73 78 97 84 98 92 12 81 4 40 7 65 85 5 14 62 90 68 91 52 32 15 89 37 34 46 71 24 58 43 8 10 21 19 33 39 27 3 35 76 49 29 95 13 45 60 25 80 94 54 66 77 26 83 96 79 
22 72 30 69 48 31 16 81 6 63 99 42 82 74 86 53 50 75 17 55 88 41 70 51 47 20 38 28 57 11 100 36 44 67 61 64 1 23 9 93 56 18 2 59 73 78 97 84 98 92 12 90 4 40 7 65 85 5 14 62 87 68 91 52 32 15 89 37 34 46 71 24 58 43 8 10 21 19 33 39 27 3 35 76 49 29 95 13 45 60 25 80 94 54 66 77 26 83 96 79 
22 72 30 69 48 31 16 81 6 63 99 57 82 74 62 53 50 75 17 55 88 41 70 51 47 20 38 28 42 11 100 36 44 67 61 64 1 23 9 93 56 58 2 59 73 78 97 84 98 92 12 90 4 40 7 65 85 5 14 18 87 68 91 52 32 15 89 37 34 46 71 24 86 43 8 10 21 19 33 39 27 3 35 76 49 29 95 13 45 60 25 80 94 54 66 77 26 83 96 79 
22 72 30 69 48 31 16 81 6 63 99 57 82 74 62 53 50 75 17 55 88 41 70 51 47 20 38 61 42 11 100 36 44 67 84 64 1 21 9 93 23 58 2 59 73 78 97 43 98 92 12 90 4 40 7 65 85 5 14 18 87 68 91 52 32 15 89 37 34 46 71 24 86 56 8 10 28 19 33 39 27 3 35 76 49 29 95 13 45 60 25 80 94 54 66 77 26 83 96 79 
22 72 30 69 48 31 55 87 6 63 99 42 82 74 62 53 50 75 17 4 88 41 73 51 47 20 38 61 57 11 100 25 44 67 84 26 1 21 9 93 23 58 2 59 64 78 97 43 70 92 12 81 10 40 7 65 85 5 14 18 90 68 91 52 32 15 16 37 89 34 71 24 86 56 8 98 46 19 33 39 27 3 35 76 49 29 95 13 45 60 28 80 94 54 66 77 36 83 96 79 
22 72 30 69 48 31 55 87 6 63 99 57 82 91 62 53 85 75 17 4 88 42 70 51 47 20 26 61 39 11 100 25 44 67 13 84 1 21 9 93 23 58 2 59 64 78 74 43 73 92 12 81 10 40 7 56 32 41 14 18 90 68 5 52 50 15 16 37 89 34 71 24 86 38 8 65 46 19 33 98 27 3 35 76 49 29 95 97 45 60 28 80 94 54 66 77 36 83 96 79 
22 72 30 69 48 31 55 87 6 63 99 57 82 91 62 53 50 75 17 4 88 42 73 51 47 20 26 61 39 11 100 25 44 67 13 84 1 21 9 93 23 58 2 59 64 78 74 43 70 92 12 81 10 40 7 56 85 41 14 18 90 68 5 52 32 15 16 37 89 34 71 24 86 38 8 83 46 19 33 98 27 3 35 65 49 29 95 97 45 60 28 80 94 54 66 77 36 76 96 79 
22 72 30 69 48 31 55 87 6 63 99 57 82 91 62 53 50 75 17 4 88 42 70 51 47 20 26 61 39 11 100 25 44 67 13 84 1 21 9 93 23 58 2 59 64 78 74 43 73 92 12 81 10 40 7 56 85 41 14 18 90 68 5 52 32 15 16 37 89 34 71 24 86 38 8 83 46 19 33 98 27 3 35 65 49 29 95 97 45 60 28 80 94 54 66 77 36 76 96 79 
22 72 30 69 48 31 55 87 6 63 99 57 82 91 62 53 85 75 17 4 88 42 70 51 47 20 26 61 39 11 100 25 44 67 13 84 1 21 9 93 23 58 2 59 64 78 74 43 73 92 12 81 10 40 7 56 32 41 14 18 90 68 5 52 50 15 16 37 89 34 71 24 86 38 8 83 46 19 33 98 27 3 35 65 49 29 95 97 45 60 28 80 94 54 66 77 36 76 96 79 
22 72 30 69 48 31 55 87 6 63 99 57 82 91 62 53 85 75 17 4 88 42 73 51 47 20 26 61 39 11 100 25 44 67 13 84 1 21 9 93 23 58 2 59 64 78 74 43 70 92 12 81 35 40 7 56 32 41 14 18 90 68 5 52 50 15 16 37 89 34 71 24 86 38 8 65 46 19 33 98 27 3 10 76 49 29 95 97 45 60 28 80 94 54 66 77 36 83 96 79 
22 72 30 69 48 31 55 87 6 63 99 57 82 91 62 53 50 75 17 4 88 42 73 51 47 20 26 61 39 11 100 25 44 67 13 84 1 21 9 93 23 58 2 59 64 78 74 43 70 92 12 81 35 40 7 56 85 41 14 18 90 68 5 52 32 15 16 37 89 34 71 24 86 38 8 65 46 19 33 98 27 3 10 76 49 29 95 97 45 60 28 80 94 54 66 77 36 83 96 79 
22 72 30 69 48 31 55 87 6 63 99 57 82 91 62 53 50 75 17 4 88 42 70 51 47 20 26 61 39 11 100 25 44 67 13 84 1 21 9 93 23 58 2 59 64 78 74 43 73 92 12 81 35 40 7 56 85 41 14 18 90 68 5 52 32 15 16 37 89 34 71 24 86 38 8 65 46 19 33 98 27 3 10 76 49 29 95 97 45 60 28 80 94 54 66 77 36 83 96 79 
22 72 30 69 48 31 55 87 6 63 99 57 82 91 62 53 85 75 17 4 88 42 70 51 47 20 26 61 39 11 100 25 44 67 13 84 1 21 9 93 23 58 2 59 64 78 74 43 73 92 12 81 35 40 7 56 32 41 14 18 90 68 5 52 50 15 16 37 89 34 71 24 86 38 8 65 46 19 33 98 27 3 10 76 49 29 95 97 45 60 28 80 94 54 66 77 36 83 96 79 
22 72 30 69 48 31 55 87 6 63 99 57 82 91 62 53 50 75 17 4 88 42 73 51 47 20 26 61 39 11 100 25 44 67 13 84 1 21 9 93 23 58 2 59 64 78 74 43 70 92 12 81 35 40 7 56 85 41 14 18 90 68 5 52 32 15 16 37 89 34 71 24 86 38 8 83 46 19 33 98 27 3 10 65 49 29 95 97 45 60 28 80 94 54 66 77 36 76 96 79 
22 72 30 69 48 31 55 87 6 63 99 57 82 91 62 53 50 75 17 4 88 42 70 51 47 20 26 61 39 11 100 25 44 67 13 84 1 21 9 93 23 58 2 59 64 78 74 43 73 92 12 81 35 40 7 56 85 41 14 18 90 68 5 52 32 15 16 37 89 34 71 24 86 38 8 83 46 19 33 98 27 3 10 65 49 29 95 97 45 60 28 80 94 54 66 77 36 76 96 79 
22 72 30 69 48 31 55 87 6 63 99 57 82 91 62 53 85 75 17 4 88 42 70 51 47 20 26 61 39 11 100 25 44 67 13 84 1 21 9 93 23 58 2 59 64 78 74 43 73 92 12 81 35 40 7 56 32 41 14 18 90 68 5 52 50 15 16 37 89 34 71 24 86 38 8 83 46 19 33 98 27 3 10 65 49 29 95 97 45 60 28 80 94 54 66 77 36 76 96 79 
22 72 30 69 48 31 55 87 24 63 36 56 82 91 62 33 85 75 17 5 88 42 73 51 47 20 26 61 39 11 100 25 44 67 13 84 1 21 9 93 23 8 2 59 64 99 74 43 70 92 12 81 10 40 7 66 32 41 14 18 90 68 58 52 76 15 16 37 89 34 71 65 86 38 57 83 46 19 50 98 27 3 35 78 49 29 95 97 45 60 28 80 94 54 53 77 6 4 96 79 


matching_0: 22 72 30 69 48 31 55 87 24 63 36 56 82 91 62 33 85 75 17 5 88 42 73 51 47 20 26 61 39 11 100 25 44 67 13 84 1 21 9 93 23 8 2 59 64 99 74 43 70 92 12 81 35 40 7 66 32 41 14 18 90 68 58 52 76 15 16 37 89 34 71 65 86 38 57 83 46 19 50 98 27 3 10 78 49 29 95 97 45 60 28 80 94 54 53 77 6 4 96 79 
profileMen_0: 25 4 19 8 11 7 4 7 4 1 2 2 2 1 2 0 0 1 0 0 0 0 0 0 0 0 0 0 0 0 0 0 0 0 0 0 0 0 0 0 0 0 0 0 0 0 0 0 0 0 0 0 0 0 0 0 0 0 0 0 0 0 0 0 0 0 0 0 0 0 0 0 0 0 0 0 0 0 0 0 0 0 0 0 0 0 0 0 0 0 0 0 0 0 0 0 0 0 0 0 
profileWomen_0: 10 8 3 2 6 3 4 2 4 0 2 3 2 1 6 3 2 1 2 2 0 0 1 2 2 0 2 1 1 1 0 1 1 0 2 2 2 1 1 2 1 1 0 2 0 0 0 0 0 1 0 2 0 0 0 1 0 0 0 0 0 1 0 0 0 0 0 0 0 0 1 0 1 0 0 0 1 0 0 0 0 0 0 0 0 0 0 0 0 0 0 0 0 0 0 0 0 0 0 0 
profileCombined_0: 35 12 22 10 17 10 8 9 8 1 4 5 4 2 8 3 2 2 2 2 0 0 1 2 2 0 2 1 1 1 0 1 1 0 2 2 2 1 1 2 1 1 0 2 0 0 0 0 0 1 0 2 0 0 0 1 0 0 0 0 0 1 0 0 0 0 0 0 0 0 1 0 1 0 0 0 1 0 0 0 0 0 0 0 0 0 0 0 0 0 0 0 0 0 0 0 0 0 0 0 
costMen_0: 483
costWomen_0: 1901
costCombined_0: 2384
sexEquality_0: 1418

 --- 
matching_1: 22 72 30 69 48 31 55 87 6 63 99 56 82 91 62 33 85 75 17 5 88 42 73 51 47 20 26 61 39 11 100 25 44 67 13 84 1 21 9 93 23 8 2 59 64 78 74 43 70 92 12 81 35 40 7 66 32 41 14 18 90 68 58 52 76 15 16 37 89 34 71 24 86 38 57 83 46 19 50 98 27 3 10 65 49 29 95 97 45 60 28 80 94 54 53 77 36 4 96 79 
profileMen_1: 23 4 18 9 10 8 4 8 4 2 1 2 3 1 2 0 0 1 0 0 0 0 0 0 0 0 0 0 0 0 0 0 0 0 0 0 0 0 0 0 0 0 0 0 0 0 0 0 0 0 0 0 0 0 0 0 0 0 0 0 0 0 0 0 0 0 0 0 0 0 0 0 0 0 0 0 0 0 0 0 0 0 0 0 0 0 0 0 0 0 0 0 0 0 0 0 0 0 0 0 
profileWomen_1: 10 9 3 2 6 3 3 2 5 1 2 3 2 2 6 2 2 1 2 2 0 0 1 3 2 0 2 1 1 1 0 1 1 0 1 2 2 1 1 2 1 0 0 2 0 0 0 0 0 1 0 2 0 0 0 0 0 0 0 0 0 1 0 0 0 0 0 0 0 0 1 0 1 0 0 0 1 0 0 0 0 0 0 0 0 0 0 0 0 0 0 0 0 0 0 0 0 0 0 0 
profileCombined_1: 33 13 21 11 16 11 7 10 9 3 3 5 5 3 8 2 2 2 2 2 0 0 1 3 2 0 2 1 1 1 0 1 1 0 1 2 2 1 1 2 1 0 0 2 0 0 0 0 0 1 0 2 0 0 0 0 0 0 0 0 0 1 0 0 0 0 0 0 0 0 1 0 1 0 0 0 1 0 0 0 0 0 0 0 0 0 0 0 0 0 0 0 0 0 0 0 0 0 0 0 
costMen_1: 503
costWomen_1: 1804
costCombined_1: 2307
sexEquality_1: 1301

 --- 
matching_2: 22 72 30 69 48 31 55 87 6 63 99 56 82 91 62 33 85 75 17 5 88 42 73 51 47 20 26 61 39 11 100 25 44 67 13 84 1 21 9 93 23 8 2 59 64 78 74 43 70 92 12 81 10 40 7 66 32 41 14 18 90 68 58 52 76 15 16 37 89 34 71 24 86 38 57 83 46 19 50 98 27 3 35 65 49 29 95 97 45 60 28 80 94 54 53 77 36 4 96 79 
profileMen_2: 22 4 18 9 11 8 4 8 4 2 1 2 3 0 2 0 1 1 0 0 0 0 0 0 0 0 0 0 0 0 0 0 0 0 0 0 0 0 0 0 0 0 0 0 0 0 0 0 0 0 0 0 0 0 0 0 0 0 0 0 0 0 0 0 0 0 0 0 0 0 0 0 0 0 0 0 0 0 0 0 0 0 0 0 0 0 0 0 0 0 0 0 0 0 0 0 0 0 0 0 
profileWomen_2: 10 9 3 2 6 3 4 2 5 1 2 3 2 2 6 2 2 1 2 2 0 0 1 3 2 1 2 1 1 1 0 1 1 0 1 2 2 0 1 2 1 0 0 2 0 0 0 0 0 1 0 2 0 0 0 0 0 0 0 0 0 1 0 0 0 0 0 0 0 0 1 0 0 0 0 0 1 0 0 0 0 0 0 0 0 0 0 0 0 0 0 0 0 0 0 0 0 0 0 0 
profileCombined_2: 32 13 21 11 17 11 8 10 9 3 3 5 5 2 8 2 3 2 2 2 0 0 1 3 2 1 2 1 1 1 0 1 1 0 1 2 2 0 1 2 1 0 0 2 0 0 0 0 0 1 0 2 0 0 0 0 0 0 0 0 0 1 0 0 0 0 0 0 0 0 1 0 0 0 0 0 1 0 0 0 0 0 0 0 0 0 0 0 0 0 0 0 0 0 0 0 0 0 0 0 
costMen_2: 510
costWomen_2: 1726
costCombined_2: 2236
sexEquality_2: 1216

 --- 
matching_3: 22 72 30 69 48 31 55 87 6 63 99 57 82 91 62 53 85 75 17 4 88 42 73 51 47 20 26 61 39 11 100 25 44 67 13 84 1 21 9 93 23 58 2 59 64 78 74 43 70 92 12 81 35 40 7 56 32 41 14 18 90 68 5 52 50 15 16 37 89 34 71 24 86 38 8 83 46 19 33 98 27 3 10 65 49 29 95 97 45 60 28 80 94 54 66 77 36 76 96 79 
profileMen_3: 23 4 17 7 9 8 2 8 4 2 3 2 3 2 1 1 1 1 0 1 0 0 0 0 0 0 0 1 0 0 0 0 0 0 0 0 0 0 0 0 0 0 0 0 0 0 0 0 0 0 0 0 0 0 0 0 0 0 0 0 0 0 0 0 0 0 0 0 0 0 0 0 0 0 0 0 0 0 0 0 0 0 0 0 0 0 0 0 0 0 0 0 0 0 0 0 0 0 0 0 
profileWomen_3: 10 9 4 2 7 3 2 2 6 1 3 3 2 2 5 3 1 1 2 2 1 0 2 3 2 1 1 1 1 1 0 1 1 0 1 1 2 2 1 1 0 0 0 2 0 0 0 0 0 1 0 2 0 0 0 0 0 0 0 0 0 1 0 0 0 0 0 0 0 0 0 0 1 0 0 0 0 0 0 0 0 0 0 0 0 0 0 0 0 0 0 0 0 0 0 0 0 0 0 0 
profileCombined_3: 33 13 21 9 16 11 4 10 10 3 6 5 5 4 6 4 2 2 2 3 1 0 2 3 2 1 1 2 1 1 0 1 1 0 1 1 2 2 1 1 0 0 0 2 0 0 0 0 0 1 0 2 0 0 0 0 0 0 0 0 0 1 0 0 0 0 0 0 0 0 0 0 1 0 0 0 0 0 0 0 0 0 0 0 0 0 0 0 0 0 0 0 0 0 0 0 0 0 0 0 
costMen_3: 575
costWomen_3: 1625
costCombined_3: 2200
sexEquality_3: 1050

 --- 
matching_4: 22 72 30 69 48 31 55 87 6 63 99 57 82 91 62 53 85 75 17 4 88 42 73 51 47 20 26 61 39 11 100 25 44 67 13 84 1 21 9 93 23 58 2 59 64 78 74 43 70 92 12 81 10 40 7 56 32 41 14 18 90 68 5 52 50 15 16 37 89 34 71 24 86 38 8 83 46 19 33 98 27 3 35 65 49 29 95 97 45 60 28 80 94 54 66 77 36 76 96 79 
profileMen_4: 22 4 17 7 10 8 2 8 4 2 3 2 3 1 1 1 2 1 0 1 0 0 0 0 0 0 0 1 0 0 0 0 0 0 0 0 0 0 0 0 0 0 0 0 0 0 0 0 0 0 0 0 0 0 0 0 0 0 0 0 0 0 0 0 0 0 0 0 0 0 0 0 0 0 0 0 0 0 0 0 0 0 0 0 0 0 0 0 0 0 0 0 0 0 0 0 0 0 0 0 
profileWomen_4: 10 9 4 2 7 3 3 2 6 1 3 3 2 2 5 3 1 1 2 2 1 0 2 3 2 2 1 1 1 1 0 1 1 0 1 1 2 1 1 1 0 0 0 2 0 0 0 0 0 1 0 2 0 0 0 0 0 0 0 0 0 1 0 0 0 0 0 0 0 0 0 0 0 0 0 0 0 0 0 0 0 0 0 0 0 0 0 0 0 0 0 0 0 0 0 0 0 0 0 0 
profileCombined_4: 32 13 21 9 17 11 5 10 10 3 6 5 5 3 6 4 3 2 2 3 1 0 2 3 2 2 1 2 1 1 0 1 1 0 1 1 2 1 1 1 0 0 0 2 0 0 0 0 0 1 0 2 0 0 0 0 0 0 0 0 0 1 0 0 0 0 0 0 0 0 0 0 0 0 0 0 0 0 0 0 0 0 0 0 0 0 0 0 0 0 0 0 0 0 0 0 0 0 0 0 
costMen_4: 582
costWomen_4: 1547
costCombined_4: 2129
sexEquality_4: 965

 --- 
matching_5: 22 72 30 69 48 31 55 87 6 63 99 57 82 91 62 53 85 75 17 4 88 42 73 51 47 20 26 61 39 11 100 25 44 67 13 84 1 21 9 93 23 58 2 59 64 78 74 43 70 92 12 81 10 40 7 56 32 41 14 18 90 68 5 52 50 15 16 37 89 34 71 24 86 38 8 65 46 19 33 98 27 3 35 76 49 29 95 97 45 60 28 80 94 54 66 77 36 83 96 79 
profileMen_5: 22 4 16 7 10 8 2 7 5 2 2 2 3 1 1 1 2 1 0 1 1 0 0 1 0 0 0 1 0 0 0 0 0 0 0 0 0 0 0 0 0 0 0 0 0 0 0 0 0 0 0 0 0 0 0 0 0 0 0 0 0 0 0 0 0 0 0 0 0 0 0 0 0 0 0 0 0 0 0 0 0 0 0 0 0 0 0 0 0 0 0 0 0 0 0 0 0 0 0 0 
profileWomen_5: 10 9 4 2 7 3 3 2 6 1 4 4 2 2 5 3 1 1 3 2 1 0 1 3 1 2 1 1 1 0 0 1 1 0 1 1 2 1 1 1 0 0 0 2 0 0 0 0 0 1 0 2 0 0 0 0 0 0 0 0 0 1 0 0 0 0 0 0 0 0 0 0 0 0 0 0 0 0 0 0 0 0 0 0 0 0 0 0 0 0 0 0 0 0 0 0 0 0 0 0 
profileCombined_5: 32 13 20 9 17 11 5 9 11 3 6 6 5 3 6 4 3 2 3 3 2 0 1 4 1 2 1 2 1 0 0 1 1 0 1 1 2 1 1 1 0 0 0 2 0 0 0 0 0 1 0 2 0 0 0 0 0 0 0 0 0 1 0 0 0 0 0 0 0 0 0 0 0 0 0 0 0 0 0 0 0 0 0 0 0 0 0 0 0 0 0 0 0 0 0 0 0 0 0 0 
costMen_5: 614
costWomen_5: 1511
costCombined_5: 2125
sexEquality_5: 897

 --- 
matching_6: 22 72 30 69 48 31 55 87 6 63 99 57 82 91 62 53 50 75 17 4 88 42 73 51 47 20 26 61 39 11 100 25 44 67 13 84 1 21 9 93 23 58 2 59 64 78 74 43 70 92 12 81 10 40 7 56 85 41 14 18 90 68 5 52 32 15 16 37 89 34 71 24 86 38 8 65 46 19 33 98 27 3 35 76 49 29 95 97 45 60 28 80 94 54 66 77 36 83 96 79 
profileMen_6: 22 4 15 7 9 8 3 7 5 2 2 2 3 2 1 1 2 1 0 1 1 0 0 1 0 0 0 0 0 0 0 0 0 1 0 0 0 0 0 0 0 0 0 0 0 0 0 0 0 0 0 0 0 0 0 0 0 0 0 0 0 0 0 0 0 0 0 0 0 0 0 0 0 0 0 0 0 0 0 0 0 0 0 0 0 0 0 0 0 0 0 0 0 0 0 0 0 0 0 0 
profileWomen_6: 11 9 4 2 7 3 3 2 7 1 4 3 2 2 5 3 1 1 3 2 1 1 1 3 1 2 1 1 1 0 0 1 1 0 1 0 2 0 1 1 0 0 0 2 0 0 0 0 0 1 0 2 0 0 0 0 0 0 0 0 0 1 0 0 0 0 0 0 0 0 0 0 0 0 0 0 0 0 0 0 0 0 0 0 0 0 0 0 0 0 0 0 0 0 0 0 0 0 0 0 
profileCombined_6: 33 13 19 9 16 11 6 9 12 3 6 5 5 4 6 4 3 2 3 3 2 1 1 4 1 2 1 1 1 0 0 1 1 1 1 0 2 0 1 1 0 0 0 2 0 0 0 0 0 1 0 2 0 0 0 0 0 0 0 0 0 1 0 0 0 0 0 0 0 0 0 0 0 0 0 0 0 0 0 0 0 0 0 0 0 0 0 0 0 0 0 0 0 0 0 0 0 0 0 0 
costMen_6: 633
costWomen_6: 1457
costCombined_6: 2090
sexEquality_6: 824

 --- 
matching_7: 22 72 30 69 48 31 55 87 6 63 99 57 82 91 62 53 50 75 17 4 88 42 70 51 47 20 26 61 39 11 100 25 44 67 13 84 1 21 9 93 23 58 2 59 64 78 74 43 73 92 12 81 10 40 7 56 85 41 14 18 90 68 5 52 32 15 16 37 89 34 71 24 86 38 8 65 46 19 33 98 27 3 35 76 49 29 95 97 45 60 28 80 94 54 66 77 36 83 96 79 
profileMen_7: 21 4 15 7 9 8 3 6 6 2 2 2 3 2 1 1 2 1 0 2 1 0 0 1 0 0 0 0 0 0 0 0 0 1 0 0 0 0 0 0 0 0 0 0 0 0 0 0 0 0 0 0 0 0 0 0 0 0 0 0 0 0 0 0 0 0 0 0 0 0 0 0 0 0 0 0 0 0 0 0 0 0 0 0 0 0 0 0 0 0 0 0 0 0 0 0 0 0 0 0 
profileWomen_7: 11 9 4 2 7 3 4 2 7 1 4 3 2 2 5 3 1 1 3 2 1 1 2 3 1 2 1 1 1 0 0 1 1 0 1 0 2 0 0 0 0 0 0 2 0 0 0 0 0 1 0 2 0 0 0 0 0 0 0 0 0 1 0 0 0 0 0 0 0 0 0 0 0 0 0 0 0 0 0 0 0 0 0 0 0 0 0 0 0 0 0 0 0 0 0 0 0 0 0 0 
profileCombined_7: 32 13 19 9 16 11 7 8 13 3 6 5 5 4 6 4 3 2 3 4 2 1 2 4 1 2 1 1 1 0 0 1 1 1 1 0 2 0 0 0 0 0 0 2 0 0 0 0 0 1 0 2 0 0 0 0 0 0 0 0 0 1 0 0 0 0 0 0 0 0 0 0 0 0 0 0 0 0 0 0 0 0 0 0 0 0 0 0 0 0 0 0 0 0 0 0 0 0 0 0 
costMen_7: 653
costWomen_7: 1408
costCombined_7: 2061
sexEquality_7: 755

 --- 
matching_8: 22 72 30 69 48 31 55 87 6 63 99 57 82 74 62 53 50 75 17 4 88 41 73 51 47 20 38 61 42 11 100 25 44 67 84 26 1 21 9 93 23 58 2 59 64 78 97 43 70 92 12 81 10 40 7 65 85 5 14 18 90 68 91 52 32 15 16 37 89 34 71 24 86 56 8 98 46 19 33 39 27 3 35 76 49 29 95 13 45 60 28 80 94 54 66 77 36 83 96 79 
profileMen_8: 18 3 12 8 10 9 4 5 4 3 3 2 3 3 2 0 2 1 0 3 2 0 0 1 0 0 0 0 0 0 0 0 0 1 0 1 0 0 0 0 0 0 0 0 0 0 0 0 0 0 0 0 0 0 0 0 0 0 0 0 0 0 0 0 0 0 0 0 0 0 0 0 0 0 0 0 0 0 0 0 0 0 0 0 0 0 0 0 0 0 0 0 0 0 0 0 0 0 0 0 
profileWomen_8: 11 9 4 3 8 4 4 1 7 1 4 3 3 3 5 4 2 0 2 2 2 1 0 2 0 2 2 0 1 1 0 1 1 0 1 0 2 0 1 1 0 0 0 1 0 0 0 0 0 0 0 0 0 0 0 0 0 0 0 0 0 1 0 0 0 0 0 0 0 0 0 0 0 0 0 0 0 0 0 0 0 0 0 0 0 0 0 0 0 0 0 0 0 0 0 0 0 0 0 0 
profileCombined_8: 29 12 16 11 18 13 8 6 11 4 7 5 6 6 7 4 4 1 2 5 4 1 0 3 0 2 2 0 1 1 0 1 1 1 1 1 2 0 1 1 0 0 0 1 0 0 0 0 0 0 0 0 0 0 0 0 0 0 0 0 0 1 0 0 0 0 0 0 0 0 0 0 0 0 0 0 0 0 0 0 0 0 0 0 0 0 0 0 0 0 0 0 0 0 0 0 0 0 0 0 
costMen_8: 746
costWomen_8: 1274
costCombined_8: 2020
sexEquality_8: 528

 --- 
matching_9: 22 72 30 69 48 31 55 87 6 63 99 57 82 74 62 53 50 75 17 4 88 41 70 51 47 20 38 61 42 11 100 25 44 67 84 26 1 21 9 93 23 58 2 59 64 78 97 43 73 92 12 81 10 40 7 65 85 5 14 18 90 68 91 52 32 15 16 37 89 34 71 24 86 56 8 98 46 19 33 39 27 3 35 76 49 29 95 13 45 60 28 80 94 54 66 77 36 83 96 79 
profileMen_9: 17 3 12 8 10 9 4 4 5 3 3 2 3 3 2 0 2 1 0 4 2 0 0 1 0 0 0 0 0 0 0 0 0 1 0 1 0 0 0 0 0 0 0 0 0 0 0 0 0 0 0 0 0 0 0 0 0 0 0 0 0 0 0 0 0 0 0 0 0 0 0 0 0 0 0 0 0 0 0 0 0 0 0 0 0 0 0 0 0 0 0 0 0 0 0 0 0 0 0 0 
profileWomen_9: 11 9 4 3 8 4 5 1 7 1 4 3 3 3 5 4 2 0 2 2 2 1 1 2 0 2 2 0 1 1 0 1 1 0 1 0 2 0 0 0 0 0 0 1 0 0 0 0 0 0 0 0 0 0 0 0 0 0 0 0 0 1 0 0 0 0 0 0 0 0 0 0 0 0 0 0 0 0 0 0 0 0 0 0 0 0 0 0 0 0 0 0 0 0 0 0 0 0 0 0 
profileCombined_9: 28 12 16 11 18 13 9 5 12 4 7 5 6 6 7 4 4 1 2 6 4 1 1 3 0 2 2 0 1 1 0 1 1 1 1 1 2 0 0 0 0 0 0 1 0 0 0 0 0 0 0 0 0 0 0 0 0 0 0 0 0 1 0 0 0 0 0 0 0 0 0 0 0 0 0 0 0 0 0 0 0 0 0 0 0 0 0 0 0 0 0 0 0 0 0 0 0 0 0 0 
costMen_9: 766
costWomen_9: 1225
costCombined_9: 1991
sexEquality_9: 459

 --- 
matching_10: 22 72 30 69 48 31 55 87 6 63 99 42 82 74 62 53 50 75 17 4 88 41 70 51 47 20 38 61 57 11 100 25 44 67 84 26 1 21 9 93 23 58 2 59 64 78 97 43 73 92 12 81 10 40 7 65 85 5 14 18 90 68 91 52 32 15 16 37 89 34 71 24 86 56 8 98 46 19 33 39 27 3 35 76 49 29 95 13 45 60 28 80 94 54 66 77 36 83 96 79 
profileMen_10: 17 3 12 7 10 9 4 4 5 3 3 3 3 3 2 0 2 1 0 3 2 0 1 1 0 0 0 0 0 0 0 0 0 1 0 1 0 0 0 0 0 0 0 0 0 0 0 0 0 0 0 0 0 0 0 0 0 0 0 0 0 0 0 0 0 0 0 0 0 0 0 0 0 0 0 0 0 0 0 0 0 0 0 0 0 0 0 0 0 0 0 0 0 0 0 0 0 0 0 0 
profileWomen_10: 12 9 4 3 8 4 5 1 7 1 4 3 3 3 6 4 2 0 2 2 1 1 1 2 0 2 2 0 1 0 0 1 1 0 1 0 2 0 0 0 0 0 0 1 0 0 0 0 0 0 0 0 0 0 0 0 0 0 0 0 0 1 0 0 0 0 0 0 0 0 0 0 0 0 0 0 0 0 0 0 0 0 0 0 0 0 0 0 0 0 0 0 0 0 0 0 0 0 0 0 
profileCombined_10: 29 12 16 10 18 13 9 5 12 4 7 6 6 6 8 4 4 1 2 5 3 1 2 3 0 2 2 0 1 0 0 1 1 1 1 1 2 0 0 0 0 0 0 1 0 0 0 0 0 0 0 0 0 0 0 0 0 0 0 0 0 1 0 0 0 0 0 0 0 0 0 0 0 0 0 0 0 0 0 0 0 0 0 0 0 0 0 0 0 0 0 0 0 0 0 0 0 0 0 0 
costMen_10: 777
costWomen_10: 1190
costCombined_10: 1967
sexEquality_10: 413

 --- 
matching_11: 22 72 30 69 48 31 16 87 6 63 99 57 82 74 62 53 50 75 17 55 88 41 70 51 47 20 38 61 42 11 100 36 44 67 84 64 1 21 9 93 23 58 2 59 73 78 97 43 98 92 12 81 4 40 7 65 85 5 14 18 90 68 91 52 32 15 89 37 34 46 71 24 86 56 8 10 28 19 33 39 27 3 35 76 49 29 95 13 45 60 25 80 94 54 66 77 26 83 96 79 
profileMen_11: 17 3 9 5 9 9 5 4 5 3 3 1 3 2 4 2 3 1 0 4 2 1 0 1 0 1 1 0 0 0 0 0 0 1 0 1 0 0 0 0 0 0 0 0 0 0 0 0 0 0 0 0 0 0 0 0 0 0 0 0 0 0 0 0 0 0 0 0 0 0 0 0 0 0 0 0 0 0 0 0 0 0 0 0 0 0 0 0 0 0 0 0 0 0 0 0 0 0 0 0 
profileWomen_11: 12 10 5 5 8 6 5 1 6 1 4 3 2 4 4 4 2 1 3 2 1 1 1 2 1 0 1 0 0 1 0 1 1 0 0 0 0 0 0 0 0 0 0 1 0 0 0 0 0 0 0 0 0 0 0 0 0 0 0 0 0 1 0 0 0 0 0 0 0 0 0 0 0 0 0 0 0 0 0 0 0 0 0 0 0 0 0 0 0 0 0 0 0 0 0 0 0 0 0 0 
profileCombined_11: 29 13 14 10 17 15 10 5 11 4 7 4 5 6 8 6 5 2 3 6 3 2 1 3 1 1 2 0 0 1 0 1 1 1 0 1 0 0 0 0 0 0 0 1 0 0 0 0 0 0 0 0 0 0 0 0 0 0 0 0 0 1 0 0 0 0 0 0 0 0 0 0 0 0 0 0 0 0 0 0 0 0 0 0 0 0 0 0 0 0 0 0 0 0 0 0 0 0 0 0 
costMen_11: 875
costWomen_11: 1052
costCombined_11: 1927
sexEquality_11: 177

 --- 
matching_12: 22 72 30 69 48 31 16 87 6 63 99 42 82 74 62 53 50 75 17 55 88 41 70 51 47 20 38 61 57 11 100 36 44 67 84 64 1 21 9 93 23 58 2 59 73 78 97 43 98 92 12 81 4 40 7 65 85 5 14 18 90 68 91 52 32 15 89 37 34 46 71 24 86 56 8 10 28 19 33 39 27 3 35 76 49 29 95 13 45 60 25 80 94 54 66 77 26 83 96 79 
profileMen_12: 17 3 9 4 9 9 5 4 5 3 3 2 3 2 4 2 3 1 0 3 2 1 1 1 0 1 1 0 0 0 0 0 0 1 0 1 0 0 0 0 0 0 0 0 0 0 0 0 0 0 0 0 0 0 0 0 0 0 0 0 0 0 0 0 0 0 0 0 0 0 0 0 0 0 0 0 0 0 0 0 0 0 0 0 0 0 0 0 0 0 0 0 0 0 0 0 0 0 0 0 
profileWomen_12: 13 10 5 5 8 6 5 1 6 1 4 3 2 4 5 4 2 1 3 2 0 1 1 2 1 0 1 0 0 0 0 1 1 0 0 0 0 0 0 0 0 0 0 1 0 0 0 0 0 0 0 0 0 0 0 0 0 0 0 0 0 1 0 0 0 0 0 0 0 0 0 0 0 0 0 0 0 0 0 0 0 0 0 0 0 0 0 0 0 0 0 0 0 0 0 0 0 0 0 0 
profileCombined_12: 30 13 14 9 17 15 10 5 11 4 7 5 5 6 9 6 5 2 3 5 2 2 2 3 1 1 2 0 0 0 0 1 1 1 0 1 0 0 0 0 0 0 0 1 0 0 0 0 0 0 0 0 0 0 0 0 0 0 0 0 0 1 0 0 0 0 0 0 0 0 0 0 0 0 0 0 0 0 0 0 0 0 0 0 0 0 0 0 0 0 0 0 0 0 0 0 0 0 0 0 
costMen_12: 886
costWomen_12: 1017
costCombined_12: 1903
sexEquality_12: 131

 --- 
matching_13: 22 72 30 69 48 31 16 81 6 63 99 42 82 74 62 53 50 75 17 55 88 41 70 51 47 20 38 61 57 11 100 36 44 67 84 64 1 21 9 93 23 58 2 59 73 78 97 43 98 92 12 90 4 40 7 65 85 5 14 18 87 68 91 52 32 15 89 37 34 46 71 24 86 56 8 10 28 19 33 39 27 3 35 76 49 29 95 13 45 60 25 80 94 54 66 77 26 83 96 79 
profileMen_13: 15 3 9 4 9 9 5 4 6 3 3 1 3 3 4 2 3 1 0 3 3 1 1 1 0 1 1 0 0 0 0 0 0 1 0 1 0 0 0 0 0 0 0 0 0 0 0 0 0 0 0 0 0 0 0 0 0 0 0 0 0 0 0 0 0 0 0 0 0 0 0 0 0 0 0 0 0 0 0 0 0 0 0 0 0 0 0 0 0 0 0 0 0 0 0 0 0 0 0 0 
profileWomen_13: 13 12 5 4 8 6 5 2 5 1 4 3 2 4 5 4 2 1 3 2 0 1 1 2 1 0 1 0 0 0 0 1 1 0 0 0 0 0 0 0 0 0 0 0 0 0 0 0 0 0 0 0 0 0 0 0 0 0 0 0 0 1 0 0 0 0 0 0 0 0 0 0 0 0 0 0 0 0 0 0 0 0 0 0 0 0 0 0 0 0 0 0 0 0 0 0 0 0 0 0 
profileCombined_13: 28 15 14 8 17 15 10 6 11 4 7 4 5 7 9 6 5 2 3 5 3 2 2 3 1 1 2 0 0 0 0 1 1 1 0 1 0 0 0 0 0 0 0 0 0 0 0 0 0 0 0 0 0 0 0 0 0 0 0 0 0 1 0 0 0 0 0 0 0 0 0 0 0 0 0 0 0 0 0 0 0 0 0 0 0 0 0 0 0 0 0 0 0 0 0 0 0 0 0 0 
costMen_13: 916
costWomen_13: 972
costCombined_13: 1888
sexEquality_13: 56

 --- 
matching_14: 22 72 30 69 48 31 16 87 6 63 99 42 82 74 86 53 50 75 17 55 88 41 70 51 47 20 38 61 57 11 100 36 44 67 84 64 1 21 9 93 23 18 2 59 73 78 97 43 98 92 12 81 4 40 7 65 85 5 14 62 90 68 91 52 32 15 89 37 34 46 71 24 58 56 8 10 28 19 33 39 27 3 35 76 49 29 95 13 45 60 25 80 94 54 66 77 26 83 96 79 
profileMen_14: 15 4 9 4 9 10 5 4 5 3 3 2 3 2 4 2 2 1 0 3 2 1 1 1 0 2 1 0 0 0 0 0 0 1 0 1 0 0 0 0 0 0 0 0 0 0 0 0 0 0 0 0 0 0 0 0 0 0 0 0 0 0 0 0 0 0 0 0 0 0 0 0 0 0 0 0 0 0 0 0 0 0 0 0 0 0 0 0 0 0 0 0 0 0 0 0 0 0 0 0 
profileWomen_14: 13 10 6 5 8 6 5 2 6 2 4 2 2 4 5 2 2 2 2 2 0 1 1 2 1 0 1 0 0 0 0 1 1 0 0 0 0 0 0 0 0 0 0 1 0 0 0 0 0 0 0 0 0 0 0 0 0 0 0 0 0 1 0 0 0 0 0 0 0 0 0 0 0 0 0 0 0 0 0 0 0 0 0 0 0 0 0 0 0 0 0 0 0 0 0 0 0 0 0 0 
profileCombined_14: 28 14 15 9 17 16 10 6 11 5 7 4 5 6 9 4 4 3 2 5 2 2 2 3 1 2 2 0 0 0 0 1 1 1 0 1 0 0 0 0 0 0 0 1 0 0 0 0 0 0 0 0 0 0 0 0 0 0 0 0 0 1 0 0 0 0 0 0 0 0 0 0 0 0 0 0 0 0 0 0 0 0 0 0 0 0 0 0 0 0 0 0 0 0 0 0 0 0 0 0 
costMen_14: 901
costWomen_14: 993
costCombined_14: 1894
sexEquality_14: 92

 --- 
matching_15: 22 72 30 69 48 31 16 81 6 63 99 42 82 74 86 53 50 75 17 55 88 41 70 51 47 20 38 61 57 11 100 36 44 67 84 64 1 21 9 93 23 18 2 59 73 78 97 43 98 92 12 90 4 40 7 65 85 5 14 62 87 68 91 52 32 15 89 37 34 46 71 24 58 56 8 10 28 19 33 39 27 3 35 76 49 29 95 13 45 60 25 80 94 54 66 77 26 83 96 79 
profileMen_15: 13 4 9 4 9 10 5 4 6 3 3 1 3 3 4 2 2 1 0 3 3 1 1 1 0 2 1 0 0 0 0 0 0 1 0 1 0 0 0 0 0 0 0 0 0 0 0 0 0 0 0 0 0 0 0 0 0 0 0 0 0 0 0 0 0 0 0 0 0 0 0 0 0 0 0 0 0 0 0 0 0 0 0 0 0 0 0 0 0 0 0 0 0 0 0 0 0 0 0 0 
profileWomen_15: 13 12 6 4 8 6 5 3 5 2 4 2 2 4 5 2 2 2 2 2 0 1 1 2 1 0 1 0 0 0 0 1 1 0 0 0 0 0 0 0 0 0 0 0 0 0 0 0 0 0 0 0 0 0 0 0 0 0 0 0 0 1 0 0 0 0 0 0 0 0 0 0 0 0 0 0 0 0 0 0 0 0 0 0 0 0 0 0 0 0 0 0 0 0 0 0 0 0 0 0 
profileCombined_15: 26 16 15 8 17 16 10 7 11 5 7 3 5 7 9 4 4 3 2 5 3 2 2 3 1 2 2 0 0 0 0 1 1 1 0 1 0 0 0 0 0 0 0 0 0 0 0 0 0 0 0 0 0 0 0 0 0 0 0 0 0 1 0 0 0 0 0 0 0 0 0 0 0 0 0 0 0 0 0 0 0 0 0 0 0 0 0 0 0 0 0 0 0 0 0 0 0 0 0 0 
costMen_15: 931
costWomen_15: 948
costCombined_15: 1879
sexEquality_15: 17

 --- 
matching_16: 22 72 30 69 48 31 16 87 6 63 99 57 82 74 62 53 50 75 17 55 88 41 70 51 47 20 38 56 42 11 100 36 44 67 61 64 1 21 9 93 23 58 2 59 73 78 97 84 98 92 12 81 4 40 7 65 85 5 14 18 90 68 91 52 32 15 89 37 34 46 71 24 86 43 8 10 28 19 33 39 27 3 35 76 49 29 95 13 45 60 25 80 94 54 66 77 26 83 96 79 
profileMen_16: 17 2 9 5 9 8 5 3 5 3 3 1 3 2 4 2 3 1 0 4 3 1 1 1 0 1 1 0 0 0 0 0 1 1 0 1 0 0 0 0 0 0 0 0 0 0 0 0 0 0 0 0 0 0 0 0 0 0 0 0 0 0 0 0 0 0 0 0 0 0 0 0 0 0 0 0 0 0 0 0 0 0 0 0 0 0 0 0 0 0 0 0 0 0 0 0 0 0 0 0 
profileWomen_16: 12 10 5 5 8 6 5 1 7 1 4 3 2 5 3 3 3 2 3 1 1 1 1 1 1 0 1 0 0 1 0 1 1 0 0 0 0 0 0 0 0 0 0 1 0 0 0 0 0 0 0 0 0 0 0 0 0 0 0 0 0 1 0 0 0 0 0 0 0 0 0 0 0 0 0 0 0 0 0 0 0 0 0 0 0 0 0 0 0 0 0 0 0 0 0 0 0 0 0 0 
profileCombined_16: 29 12 14 10 17 14 10 4 12 4 7 4 5 7 7 5 6 3 3 5 4 2 2 2 1 1 2 0 0 1 0 1 2 1 0 1 0 0 0 0 0 0 0 1 0 0 0 0 0 0 0 0 0 0 0 0 0 0 0 0 0 1 0 0 0 0 0 0 0 0 0 0 0 0 0 0 0 0 0 0 0 0 0 0 0 0 0 0 0 0 0 0 0 0 0 0 0 0 0 0 
costMen_16: 936
costWomen_16: 1035
costCombined_16: 1971
sexEquality_16: 99

 --- 
matching_17: 22 72 30 69 48 31 16 87 6 63 99 42 82 74 62 53 50 75 17 55 88 41 70 51 47 20 38 56 57 11 100 36 44 67 61 64 1 21 9 93 23 58 2 59 73 78 97 84 98 92 12 81 4 40 7 65 85 5 14 18 90 68 91 52 32 15 89 37 34 46 71 24 86 43 8 10 28 19 33 39 27 3 35 76 49 29 95 13 45 60 25 80 94 54 66 77 26 83 96 79 
profileMen_17: 17 2 9 4 9 8 5 3 5 3 3 2 3 2 4 2 3 1 0 3 3 1 2 1 0 1 1 0 0 0 0 0 1 1 0 1 0 0 0 0 0 0 0 0 0 0 0 0 0 0 0 0 0 0 0 0 0 0 0 0 0 0 0 0 0 0 0 0 0 0 0 0 0 0 0 0 0 0 0 0 0 0 0 0 0 0 0 0 0 0 0 0 0 0 0 0 0 0 0 0 
profileWomen_17: 13 10 5 5 8 6 5 1 7 1 4 3 2 5 4 3 3 2 3 1 0 1 1 1 1 0 1 0 0 0 0 1 1 0 0 0 0 0 0 0 0 0 0 1 0 0 0 0 0 0 0 0 0 0 0 0 0 0 0 0 0 1 0 0 0 0 0 0 0 0 0 0 0 0 0 0 0 0 0 0 0 0 0 0 0 0 0 0 0 0 0 0 0 0 0 0 0 0 0 0 
profileCombined_17: 30 12 14 9 17 14 10 4 12 4 7 5 5 7 8 5 6 3 3 4 3 2 3 2 1 1 2 0 0 0 0 1 2 1 0 1 0 0 0 0 0 0 0 1 0 0 0 0 0 0 0 0 0 0 0 0 0 0 0 0 0 1 0 0 0 0 0 0 0 0 0 0 0 0 0 0 0 0 0 0 0 0 0 0 0 0 0 0 0 0 0 0 0 0 0 0 0 0 0 0 
costMen_17: 947
costWomen_17: 1000
costCombined_17: 1947
sexEquality_17: 53

 --- 
matching_18: 22 72 30 69 48 31 16 81 6 63 99 42 82 74 62 53 50 75 17 55 88 41 70 51 47 20 38 56 57 11 100 36 44 67 61 64 1 21 9 93 23 58 2 59 73 78 97 84 98 92 12 90 4 40 7 65 85 5 14 18 87 68 91 52 32 15 89 37 34 46 71 24 86 43 8 10 28 19 33 39 27 3 35 76 49 29 95 13 45 60 25 80 94 54 66 77 26 83 96 79 
profileMen_18: 15 2 9 4 9 8 5 3 6 3 3 1 3 3 4 2 3 1 0 3 4 1 2 1 0 1 1 0 0 0 0 0 1 1 0 1 0 0 0 0 0 0 0 0 0 0 0 0 0 0 0 0 0 0 0 0 0 0 0 0 0 0 0 0 0 0 0 0 0 0 0 0 0 0 0 0 0 0 0 0 0 0 0 0 0 0 0 0 0 0 0 0 0 0 0 0 0 0 0 0 
profileWomen_18: 13 12 5 4 8 6 5 2 6 1 4 3 2 5 4 3 3 2 3 1 0 1 1 1 1 0 1 0 0 0 0 1 1 0 0 0 0 0 0 0 0 0 0 0 0 0 0 0 0 0 0 0 0 0 0 0 0 0 0 0 0 1 0 0 0 0 0 0 0 0 0 0 0 0 0 0 0 0 0 0 0 0 0 0 0 0 0 0 0 0 0 0 0 0 0 0 0 0 0 0 
profileCombined_18: 28 14 14 8 17 14 10 5 12 4 7 4 5 8 8 5 6 3 3 4 4 2 3 2 1 1 2 0 0 0 0 1 2 1 0 1 0 0 0 0 0 0 0 0 0 0 0 0 0 0 0 0 0 0 0 0 0 0 0 0 0 1 0 0 0 0 0 0 0 0 0 0 0 0 0 0 0 0 0 0 0 0 0 0 0 0 0 0 0 0 0 0 0 0 0 0 0 0 0 0 
costMen_18: 977
costWomen_18: 955
costCombined_18: 1932
sexEquality_18: 22

 --- 
matching_19: 22 72 30 69 48 31 16 87 6 63 99 42 82 74 86 53 50 75 17 55 88 41 70 51 47 20 38 56 57 11 100 36 44 67 61 64 1 21 9 93 23 18 2 59 73 78 97 84 98 92 12 81 4 40 7 65 85 5 14 62 90 68 91 52 32 15 89 37 34 46 71 24 58 43 8 10 28 19 33 39 27 3 35 76 49 29 95 13 45 60 25 80 94 54 66 77 26 83 96 79 
profileMen_19: 15 3 9 4 9 9 5 3 5 3 3 2 3 2 4 2 2 1 0 3 3 1 2 1 0 2 1 0 0 0 0 0 1 1 0 1 0 0 0 0 0 0 0 0 0 0 0 0 0 0 0 0 0 0 0 0 0 0 0 0 0 0 0 0 0 0 0 0 0 0 0 0 0 0 0 0 0 0 0 0 0 0 0 0 0 0 0 0 0 0 0 0 0 0 0 0 0 0 0 0 
profileWomen_19: 13 10 6 5 8 6 5 2 7 2 4 2 2 5 4 1 3 3 2 1 0 1 1 1 1 0 1 0 0 0 0 1 1 0 0 0 0 0 0 0 0 0 0 1 0 0 0 0 0 0 0 0 0 0 0 0 0 0 0 0 0 1 0 0 0 0 0 0 0 0 0 0 0 0 0 0 0 0 0 0 0 0 0 0 0 0 0 0 0 0 0 0 0 0 0 0 0 0 0 0 
profileCombined_19: 28 13 15 9 17 15 10 5 12 5 7 4 5 7 8 3 5 4 2 4 3 2 3 2 1 2 2 0 0 0 0 1 2 1 0 1 0 0 0 0 0 0 0 1 0 0 0 0 0 0 0 0 0 0 0 0 0 0 0 0 0 1 0 0 0 0 0 0 0 0 0 0 0 0 0 0 0 0 0 0 0 0 0 0 0 0 0 0 0 0 0 0 0 0 0 0 0 0 0 0 
costMen_19: 962
costWomen_19: 976
costCombined_19: 1938
sexEquality_19: 14

 --- 
matching_20: 22 72 30 69 48 31 16 81 6 63 99 42 82 74 86 53 50 75 17 55 88 41 70 51 47 20 38 56 57 11 100 36 44 67 61 64 1 21 9 93 23 18 2 59 73 78 97 84 98 92 12 90 4 40 7 65 85 5 14 62 87 68 91 52 32 15 89 37 34 46 71 24 58 43 8 10 28 19 33 39 27 3 35 76 49 29 95 13 45 60 25 80 94 54 66 77 26 83 96 79 
profileMen_20: 13 3 9 4 9 9 5 3 6 3 3 1 3 3 4 2 2 1 0 3 4 1 2 1 0 2 1 0 0 0 0 0 1 1 0 1 0 0 0 0 0 0 0 0 0 0 0 0 0 0 0 0 0 0 0 0 0 0 0 0 0 0 0 0 0 0 0 0 0 0 0 0 0 0 0 0 0 0 0 0 0 0 0 0 0 0 0 0 0 0 0 0 0 0 0 0 0 0 0 0 
profileWomen_20: 13 12 6 4 8 6 5 3 6 2 4 2 2 5 4 1 3 3 2 1 0 1 1 1 1 0 1 0 0 0 0 1 1 0 0 0 0 0 0 0 0 0 0 0 0 0 0 0 0 0 0 0 0 0 0 0 0 0 0 0 0 1 0 0 0 0 0 0 0 0 0 0 0 0 0 0 0 0 0 0 0 0 0 0 0 0 0 0 0 0 0 0 0 0 0 0 0 0 0 0 
profileCombined_20: 26 15 15 8 17 15 10 6 12 5 7 3 5 8 8 3 5 4 2 4 4 2 3 2 1 2 2 0 0 0 0 1 2 1 0 1 0 0 0 0 0 0 0 0 0 0 0 0 0 0 0 0 0 0 0 0 0 0 0 0 0 1 0 0 0 0 0 0 0 0 0 0 0 0 0 0 0 0 0 0 0 0 0 0 0 0 0 0 0 0 0 0 0 0 0 0 0 0 0 0 
costMen_20: 992
costWomen_20: 931
costCombined_20: 1923
sexEquality_20: 61

 --- 
matching_21: 22 72 30 69 48 31 16 81 6 63 99 57 82 74 62 53 50 75 17 55 88 41 70 51 47 20 38 56 42 11 100 36 44 67 61 64 1 21 9 93 23 58 2 59 73 78 97 84 98 92 12 90 4 40 7 65 85 5 14 18 87 68 91 52 32 15 89 37 34 46 71 24 86 43 8 10 28 19 33 39 27 3 35 76 49 29 95 13 45 60 25 80 94 54 66 77 26 83 96 79 
profileMen_21: 15 2 9 5 9 8 5 3 6 3 3 0 3 3 4 2 3 1 0 4 4 1 1 1 0 1 1 0 0 0 0 0 1 1 0 1 0 0 0 0 0 0 0 0 0 0 0 0 0 0 0 0 0 0 0 0 0 0 0 0 0 0 0 0 0 0 0 0 0 0 0 0 0 0 0 0 0 0 0 0 0 0 0 0 0 0 0 0 0 0 0 0 0 0 0 0 0 0 0 0 
profileWomen_21: 12 12 5 4 8 6 5 2 6 1 4 3 2 5 3 3 3 2 3 1 1 1 1 1 1 0 1 0 0 1 0 1 1 0 0 0 0 0 0 0 0 0 0 0 0 0 0 0 0 0 0 0 0 0 0 0 0 0 0 0 0 1 0 0 0 0 0 0 0 0 0 0 0 0 0 0 0 0 0 0 0 0 0 0 0 0 0 0 0 0 0 0 0 0 0 0 0 0 0 0 
profileCombined_21: 27 14 14 9 17 14 10 5 12 4 7 3 5 8 7 5 6 3 3 5 5 2 2 2 1 1 2 0 0 1 0 1 2 1 0 1 0 0 0 0 0 0 0 0 0 0 0 0 0 0 0 0 0 0 0 0 0 0 0 0 0 1 0 0 0 0 0 0 0 0 0 0 0 0 0 0 0 0 0 0 0 0 0 0 0 0 0 0 0 0 0 0 0 0 0 0 0 0 0 0 
costMen_21: 966
costWomen_21: 990
costCombined_21: 1956
sexEquality_21: 24

 --- 
matching_22: 22 72 30 69 48 31 16 87 6 63 99 57 82 74 62 53 50 75 17 55 88 41 70 51 47 20 38 28 42 11 100 36 44 67 61 64 1 23 9 93 56 58 2 59 73 78 97 84 98 92 12 81 4 40 7 65 85 5 14 18 90 68 91 52 32 15 89 37 34 46 71 24 86 43 8 10 21 19 33 39 27 3 35 76 49 29 95 13 45 60 25 80 94 54 66 77 26 83 96 79 
profileMen_22: 16 2 9 5 8 7 5 3 5 3 4 1 3 2 4 2 3 2 0 4 3 2 0 1 0 1 1 0 0 0 0 0 1 1 0 1 0 1 0 0 0 0 0 0 0 0 0 0 0 0 0 0 0 0 0 0 0 0 0 0 0 0 0 0 0 0 0 0 0 0 0 0 0 0 0 0 0 0 0 0 0 0 0 0 0 0 0 0 0 0 0 0 0 0 0 0 0 0 0 0 
profileWomen_22: 13 9 5 5 8 6 5 1 7 1 4 4 2 5 3 3 2 2 4 1 1 1 1 1 0 0 1 0 0 1 0 1 1 0 0 0 0 0 0 0 0 0 0 1 0 0 0 0 0 0 0 0 0 0 1 0 0 0 0 0 0 0 0 0 0 0 0 0 0 0 0 0 0 0 0 0 0 0 0 0 0 0 0 0 0 0 0 0 0 0 0 0 0 0 0 0 0 0 0 0 
profileCombined_22: 29 11 14 10 16 13 10 4 12 4 8 5 5 7 7 5 5 4 4 5 4 3 1 2 0 1 2 0 0 1 0 1 2 1 0 1 0 1 0 0 0 0 0 1 0 0 0 0 0 0 0 0 0 0 1 0 0 0 0 0 0 0 0 0 0 0 0 0 0 0 0 0 0 0 0 0 0 0 0 0 0 0 0 0 0 0 0 0 0 0 0 0 0 0 0 0 0 0 0 0 
costMen_22: 990
costWomen_22: 1016
costCombined_22: 2006
sexEquality_22: 26

 --- 
matching_23: 22 72 30 69 48 31 16 87 6 63 99 42 82 74 62 53 50 75 17 55 88 41 70 51 47 20 38 28 57 11 100 36 44 67 61 64 1 23 9 93 56 58 2 59 73 78 97 84 98 92 12 81 4 40 7 65 85 5 14 18 90 68 91 52 32 15 89 37 34 46 71 24 86 43 8 10 21 19 33 39 27 3 35 76 49 29 95 13 45 60 25 80 94 54 66 77 26 83 96 79 
profileMen_23: 16 2 9 4 8 7 5 3 5 3 4 2 3 2 4 2 3 2 0 3 3 2 1 1 0 1 1 0 0 0 0 0 1 1 0 1 0 1 0 0 0 0 0 0 0 0 0 0 0 0 0 0 0 0 0 0 0 0 0 0 0 0 0 0 0 0 0 0 0 0 0 0 0 0 0 0 0 0 0 0 0 0 0 0 0 0 0 0 0 0 0 0 0 0 0 0 0 0 0 0 
profileWomen_23: 14 9 5 5 8 6 5 1 7 1 4 4 2 5 4 3 2 2 4 1 0 1 1 1 0 0 1 0 0 0 0 1 1 0 0 0 0 0 0 0 0 0 0 1 0 0 0 0 0 0 0 0 0 0 1 0 0 0 0 0 0 0 0 0 0 0 0 0 0 0 0 0 0 0 0 0 0 0 0 0 0 0 0 0 0 0 0 0 0 0 0 0 0 0 0 0 0 0 0 0 
profileCombined_23: 30 11 14 9 16 13 10 4 12 4 8 6 5 7 8 5 5 4 4 4 3 3 2 2 0 1 2 0 0 0 0 1 2 1 0 1 0 1 0 0 0 0 0 1 0 0 0 0 0 0 0 0 0 0 1 0 0 0 0 0 0 0 0 0 0 0 0 0 0 0 0 0 0 0 0 0 0 0 0 0 0 0 0 0 0 0 0 0 0 0 0 0 0 0 0 0 0 0 0 0 
costMen_23: 1001
costWomen_23: 981
costCombined_23: 1982
sexEquality_23: 20

 --- 
matching_24: 22 72 30 69 48 31 16 81 6 63 99 42 82 74 62 53 50 75 17 55 88 41 70 51 47 20 38 28 57 11 100 36 44 67 61 64 1 23 9 93 56 58 2 59 73 78 97 84 98 92 12 90 4 40 7 65 85 5 14 18 87 68 91 52 32 15 89 37 34 46 71 24 86 43 8 10 21 19 33 39 27 3 35 76 49 29 95 13 45 60 25 80 94 54 66 77 26 83 96 79 
profileMen_24: 14 2 9 4 8 7 5 3 6 3 4 1 3 3 4 2 3 2 0 3 4 2 1 1 0 1 1 0 0 0 0 0 1 1 0 1 0 1 0 0 0 0 0 0 0 0 0 0 0 0 0 0 0 0 0 0 0 0 0 0 0 0 0 0 0 0 0 0 0 0 0 0 0 0 0 0 0 0 0 0 0 0 0 0 0 0 0 0 0 0 0 0 0 0 0 0 0 0 0 0 
profileWomen_24: 14 11 5 4 8 6 5 2 6 1 4 4 2 5 4 3 2 2 4 1 0 1 1 1 0 0 1 0 0 0 0 1 1 0 0 0 0 0 0 0 0 0 0 0 0 0 0 0 0 0 0 0 0 0 1 0 0 0 0 0 0 0 0 0 0 0 0 0 0 0 0 0 0 0 0 0 0 0 0 0 0 0 0 0 0 0 0 0 0 0 0 0 0 0 0 0 0 0 0 0 
profileCombined_24: 28 13 14 8 16 13 10 5 12 4 8 5 5 8 8 5 5 4 4 4 4 3 2 2 0 1 2 0 0 0 0 1 2 1 0 1 0 1 0 0 0 0 0 0 0 0 0 0 0 0 0 0 0 0 1 0 0 0 0 0 0 0 0 0 0 0 0 0 0 0 0 0 0 0 0 0 0 0 0 0 0 0 0 0 0 0 0 0 0 0 0 0 0 0 0 0 0 0 0 0 
costMen_24: 1031
costWomen_24: 936
costCombined_24: 1967
sexEquality_24: 95

 --- 
matching_25: 22 72 30 69 48 31 21 87 6 63 99 42 82 74 62 53 50 75 17 55 88 41 70 51 47 20 38 28 35 11 100 36 44 67 61 64 1 23 9 93 56 58 2 59 73 57 97 84 98 16 12 81 4 40 7 65 85 5 14 18 90 68 91 52 32 15 89 37 34 46 71 24 86 43 8 10 78 19 33 39 27 3 83 76 49 29 95 13 45 60 25 80 94 54 66 77 26 92 96 79 
profileMen_25: 15 2 9 4 8 6 5 3 6 2 4 1 3 3 5 2 2 3 0 3 2 3 2 1 0 1 1 0 0 0 0 0 1 1 0 1 0 1 0 0 0 0 0 0 0 0 0 0 0 0 0 0 0 0 0 0 0 0 0 0 0 0 0 0 0 0 0 0 0 0 0 0 0 0 0 0 0 0 0 0 0 0 0 0 0 0 0 0 0 0 0 0 0 0 0 0 0 0 0 0 
profileWomen_25: 14 10 5 5 8 8 6 2 7 2 3 4 2 4 3 3 2 2 2 1 0 1 1 1 0 0 1 0 0 0 0 1 1 0 0 0 0 0 0 0 0 0 0 1 0 0 0 0 0 0 0 0 0 0 0 0 0 0 0 0 0 0 0 0 0 0 0 0 0 0 0 0 0 0 0 0 0 0 0 0 0 0 0 0 0 0 0 0 0 0 0 0 0 0 0 0 0 0 0 0 
profileCombined_25: 29 12 14 9 16 14 11 5 13 4 7 5 5 7 8 5 4 5 2 4 2 4 3 2 0 1 2 0 0 0 0 1 2 1 0 1 0 1 0 0 0 0 0 1 0 0 0 0 0 0 0 0 0 0 0 0 0 0 0 0 0 0 0 0 0 0 0 0 0 0 0 0 0 0 0 0 0 0 0 0 0 0 0 0 0 0 0 0 0 0 0 0 0 0 0 0 0 0 0 0 
costMen_25: 1035
costWomen_25: 887
costCombined_25: 1922
sexEquality_25: 148

 --- 
matching_26: 22 72 30 69 48 31 21 81 6 63 99 42 82 74 62 53 50 75 17 55 88 41 70 51 47 20 38 28 35 11 100 36 44 67 61 64 1 23 9 93 56 58 2 59 73 57 97 84 98 16 12 90 4 40 7 65 85 5 14 18 87 68 91 52 32 15 89 37 34 46 71 24 86 43 8 10 78 19 33 39 27 3 83 76 49 29 95 13 45 60 25 80 94 54 66 77 26 92 96 79 
profileMen_26: 13 2 9 4 8 6 5 3 7 2 4 0 3 4 5 2 2 3 0 3 3 3 2 1 0 1 1 0 0 0 0 0 1 1 0 1 0 1 0 0 0 0 0 0 0 0 0 0 0 0 0 0 0 0 0 0 0 0 0 0 0 0 0 0 0 0 0 0 0 0 0 0 0 0 0 0 0 0 0 0 0 0 0 0 0 0 0 0 0 0 0 0 0 0 0 0 0 0 0 0 
profileWomen_26: 14 12 5 4 8 8 6 3 6 2 3 4 2 4 3 3 2 2 2 1 0 1 1 1 0 0 1 0 0 0 0 1 1 0 0 0 0 0 0 0 0 0 0 0 0 0 0 0 0 0 0 0 0 0 0 0 0 0 0 0 0 0 0 0 0 0 0 0 0 0 0 0 0 0 0 0 0 0 0 0 0 0 0 0 0 0 0 0 0 0 0 0 0 0 0 0 0 0 0 0 
profileCombined_26: 27 14 14 8 16 14 11 6 13 4 7 4 5 8 8 5 4 5 2 4 3 4 3 2 0 1 2 0 0 0 0 1 2 1 0 1 0 1 0 0 0 0 0 0 0 0 0 0 0 0 0 0 0 0 0 0 0 0 0 0 0 0 0 0 0 0 0 0 0 0 0 0 0 0 0 0 0 0 0 0 0 0 0 0 0 0 0 0 0 0 0 0 0 0 0 0 0 0 0 0 
costMen_26: 1065
costWomen_26: 842
costCombined_26: 1907
sexEquality_26: 223

 --- 
matching_27: 22 72 30 69 91 31 21 81 6 63 99 42 82 74 62 53 50 75 17 55 88 41 70 51 47 20 38 28 35 11 100 36 44 67 61 64 1 23 9 93 56 58 2 59 48 57 97 84 98 16 12 90 4 40 7 65 85 5 14 18 87 68 92 52 32 15 89 37 34 46 71 24 86 43 8 10 78 19 33 39 27 3 83 76 49 29 95 13 45 60 25 80 94 54 66 77 26 73 96 79 
profileMen_27: 12 2 9 4 8 6 4 4 7 2 4 0 3 4 5 2 2 3 0 2 3 2 2 1 0 1 1 0 0 0 0 0 1 1 1 1 0 1 0 0 1 0 0 0 0 1 0 0 0 0 0 0 0 0 0 0 0 0 0 0 0 0 0 0 0 0 0 0 0 0 0 0 0 0 0 0 0 0 0 0 0 0 0 0 0 0 0 0 0 0 0 0 0 0 0 0 0 0 0 0 
profileWomen_27: 14 13 5 5 8 8 6 3 6 3 3 3 1 4 2 3 2 2 2 1 0 1 1 1 0 0 1 0 0 0 0 1 1 0 0 0 0 0 0 0 0 0 0 0 0 0 0 0 0 0 0 0 0 0 0 0 0 0 0 0 0 0 0 0 0 0 0 0 0 0 0 0 0 0 0 0 0 0 0 0 0 0 0 0 0 0 0 0 0 0 0 0 0 0 0 0 0 0 0 0 
profileCombined_27: 26 15 14 9 16 14 10 7 13 5 7 3 4 8 7 5 4 5 2 3 3 3 3 2 0 1 2 0 0 0 0 1 2 1 1 1 0 1 0 0 1 0 0 0 0 1 0 0 0 0 0 0 0 0 0 0 0 0 0 0 0 0 0 0 0 0 0 0 0 0 0 0 0 0 0 0 0 0 0 0 0 0 0 0 0 0 0 0 0 0 0 0 0 0 0 0 0 0 0 0 
costMen_27: 1145
costWomen_27: 818
costCombined_27: 1963
sexEquality_27: 327

 --- 
matching_28: 22 72 30 69 48 31 21 87 6 63 99 42 82 74 86 53 50 75 17 55 88 41 70 51 47 20 38 28 35 11 100 36 44 67 61 64 1 23 9 93 56 18 2 59 73 57 97 84 98 16 12 81 4 40 7 65 85 5 14 62 90 68 91 52 32 15 89 37 34 46 71 24 58 43 8 10 78 19 33 39 27 3 83 76 49 29 95 13 45 60 25 80 94 54 66 77 26 92 96 79 
profileMen_28: 13 3 9 4 8 7 5 3 6 2 4 1 3 3 5 2 1 3 0 3 2 3 2 1 0 2 1 0 0 0 0 0 1 1 0 1 0 1 0 0 0 0 0 0 0 0 0 0 0 0 0 0 0 0 0 0 0 0 0 0 0 0 0 0 0 0 0 0 0 0 0 0 0 0 0 0 0 0 0 0 0 0 0 0 0 0 0 0 0 0 0 0 0 0 0 0 0 0 0 0 
profileWomen_28: 14 10 6 5 8 8 6 3 7 3 3 3 2 4 3 1 2 3 1 1 0 1 1 1 0 0 1 0 0 0 0 1 1 0 0 0 0 0 0 0 0 0 0 1 0 0 0 0 0 0 0 0 0 0 0 0 0 0 0 0 0 0 0 0 0 0 0 0 0 0 0 0 0 0 0 0 0 0 0 0 0 0 0 0 0 0 0 0 0 0 0 0 0 0 0 0 0 0 0 0 
profileCombined_28: 27 13 15 9 16 15 11 6 13 5 7 4 5 7 8 3 3 6 1 4 2 4 3 2 0 2 2 0 0 0 0 1 2 1 0 1 0 1 0 0 0 0 0 1 0 0 0 0 0 0 0 0 0 0 0 0 0 0 0 0 0 0 0 0 0 0 0 0 0 0 0 0 0 0 0 0 0 0 0 0 0 0 0 0 0 0 0 0 0 0 0 0 0 0 0 0 0 0 0 0 
costMen_28: 1050
costWomen_28: 863
costCombined_28: 1913
sexEquality_28: 187

 --- 
matching_29: 22 72 30 69 48 31 21 81 6 63 99 42 82 74 86 53 50 75 17 55 88 41 70 51 47 20 38 28 35 11 100 36 44 67 61 64 1 23 9 93 56 18 2 59 73 57 97 84 98 16 12 90 4 40 7 65 85 5 14 62 87 68 91 52 32 15 89 37 34 46 71 24 58 43 8 10 78 19 33 39 27 3 83 76 49 29 95 13 45 60 25 80 94 54 66 77 26 92 96 79 
profileMen_29: 11 3 9 4 8 7 5 3 7 2 4 0 3 4 5 2 1 3 0 3 3 3 2 1 0 2 1 0 0 0 0 0 1 1 0 1 0 1 0 0 0 0 0 0 0 0 0 0 0 0 0 0 0 0 0 0 0 0 0 0 0 0 0 0 0 0 0 0 0 0 0 0 0 0 0 0 0 0 0 0 0 0 0 0 0 0 0 0 0 0 0 0 0 0 0 0 0 0 0 0 
profileWomen_29: 14 12 6 4 8 8 6 4 6 3 3 3 2 4 3 1 2 3 1 1 0 1 1 1 0 0 1 0 0 0 0 1 1 0 0 0 0 0 0 0 0 0 0 0 0 0 0 0 0 0 0 0 0 0 0 0 0 0 0 0 0 0 0 0 0 0 0 0 0 0 0 0 0 0 0 0 0 0 0 0 0 0 0 0 0 0 0 0 0 0 0 0 0 0 0 0 0 0 0 0 
profileCombined_29: 25 15 15 8 16 15 11 7 13 5 7 3 5 8 8 3 3 6 1 4 3 4 3 2 0 2 2 0 0 0 0 1 2 1 0 1 0 1 0 0 0 0 0 0 0 0 0 0 0 0 0 0 0 0 0 0 0 0 0 0 0 0 0 0 0 0 0 0 0 0 0 0 0 0 0 0 0 0 0 0 0 0 0 0 0 0 0 0 0 0 0 0 0 0 0 0 0 0 0 0 
costMen_29: 1080
costWomen_29: 818
costCombined_29: 1898
sexEquality_29: 262

 --- 
matching_30: 22 72 30 69 91 31 21 81 6 63 99 42 82 74 86 53 50 75 17 55 88 41 70 51 47 20 38 28 35 11 100 36 44 67 61 64 1 23 9 93 56 18 2 59 48 57 97 84 98 16 12 90 4 40 7 65 85 5 14 62 87 68 92 52 32 15 89 37 34 46 71 24 58 43 8 10 78 19 33 39 27 3 83 76 49 29 95 13 45 60 25 80 94 54 66 77 26 73 96 79 
profileMen_30: 10 3 9 4 8 7 4 4 7 2 4 0 3 4 5 2 1 3 0 2 3 2 2 1 0 2 1 0 0 0 0 0 1 1 1 1 0 1 0 0 1 0 0 0 0 1 0 0 0 0 0 0 0 0 0 0 0 0 0 0 0 0 0 0 0 0 0 0 0 0 0 0 0 0 0 0 0 0 0 0 0 0 0 0 0 0 0 0 0 0 0 0 0 0 0 0 0 0 0 0 
profileWomen_30: 14 13 6 5 8 8 6 4 6 4 3 2 1 4 2 1 2 3 1 1 0 1 1 1 0 0 1 0 0 0 0 1 1 0 0 0 0 0 0 0 0 0 0 0 0 0 0 0 0 0 0 0 0 0 0 0 0 0 0 0 0 0 0 0 0 0 0 0 0 0 0 0 0 0 0 0 0 0 0 0 0 0 0 0 0 0 0 0 0 0 0 0 0 0 0 0 0 0 0 0 
profileCombined_30: 24 16 15 9 16 15 10 8 13 6 7 2 4 8 7 3 3 6 1 3 3 3 3 2 0 2 2 0 0 0 0 1 2 1 1 1 0 1 0 0 1 0 0 0 0 1 0 0 0 0 0 0 0 0 0 0 0 0 0 0 0 0 0 0 0 0 0 0 0 0 0 0 0 0 0 0 0 0 0 0 0 0 0 0 0 0 0 0 0 0 0 0 0 0 0 0 0 0 0 0 
costMen_30: 1160
costWomen_30: 794
costCombined_30: 1954
sexEquality_30: 366

 --- 
matching_31: 44 72 30 69 91 31 21 81 6 83 99 42 82 74 86 53 50 75 77 55 88 41 70 48 47 20 38 28 35 11 51 36 17 67 61 64 1 23 9 93 56 60 2 59 63 57 97 84 98 16 12 90 4 40 7 65 85 5 14 62 87 68 92 52 32 15 89 37 34 46 71 24 58 43 8 10 78 19 33 39 27 3 22 76 49 29 95 13 45 100 25 80 94 54 66 18 26 73 96 79 
profileMen_31: 8 3 8 4 7 7 3 3 7 3 3 1 3 4 6 2 1 3 0 3 3 1 2 2 0 1 2 0 1 0 0 0 1 1 1 1 0 1 0 0 1 0 0 0 0 2 0 0 0 0 0 0 0 0 0 0 0 0 0 1 0 0 0 0 0 0 0 0 0 0 0 0 0 0 0 0 0 0 0 0 0 0 0 0 0 0 0 0 0 0 0 0 0 0 0 0 0 0 0 0 
profileWomen_31: 14 13 9 6 9 7 6 2 7 4 3 2 0 3 2 1 1 3 1 1 1 1 1 1 0 1 0 0 0 0 0 1 0 0 0 0 0 0 0 0 0 0 0 0 0 0 0 0 0 0 0 0 0 0 0 0 0 0 0 0 0 0 0 0 0 0 0 0 0 0 0 0 0 0 0 0 0 0 0 0 0 0 0 0 0 0 0 0 0 0 0 0 0 0 0 0 0 0 0 0 
profileCombined_31: 22 16 17 10 16 14 9 5 14 7 6 3 3 7 8 3 2 6 1 4 4 2 3 3 0 2 2 0 1 0 0 1 1 1 1 1 0 1 0 0 1 0 0 0 0 2 0 0 0 0 0 0 0 0 0 0 0 0 0 1 0 0 0 0 0 0 0 0 0 0 0 0 0 0 0 0 0 0 0 0 0 0 0 0 0 0 0 0 0 0 0 0 0 0 0 0 0 0 0 0 
costMen_31: 1319
costWomen_31: 742
costCombined_31: 2061
sexEquality_31: 577

 --- 
matching_32: 44 72 30 69 91 31 21 81 6 83 99 42 82 74 86 53 50 75 77 55 88 16 70 48 47 20 38 28 35 11 51 36 41 67 61 64 1 23 9 93 56 60 2 59 63 57 97 84 98 62 12 90 4 40 7 65 85 5 14 87 17 68 92 52 32 15 89 37 34 46 71 24 58 43 8 10 78 19 33 39 27 3 22 76 49 29 95 13 45 100 25 80 94 54 66 18 26 73 96 79 
profileMen_32: 8 3 7 4 7 7 3 3 7 4 3 1 3 3 7 2 1 3 0 3 2 1 2 2 0 1 2 0 1 0 0 0 2 1 1 0 0 1 0 0 1 0 0 0 0 2 0 0 0 0 0 0 0 0 0 1 0 0 0 0 0 0 0 0 0 0 0 0 0 0 0 0 0 0 0 0 0 0 0 0 0 0 0 0 0 0 0 0 0 0 0 0 0 0 0 1 0 0 0 0 
profileWomen_32: 15 12 9 7 9 7 6 2 7 3 3 2 0 4 3 1 0 2 1 1 1 1 1 1 1 0 0 0 0 0 0 1 0 0 0 0 0 0 0 0 0 0 0 0 0 0 0 0 0 0 0 0 0 0 0 0 0 0 0 0 0 0 0 0 0 0 0 0 0 0 0 0 0 0 0 0 0 0 0 0 0 0 0 0 0 0 0 0 0 0 0 0 0 0 0 0 0 0 0 0 
profileCombined_32: 23 15 16 11 16 14 9 5 14 7 6 3 3 7 10 3 1 5 1 4 3 2 3 3 1 1 2 0 1 0 0 1 2 1 1 0 0 1 0 0 1 0 0 0 0 2 0 0 0 0 0 0 0 0 0 1 0 0 0 0 0 0 0 0 0 0 0 0 0 0 0 0 0 0 0 0 0 0 0 0 0 0 0 0 0 0 0 0 0 0 0 0 0 0 0 1 0 0 0 0 
costMen_32: 1395
costWomen_32: 728
costCombined_32: 2123
sexEquality_32: 667

 --- 
matching_33: 22 72 30 69 48 31 16 87 6 63 99 42 82 74 86 53 50 75 17 55 88 41 70 51 47 20 38 28 57 11 100 36 44 67 61 64 1 23 9 93 56 18 2 59 73 78 97 84 98 92 12 81 4 40 7 65 85 5 14 62 90 68 91 52 32 15 89 37 34 46 71 24 58 43 8 10 21 19 33 39 27 3 35 76 49 29 95 13 45 60 25 80 94 54 66 77 26 83 96 79 
profileMen_33: 14 3 9 4 8 8 5 3 5 3 4 2 3 2 4 2 2 2 0 3 3 2 1 1 0 2 1 0 0 0 0 0 1 1 0 1 0 1 0 0 0 0 0 0 0 0 0 0 0 0 0 0 0 0 0 0 0 0 0 0 0 0 0 0 0 0 0 0 0 0 0 0 0 0 0 0 0 0 0 0 0 0 0 0 0 0 0 0 0 0 0 0 0 0 0 0 0 0 0 0 
profileWomen_33: 14 9 6 5 8 6 5 2 7 2 4 3 2 5 4 1 2 3 3 1 0 1 1 1 0 0 1 0 0 0 0 1 1 0 0 0 0 0 0 0 0 0 0 1 0 0 0 0 0 0 0 0 0 0 1 0 0 0 0 0 0 0 0 0 0 0 0 0 0 0 0 0 0 0 0 0 0 0 0 0 0 0 0 0 0 0 0 0 0 0 0 0 0 0 0 0 0 0 0 0 
profileCombined_33: 28 12 15 9 16 14 10 5 12 5 8 5 5 7 8 3 4 5 3 4 3 3 2 2 0 2 2 0 0 0 0 1 2 1 0 1 0 1 0 0 0 0 0 1 0 0 0 0 0 0 0 0 0 0 1 0 0 0 0 0 0 0 0 0 0 0 0 0 0 0 0 0 0 0 0 0 0 0 0 0 0 0 0 0 0 0 0 0 0 0 0 0 0 0 0 0 0 0 0 0 
costMen_33: 1016
costWomen_33: 957
costCombined_33: 1973
sexEquality_33: 59

 --- 
matching_34: 22 72 30 69 48 31 16 81 6 63 99 42 82 74 86 53 50 75 17 55 88 41 70 51 47 20 38 28 57 11 100 36 44 67 61 64 1 23 9 93 56 18 2 59 73 78 97 84 98 92 12 90 4 40 7 65 85 5 14 62 87 68 91 52 32 15 89 37 34 46 71 24 58 43 8 10 21 19 33 39 27 3 35 76 49 29 95 13 45 60 25 80 94 54 66 77 26 83 96 79 
profileMen_34: 12 3 9 4 8 8 5 3 6 3 4 1 3 3 4 2 2 2 0 3 4 2 1 1 0 2 1 0 0 0 0 0 1 1 0 1 0 1 0 0 0 0 0 0 0 0 0 0 0 0 0 0 0 0 0 0 0 0 0 0 0 0 0 0 0 0 0 0 0 0 0 0 0 0 0 0 0 0 0 0 0 0 0 0 0 0 0 0 0 0 0 0 0 0 0 0 0 0 0 0 
profileWomen_34: 14 11 6 4 8 6 5 3 6 2 4 3 2 5 4 1 2 3 3 1 0 1 1 1 0 0 1 0 0 0 0 1 1 0 0 0 0 0 0 0 0 0 0 0 0 0 0 0 0 0 0 0 0 0 1 0 0 0 0 0 0 0 0 0 0 0 0 0 0 0 0 0 0 0 0 0 0 0 0 0 0 0 0 0 0 0 0 0 0 0 0 0 0 0 0 0 0 0 0 0 
profileCombined_34: 26 14 15 8 16 14 10 6 12 5 8 4 5 8 8 3 4 5 3 4 4 3 2 2 0 2 2 0 0 0 0 1 2 1 0 1 0 1 0 0 0 0 0 0 0 0 0 0 0 0 0 0 0 0 1 0 0 0 0 0 0 0 0 0 0 0 0 0 0 0 0 0 0 0 0 0 0 0 0 0 0 0 0 0 0 0 0 0 0 0 0 0 0 0 0 0 0 0 0 0 
costMen_34: 1046
costWomen_34: 912
costCombined_34: 1958
sexEquality_34: 134

 --- 
matching_35: 22 72 30 69 48 31 16 81 6 63 99 57 82 74 62 53 50 75 17 55 88 41 70 51 47 20 38 28 42 11 100 36 44 67 61 64 1 23 9 93 56 58 2 59 73 78 97 84 98 92 12 90 4 40 7 65 85 5 14 18 87 68 91 52 32 15 89 37 34 46 71 24 86 43 8 10 21 19 33 39 27 3 35 76 49 29 95 13 45 60 25 80 94 54 66 77 26 83 96 79 
profileMen_35: 14 2 9 5 8 7 5 3 6 3 4 0 3 3 4 2 3 2 0 4 4 2 0 1 0 1 1 0 0 0 0 0 1 1 0 1 0 1 0 0 0 0 0 0 0 0 0 0 0 0 0 0 0 0 0 0 0 0 0 0 0 0 0 0 0 0 0 0 0 0 0 0 0 0 0 0 0 0 0 0 0 0 0 0 0 0 0 0 0 0 0 0 0 0 0 0 0 0 0 0 
profileWomen_35: 13 11 5 4 8 6 5 2 6 1 4 4 2 5 3 3 2 2 4 1 1 1 1 1 0 0 1 0 0 1 0 1 1 0 0 0 0 0 0 0 0 0 0 0 0 0 0 0 0 0 0 0 0 0 1 0 0 0 0 0 0 0 0 0 0 0 0 0 0 0 0 0 0 0 0 0 0 0 0 0 0 0 0 0 0 0 0 0 0 0 0 0 0 0 0 0 0 0 0 0 
profileCombined_35: 27 13 14 9 16 13 10 5 12 4 8 4 5 8 7 5 5 4 4 5 5 3 1 2 0 1 2 0 0 1 0 1 2 1 0 1 0 1 0 0 0 0 0 0 0 0 0 0 0 0 0 0 0 0 1 0 0 0 0 0 0 0 0 0 0 0 0 0 0 0 0 0 0 0 0 0 0 0 0 0 0 0 0 0 0 0 0 0 0 0 0 0 0 0 0 0 0 0 0 0 
costMen_35: 1020
costWomen_35: 971
costCombined_35: 1991
sexEquality_35: 49

 --- 
matching_36: 22 72 30 69 48 31 16 81 6 63 99 57 82 74 62 53 50 75 17 55 88 41 70 51 47 20 38 61 42 11 100 36 44 67 84 64 1 21 9 93 23 58 2 59 73 78 97 43 98 92 12 90 4 40 7 65 85 5 14 18 87 68 91 52 32 15 89 37 34 46 71 24 86 56 8 10 28 19 33 39 27 3 35 76 49 29 95 13 45 60 25 80 94 54 66 77 26 83 96 79 
profileMen_36: 15 3 9 5 9 9 5 4 6 3 3 0 3 3 4 2 3 1 0 4 3 1 0 1 0 1 1 0 0 0 0 0 0 1 0 1 0 0 0 0 0 0 0 0 0 0 0 0 0 0 0 0 0 0 0 0 0 0 0 0 0 0 0 0 0 0 0 0 0 0 0 0 0 0 0 0 0 0 0 0 0 0 0 0 0 0 0 0 0 0 0 0 0 0 0 0 0 0 0 0 
profileWomen_36: 12 12 5 4 8 6 5 2 5 1 4 3 2 4 4 4 2 1 3 2 1 1 1 2 1 0 1 0 0 1 0 1 1 0 0 0 0 0 0 0 0 0 0 0 0 0 0 0 0 0 0 0 0 0 0 0 0 0 0 0 0 1 0 0 0 0 0 0 0 0 0 0 0 0 0 0 0 0 0 0 0 0 0 0 0 0 0 0 0 0 0 0 0 0 0 0 0 0 0 0 
profileCombined_36: 27 15 14 9 17 15 10 6 11 4 7 3 5 7 8 6 5 2 3 6 4 2 1 3 1 1 2 0 0 1 0 1 1 1 0 1 0 0 0 0 0 0 0 0 0 0 0 0 0 0 0 0 0 0 0 0 0 0 0 0 0 1 0 0 0 0 0 0 0 0 0 0 0 0 0 0 0 0 0 0 0 0 0 0 0 0 0 0 0 0 0 0 0 0 0 0 0 0 0 0 
costMen_36: 905
costWomen_36: 1007
costCombined_36: 1912
sexEquality_36: 102

 --- 
matching_37: 22 72 30 69 48 31 55 87 6 63 99 42 82 74 62 53 50 75 17 4 88 41 73 51 47 20 38 61 57 11 100 25 44 67 84 26 1 21 9 93 23 58 2 59 64 78 97 43 70 92 12 81 10 40 7 65 85 5 14 18 90 68 91 52 32 15 16 37 89 34 71 24 86 56 8 98 46 19 33 39 27 3 35 76 49 29 95 13 45 60 28 80 94 54 66 77 36 83 96 79 
profileMen_37: 18 3 12 7 10 9 4 5 4 3 3 3 3 3 2 0 2 1 0 2 2 0 1 1 0 0 0 0 0 0 0 0 0 1 0 1 0 0 0 0 0 0 0 0 0 0 0 0 0 0 0 0 0 0 0 0 0 0 0 0 0 0 0 0 0 0 0 0 0 0 0 0 0 0 0 0 0 0 0 0 0 0 0 0 0 0 0 0 0 0 0 0 0 0 0 0 0 0 0 0 
profileWomen_37: 12 9 4 3 8 4 4 1 7 1 4 3 3 3 6 4 2 0 2 2 1 1 0 2 0 2 2 0 1 0 0 1 1 0 1 0 2 0 1 1 0 0 0 1 0 0 0 0 0 0 0 0 0 0 0 0 0 0 0 0 0 1 0 0 0 0 0 0 0 0 0 0 0 0 0 0 0 0 0 0 0 0 0 0 0 0 0 0 0 0 0 0 0 0 0 0 0 0 0 0 
profileCombined_37: 30 12 16 10 18 13 8 6 11 4 7 6 6 6 8 4 4 1 2 4 3 1 1 3 0 2 2 0 1 0 0 1 1 1 1 1 2 0 1 1 0 0 0 1 0 0 0 0 0 0 0 0 0 0 0 0 0 0 0 0 0 1 0 0 0 0 0 0 0 0 0 0 0 0 0 0 0 0 0 0 0 0 0 0 0 0 0 0 0 0 0 0 0 0 0 0 0 0 0 0 
costMen_37: 757
costWomen_37: 1239
costCombined_37: 1996
sexEquality_37: 482

 --- 
matching_38: 22 72 30 69 48 31 55 87 6 63 99 57 82 91 62 53 85 75 17 4 88 42 70 51 47 20 26 61 39 11 100 25 44 67 13 84 1 21 9 93 23 58 2 59 64 78 74 43 73 92 12 81 10 40 7 56 32 41 14 18 90 68 5 52 50 15 16 37 89 34 71 24 86 38 8 65 46 19 33 98 27 3 35 76 49 29 95 97 45 60 28 80 94 54 66 77 36 83 96 79 
profileMen_38: 21 4 16 7 10 8 2 6 6 2 2 2 3 1 1 1 2 1 0 2 1 0 0 1 0 0 0 1 0 0 0 0 0 0 0 0 0 0 0 0 0 0 0 0 0 0 0 0 0 0 0 0 0 0 0 0 0 0 0 0 0 0 0 0 0 0 0 0 0 0 0 0 0 0 0 0 0 0 0 0 0 0 0 0 0 0 0 0 0 0 0 0 0 0 0 0 0 0 0 0 
profileWomen_38: 10 9 4 2 7 3 4 2 6 1 4 4 2 2 5 3 1 1 3 2 1 0 2 3 1 2 1 1 1 0 0 1 1 0 1 1 2 1 0 0 0 0 0 2 0 0 0 0 0 1 0 2 0 0 0 0 0 0 0 0 0 1 0 0 0 0 0 0 0 0 0 0 0 0 0 0 0 0 0 0 0 0 0 0 0 0 0 0 0 0 0 0 0 0 0 0 0 0 0 0 
profileCombined_38: 31 13 20 9 17 11 6 8 12 3 6 6 5 3 6 4 3 2 3 4 2 0 2 4 1 2 1 2 1 0 0 1 1 0 1 1 2 1 0 0 0 0 0 2 0 0 0 0 0 1 0 2 0 0 0 0 0 0 0 0 0 1 0 0 0 0 0 0 0 0 0 0 0 0 0 0 0 0 0 0 0 0 0 0 0 0 0 0 0 0 0 0 0 0 0 0 0 0 0 0 
costMen_38: 634
costWomen_38: 1462
costCombined_38: 2096
sexEquality_38: 828

 --- 
matching_39: 22 72 30 69 48 31 55 87 6 63 99 57 82 91 62 53 50 75 17 4 88 42 73 51 47 20 26 61 39 11 100 25 44 67 13 84 1 21 9 93 23 58 2 59 64 78 74 43 70 92 12 81 10 40 7 56 85 41 14 18 90 68 5 52 32 15 16 37 89 34 71 24 86 38 8 83 46 19 33 98 27 3 35 65 49 29 95 97 45 60 28 80 94 54 66 77 36 76 96 79 
profileMen_39: 22 4 16 7 9 8 3 8 4 2 3 2 3 2 1 1 2 1 0 1 0 0 0 0 0 0 0 0 0 0 0 0 0 1 0 0 0 0 0 0 0 0 0 0 0 0 0 0 0 0 0 0 0 0 0 0 0 0 0 0 0 0 0 0 0 0 0 0 0 0 0 0 0 0 0 0 0 0 0 0 0 0 0 0 0 0 0 0 0 0 0 0 0 0 0 0 0 0 0 0 
profileWomen_39: 11 9 4 2 7 3 3 2 7 1 3 2 2 2 5 3 1 1 2 2 1 1 2 3 2 2 1 1 1 1 0 1 1 0 1 0 2 0 1 1 0 0 0 2 0 0 0 0 0 1 0 2 0 0 0 0 0 0 0 0 0 1 0 0 0 0 0 0 0 0 0 0 0 0 0 0 0 0 0 0 0 0 0 0 0 0 0 0 0 0 0 0 0 0 0 0 0 0 0 0 
profileCombined_39: 33 13 20 9 16 11 6 10 11 3 6 4 5 4 6 4 3 2 2 3 1 1 2 3 2 2 1 1 1 1 0 1 1 1 1 0 2 0 1 1 0 0 0 2 0 0 0 0 0 1 0 2 0 0 0 0 0 0 0 0 0 1 0 0 0 0 0 0 0 0 0 0 0 0 0 0 0 0 0 0 0 0 0 0 0 0 0 0 0 0 0 0 0 0 0 0 0 0 0 0 
costMen_39: 601
costWomen_39: 1493
costCombined_39: 2094
sexEquality_39: 892

 --- 
matching_40: 22 72 30 69 48 31 55 87 6 63 99 57 82 91 62 53 50 75 17 4 88 42 70 51 47 20 26 61 39 11 100 25 44 67 13 84 1 21 9 93 23 58 2 59 64 78 74 43 73 92 12 81 10 40 7 56 85 41 14 18 90 68 5 52 32 15 16 37 89 34 71 24 86 38 8 83 46 19 33 98 27 3 35 65 49 29 95 97 45 60 28 80 94 54 66 77 36 76 96 79 
profileMen_40: 21 4 16 7 9 8 3 7 5 2 3 2 3 2 1 1 2 1 0 2 0 0 0 0 0 0 0 0 0 0 0 0 0 1 0 0 0 0 0 0 0 0 0 0 0 0 0 0 0 0 0 0 0 0 0 0 0 0 0 0 0 0 0 0 0 0 0 0 0 0 0 0 0 0 0 0 0 0 0 0 0 0 0 0 0 0 0 0 0 0 0 0 0 0 0 0 0 0 0 0 
profileWomen_40: 11 9 4 2 7 3 4 2 7 1 3 2 2 2 5 3 1 1 2 2 1 1 3 3 2 2 1 1 1 1 0 1 1 0 1 0 2 0 0 0 0 0 0 2 0 0 0 0 0 1 0 2 0 0 0 0 0 0 0 0 0 1 0 0 0 0 0 0 0 0 0 0 0 0 0 0 0 0 0 0 0 0 0 0 0 0 0 0 0 0 0 0 0 0 0 0 0 0 0 0 
profileCombined_40: 32 13 20 9 16 11 7 9 12 3 6 4 5 4 6 4 3 2 2 4 1 1 3 3 2 2 1 1 1 1 0 1 1 1 1 0 2 0 0 0 0 0 0 2 0 0 0 0 0 1 0 2 0 0 0 0 0 0 0 0 0 1 0 0 0 0 0 0 0 0 0 0 0 0 0 0 0 0 0 0 0 0 0 0 0 0 0 0 0 0 0 0 0 0 0 0 0 0 0 0 
costMen_40: 621
costWomen_40: 1444
costCombined_40: 2065
sexEquality_40: 823

 --- 
matching_41: 22 72 30 69 48 31 55 87 6 63 99 57 82 91 62 53 85 75 17 4 88 42 70 51 47 20 26 61 39 11 100 25 44 67 13 84 1 21 9 93 23 58 2 59 64 78 74 43 73 92 12 81 10 40 7 56 32 41 14 18 90 68 5 52 50 15 16 37 89 34 71 24 86 38 8 83 46 19 33 98 27 3 35 65 49 29 95 97 45 60 28 80 94 54 66 77 36 76 96 79 
profileMen_41: 21 4 17 7 10 8 2 7 5 2 3 2 3 1 1 1 2 1 0 2 0 0 0 0 0 0 0 1 0 0 0 0 0 0 0 0 0 0 0 0 0 0 0 0 0 0 0 0 0 0 0 0 0 0 0 0 0 0 0 0 0 0 0 0 0 0 0 0 0 0 0 0 0 0 0 0 0 0 0 0 0 0 0 0 0 0 0 0 0 0 0 0 0 0 0 0 0 0 0 0 
profileWomen_41: 10 9 4 2 7 3 4 2 6 1 3 3 2 2 5 3 1 1 2 2 1 0 3 3 2 2 1 1 1 1 0 1 1 0 1 1 2 1 0 0 0 0 0 2 0 0 0 0 0 1 0 2 0 0 0 0 0 0 0 0 0 1 0 0 0 0 0 0 0 0 0 0 0 0 0 0 0 0 0 0 0 0 0 0 0 0 0 0 0 0 0 0 0 0 0 0 0 0 0 0 
profileCombined_41: 31 13 21 9 17 11 6 9 11 3 6 5 5 3 6 4 3 2 2 4 1 0 3 3 2 2 1 2 1 1 0 1 1 0 1 1 2 1 0 0 0 0 0 2 0 0 0 0 0 1 0 2 0 0 0 0 0 0 0 0 0 1 0 0 0 0 0 0 0 0 0 0 0 0 0 0 0 0 0 0 0 0 0 0 0 0 0 0 0 0 0 0 0 0 0 0 0 0 0 0 
costMen_41: 602
costWomen_41: 1498
costCombined_41: 2100
sexEquality_41: 896

 --- 
matching_42: 22 72 30 69 48 31 55 87 6 63 99 57 82 91 62 53 85 75 17 4 88 42 73 51 47 20 26 61 39 11 100 25 44 67 13 84 1 21 9 93 23 58 2 59 64 78 74 43 70 92 12 81 35 40 7 56 32 41 14 18 90 68 5 52 50 15 16 37 89 34 71 24 86 38 8 65 46 19 33 98 27 3 10 76 49 29 95 97 45 60 28 80 94 54 66 77 36 83 96 79 
profileMen_42: 23 4 16 7 9 8 2 7 5 2 2 2 3 2 1 1 1 1 0 1 1 0 0 1 0 0 0 1 0 0 0 0 0 0 0 0 0 0 0 0 0 0 0 0 0 0 0 0 0 0 0 0 0 0 0 0 0 0 0 0 0 0 0 0 0 0 0 0 0 0 0 0 0 0 0 0 0 0 0 0 0 0 0 0 0 0 0 0 0 0 0 0 0 0 0 0 0 0 0 0 
profileWomen_42: 10 9 4 2 7 3 2 2 6 1 4 4 2 2 5 3 1 1 3 2 1 0 1 3 1 1 1 1 1 0 0 1 1 0 1 1 2 2 1 1 0 0 0 2 0 0 0 0 0 1 0 2 0 0 0 0 0 0 0 0 0 1 0 0 0 0 0 0 0 0 0 0 1 0 0 0 0 0 0 0 0 0 0 0 0 0 0 0 0 0 0 0 0 0 0 0 0 0 0 0 
profileCombined_42: 33 13 20 9 16 11 4 9 11 3 6 6 5 4 6 4 2 2 3 3 2 0 1 4 1 1 1 2 1 0 0 1 1 0 1 1 2 2 1 1 0 0 0 2 0 0 0 0 0 1 0 2 0 0 0 0 0 0 0 0 0 1 0 0 0 0 0 0 0 0 0 0 1 0 0 0 0 0 0 0 0 0 0 0 0 0 0 0 0 0 0 0 0 0 0 0 0 0 0 0 
costMen_42: 607
costWomen_42: 1589
costCombined_42: 2196
sexEquality_42: 982

 --- 
matching_43: 22 72 30 69 48 31 55 87 6 63 99 57 82 91 62 53 50 75 17 4 88 42 73 51 47 20 26 61 39 11 100 25 44 67 13 84 1 21 9 93 23 58 2 59 64 78 74 43 70 92 12 81 35 40 7 56 85 41 14 18 90 68 5 52 32 15 16 37 89 34 71 24 86 38 8 65 46 19 33 98 27 3 10 76 49 29 95 97 45 60 28 80 94 54 66 77 36 83 96 79 
profileMen_43: 23 4 15 7 8 8 3 7 5 2 2 2 3 3 1 1 1 1 0 1 1 0 0 1 0 0 0 0 0 0 0 0 0 1 0 0 0 0 0 0 0 0 0 0 0 0 0 0 0 0 0 0 0 0 0 0 0 0 0 0 0 0 0 0 0 0 0 0 0 0 0 0 0 0 0 0 0 0 0 0 0 0 0 0 0 0 0 0 0 0 0 0 0 0 0 0 0 0 0 0 
profileWomen_43: 11 9 4 2 7 3 2 2 7 1 4 3 2 2 5 3 1 1 3 2 1 1 1 3 1 1 1 1 1 0 0 1 1 0 1 0 2 1 1 1 0 0 0 2 0 0 0 0 0 1 0 2 0 0 0 0 0 0 0 0 0 1 0 0 0 0 0 0 0 0 0 0 1 0 0 0 0 0 0 0 0 0 0 0 0 0 0 0 0 0 0 0 0 0 0 0 0 0 0 0 
profileCombined_43: 34 13 19 9 15 11 5 9 12 3 6 5 5 5 6 4 2 2 3 3 2 1 1 4 1 1 1 1 1 0 0 1 1 1 1 0 2 1 1 1 0 0 0 2 0 0 0 0 0 1 0 2 0 0 0 0 0 0 0 0 0 1 0 0 0 0 0 0 0 0 0 0 1 0 0 0 0 0 0 0 0 0 0 0 0 0 0 0 0 0 0 0 0 0 0 0 0 0 0 0 
costMen_43: 626
costWomen_43: 1535
costCombined_43: 2161
sexEquality_43: 909

 --- 
matching_44: 22 72 30 69 48 31 55 87 6 63 99 57 82 91 62 53 50 75 17 4 88 42 70 51 47 20 26 61 39 11 100 25 44 67 13 84 1 21 9 93 23 58 2 59 64 78 74 43 73 92 12 81 35 40 7 56 85 41 14 18 90 68 5 52 32 15 16 37 89 34 71 24 86 38 8 65 46 19 33 98 27 3 10 76 49 29 95 97 45 60 28 80 94 54 66 77 36 83 96 79 
profileMen_44: 22 4 15 7 8 8 3 6 6 2 2 2 3 3 1 1 1 1 0 2 1 0 0 1 0 0 0 0 0 0 0 0 0 1 0 0 0 0 0 0 0 0 0 0 0 0 0 0 0 0 0 0 0 0 0 0 0 0 0 0 0 0 0 0 0 0 0 0 0 0 0 0 0 0 0 0 0 0 0 0 0 0 0 0 0 0 0 0 0 0 0 0 0 0 0 0 0 0 0 0 
profileWomen_44: 11 9 4 2 7 3 3 2 7 1 4 3 2 2 5 3 1 1 3 2 1 1 2 3 1 1 1 1 1 0 0 1 1 0 1 0 2 1 0 0 0 0 0 2 0 0 0 0 0 1 0 2 0 0 0 0 0 0 0 0 0 1 0 0 0 0 0 0 0 0 0 0 1 0 0 0 0 0 0 0 0 0 0 0 0 0 0 0 0 0 0 0 0 0 0 0 0 0 0 0 
profileCombined_44: 33 13 19 9 15 11 6 8 13 3 6 5 5 5 6 4 2 2 3 4 2 1 2 4 1 1 1 1 1 0 0 1 1 1 1 0 2 1 0 0 0 0 0 2 0 0 0 0 0 1 0 2 0 0 0 0 0 0 0 0 0 1 0 0 0 0 0 0 0 0 0 0 1 0 0 0 0 0 0 0 0 0 0 0 0 0 0 0 0 0 0 0 0 0 0 0 0 0 0 0 
costMen_44: 646
costWomen_44: 1486
costCombined_44: 2132
sexEquality_44: 840

 --- 
matching_45: 22 72 30 69 48 31 55 87 6 63 99 57 82 91 62 53 85 75 17 4 88 42 70 51 47 20 26 61 39 11 100 25 44 67 13 84 1 21 9 93 23 58 2 59 64 78 74 43 73 92 12 81 35 40 7 56 32 41 14 18 90 68 5 52 50 15 16 37 89 34 71 24 86 38 8 65 46 19 33 98 27 3 10 76 49 29 95 97 45 60 28 80 94 54 66 77 36 83 96 79 
profileMen_45: 22 4 16 7 9 8 2 6 6 2 2 2 3 2 1 1 1 1 0 2 1 0 0 1 0 0 0 1 0 0 0 0 0 0 0 0 0 0 0 0 0 0 0 0 0 0 0 0 0 0 0 0 0 0 0 0 0 0 0 0 0 0 0 0 0 0 0 0 0 0 0 0 0 0 0 0 0 0 0 0 0 0 0 0 0 0 0 0 0 0 0 0 0 0 0 0 0 0 0 0 
profileWomen_45: 10 9 4 2 7 3 3 2 6 1 4 4 2 2 5 3 1 1 3 2 1 0 2 3 1 1 1 1 1 0 0 1 1 0 1 1 2 2 0 0 0 0 0 2 0 0 0 0 0 1 0 2 0 0 0 0 0 0 0 0 0 1 0 0 0 0 0 0 0 0 0 0 1 0 0 0 0 0 0 0 0 0 0 0 0 0 0 0 0 0 0 0 0 0 0 0 0 0 0 0 
profileCombined_45: 32 13 20 9 16 11 5 8 12 3 6 6 5 4 6 4 2 2 3 4 2 0 2 4 1 1 1 2 1 0 0 1 1 0 1 1 2 2 0 0 0 0 0 2 0 0 0 0 0 1 0 2 0 0 0 0 0 0 0 0 0 1 0 0 0 0 0 0 0 0 0 0 1 0 0 0 0 0 0 0 0 0 0 0 0 0 0 0 0 0 0 0 0 0 0 0 0 0 0 0 
costMen_45: 627
costWomen_45: 1540
costCombined_45: 2167
sexEquality_45: 913

 --- 
matching_46: 22 72 30 69 48 31 55 87 6 63 99 57 82 91 62 53 50 75 17 4 88 42 73 51 47 20 26 61 39 11 100 25 44 67 13 84 1 21 9 93 23 58 2 59 64 78 74 43 70 92 12 81 35 40 7 56 85 41 14 18 90 68 5 52 32 15 16 37 89 34 71 24 86 38 8 83 46 19 33 98 27 3 10 65 49 29 95 97 45 60 28 80 94 54 66 77 36 76 96 79 
profileMen_46: 23 4 16 7 8 8 3 8 4 2 3 2 3 3 1 1 1 1 0 1 0 0 0 0 0 0 0 0 0 0 0 0 0 1 0 0 0 0 0 0 0 0 0 0 0 0 0 0 0 0 0 0 0 0 0 0 0 0 0 0 0 0 0 0 0 0 0 0 0 0 0 0 0 0 0 0 0 0 0 0 0 0 0 0 0 0 0 0 0 0 0 0 0 0 0 0 0 0 0 0 
profileWomen_46: 11 9 4 2 7 3 2 2 7 1 3 2 2 2 5 3 1 1 2 2 1 1 2 3 2 1 1 1 1 1 0 1 1 0 1 0 2 1 1 1 0 0 0 2 0 0 0 0 0 1 0 2 0 0 0 0 0 0 0 0 0 1 0 0 0 0 0 0 0 0 0 0 1 0 0 0 0 0 0 0 0 0 0 0 0 0 0 0 0 0 0 0 0 0 0 0 0 0 0 0 
profileCombined_46: 34 13 20 9 15 11 5 10 11 3 6 4 5 5 6 4 2 2 2 3 1 1 2 3 2 1 1 1 1 1 0 1 1 1 1 0 2 1 1 1 0 0 0 2 0 0 0 0 0 1 0 2 0 0 0 0 0 0 0 0 0 1 0 0 0 0 0 0 0 0 0 0 1 0 0 0 0 0 0 0 0 0 0 0 0 0 0 0 0 0 0 0 0 0 0 0 0 0 0 0 
costMen_46: 594
costWomen_46: 1571
costCombined_46: 2165
sexEquality_46: 977

 --- 
matching_47: 22 72 30 69 48 31 55 87 6 63 99 57 82 91 62 53 50 75 17 4 88 42 70 51 47 20 26 61 39 11 100 25 44 67 13 84 1 21 9 93 23 58 2 59 64 78 74 43 73 92 12 81 35 40 7 56 85 41 14 18 90 68 5 52 32 15 16 37 89 34 71 24 86 38 8 83 46 19 33 98 27 3 10 65 49 29 95 97 45 60 28 80 94 54 66 77 36 76 96 79 
profileMen_47: 22 4 16 7 8 8 3 7 5 2 3 2 3 3 1 1 1 1 0 2 0 0 0 0 0 0 0 0 0 0 0 0 0 1 0 0 0 0 0 0 0 0 0 0 0 0 0 0 0 0 0 0 0 0 0 0 0 0 0 0 0 0 0 0 0 0 0 0 0 0 0 0 0 0 0 0 0 0 0 0 0 0 0 0 0 0 0 0 0 0 0 0 0 0 0 0 0 0 0 0 
profileWomen_47: 11 9 4 2 7 3 3 2 7 1 3 2 2 2 5 3 1 1 2 2 1 1 3 3 2 1 1 1 1 1 0 1 1 0 1 0 2 1 0 0 0 0 0 2 0 0 0 0 0 1 0 2 0 0 0 0 0 0 0 0 0 1 0 0 0 0 0 0 0 0 0 0 1 0 0 0 0 0 0 0 0 0 0 0 0 0 0 0 0 0 0 0 0 0 0 0 0 0 0 0 
profileCombined_47: 33 13 20 9 15 11 6 9 12 3 6 4 5 5 6 4 2 2 2 4 1 1 3 3 2 1 1 1 1 1 0 1 1 1 1 0 2 1 0 0 0 0 0 2 0 0 0 0 0 1 0 2 0 0 0 0 0 0 0 0 0 1 0 0 0 0 0 0 0 0 0 0 1 0 0 0 0 0 0 0 0 0 0 0 0 0 0 0 0 0 0 0 0 0 0 0 0 0 0 0 
costMen_47: 614
costWomen_47: 1522
costCombined_47: 2136
sexEquality_47: 908

 --- 
matching_48: 22 72 30 69 48 31 55 87 6 63 99 57 82 91 62 53 85 75 17 4 88 42 70 51 47 20 26 61 39 11 100 25 44 67 13 84 1 21 9 93 23 58 2 59 64 78 74 43 73 92 12 81 35 40 7 56 32 41 14 18 90 68 5 52 50 15 16 37 89 34 71 24 86 38 8 83 46 19 33 98 27 3 10 65 49 29 95 97 45 60 28 80 94 54 66 77 36 76 96 79 
profileMen_48: 22 4 17 7 9 8 2 7 5 2 3 2 3 2 1 1 1 1 0 2 0 0 0 0 0 0 0 1 0 0 0 0 0 0 0 0 0 0 0 0 0 0 0 0 0 0 0 0 0 0 0 0 0 0 0 0 0 0 0 0 0 0 0 0 0 0 0 0 0 0 0 0 0 0 0 0 0 0 0 0 0 0 0 0 0 0 0 0 0 0 0 0 0 0 0 0 0 0 0 0 
profileWomen_48: 10 9 4 2 7 3 3 2 6 1 3 3 2 2 5 3 1 1 2 2 1 0 3 3 2 1 1 1 1 1 0 1 1 0 1 1 2 2 0 0 0 0 0 2 0 0 0 0 0 1 0 2 0 0 0 0 0 0 0 0 0 1 0 0 0 0 0 0 0 0 0 0 1 0 0 0 0 0 0 0 0 0 0 0 0 0 0 0 0 0 0 0 0 0 0 0 0 0 0 0 
profileCombined_48: 32 13 21 9 16 11 5 9 11 3 6 5 5 4 6 4 2 2 2 4 1 0 3 3 2 1 1 2 1 1 0 1 1 0 1 1 2 2 0 0 0 0 0 2 0 0 0 0 0 1 0 2 0 0 0 0 0 0 0 0 0 1 0 0 0 0 0 0 0 0 0 0 1 0 0 0 0 0 0 0 0 0 0 0 0 0 0 0 0 0 0 0 0 0 0 0 0 0 0 0 
costMen_48: 595
costWomen_48: 1576
costCombined_48: 2171
sexEquality_48: 981

 --- 
matching_49: 22 72 30 69 48 31 55 87 24 63 36 56 82 91 62 33 85 75 17 5 88 42 73 51 47 20 26 61 39 11 100 25 44 67 13 84 1 21 9 93 23 8 2 59 64 99 74 43 70 92 12 81 10 40 7 66 32 41 14 18 90 68 58 52 76 15 16 37 89 34 71 65 86 38 57 83 46 19 50 98 27 3 35 78 49 29 95 97 45 60 28 80 94 54 53 77 6 4 96 79 
profileMen_49: 24 4 19 8 12 7 4 7 4 1 2 2 2 0 2 0 1 1 0 0 0 0 0 0 0 0 0 0 0 0 0 0 0 0 0 0 0 0 0 0 0 0 0 0 0 0 0 0 0 0 0 0 0 0 0 0 0 0 0 0 0 0 0 0 0 0 0 0 0 0 0 0 0 0 0 0 0 0 0 0 0 0 0 0 0 0 0 0 0 0 0 0 0 0 0 0 0 0 0 0 
profileWomen_49: 10 8 3 2 6 3 5 2 4 0 2 3 2 1 6 3 2 1 2 2 0 0 1 2 2 1 2 1 1 1 0 1 1 0 2 2 2 0 1 2 1 1 0 2 0 0 0 0 0 1 0 2 0 0 0 1 0 0 0 0 0 1 0 0 0 0 0 0 0 0 1 0 0 0 0 0 1 0 0 0 0 0 0 0 0 0 0 0 0 0 0 0 0 0 0 0 0 0 0 0 
profileCombined_49: 34 12 22 10 18 10 9 9 8 1 4 5 4 1 8 3 3 2 2 2 0 0 1 2 2 1 2 1 1 1 0 1 1 0 2 2 2 0 1 2 1 1 0 2 0 0 0 0 0 1 0 2 0 0 0 1 0 0 0 0 0 1 0 0 0 0 0 0 0 0 1 0 0 0 0 0 1 0 0 0 0 0 0 0 0 0 0 0 0 0 0 0 0 0 0 0 0 0 0 0 
costMen_49: 490
costWomen_49: 1823
costCombined_49: 2313
sexEquality_49: 1333

 --- 
Digraph 
(0,0) (0,1) (0,0) (1,0) (0,0) (0,1) (0,0) (1,0) (0,0) (0,0) (0,0) (1,0) (0,0) (0,0) (0,0) (0,1) (0,1) 
(0,0) (0,0) (0,0) (1,1) (1,0) (1,1) (0,1) (1,1) (0,1) (0,0) (1,0) (0,0) (1,0) (0,0) (0,1) (0,1) (0,1) 
(0,0) (0,0) (0,0) (0,0) (0,0) (0,1) (0,0) (1,1) (0,0) (0,1) (0,0) (1,1) (0,0) (0,0) (0,1) (0,1) (0,0) 
(0,0) (0,0) (0,0) (0,0) (0,0) (1,0) (0,0) (0,0) (0,0) (0,1) (0,0) (1,0) (0,0) (0,1) (0,1) (0,0) (0,0) 
(0,0) (0,0) (0,0) (0,0) (0,0) (0,1) (0,0) (0,1) (0,0) (0,0) (0,0) (0,0) (0,0) (0,0) (0,1) (0,1) (0,1) 
(0,0) (0,0) (0,0) (0,0) (0,0) (0,0) (0,0) (1,0) (1,1) (0,1) (1,0) (0,1) (0,0) (0,0) (1,1) (0,1) (1,1) 
(0,0) (0,0) (0,0) (0,0) (0,0) (0,0) (0,0) (1,1) (0,0) (0,0) (0,0) (0,0) (0,0) (0,0) (0,1) (0,1) (0,0) 
(0,0) (0,0) (0,0) (0,0) (0,0) (0,0) (0,0) (0,0) (0,1) (1,0) (0,0) (1,0) (0,1) (0,1) (1,1) (0,1) (0,1) 
(0,0) (0,0) (0,0) (0,0) (0,0) (0,0) (0,0) (0,0) (0,0) (1,0) (0,0) (0,0) (0,0) (0,0) (0,0) (0,1) (0,0) 
(0,0) (0,0) (0,0) (0,0) (0,0) (0,0) (0,0) (0,0) (0,0) (0,0) (0,0) (1,0) (0,0) (0,0) (0,0) (0,0) (0,0) 
(0,0) (0,0) (0,0) (0,0) (0,0) (0,0) (0,0) (0,0) (0,0) (0,0) (0,0) (1,0) (0,1) (0,0) (0,0) (0,1) (0,0) 
(0,0) (0,0) (0,0) (0,0) (0,0) (0,0) (0,0) (0,0) (0,0) (0,0) (0,0) (0,0) (0,0) (0,0) (1,1) (1,1) (1,1) 
(0,0) (0,0) (0,0) (0,0) (0,0) (0,0) (0,0) (0,0) (0,0) (0,0) (0,0) (0,0) (0,0) (0,0) (0,0) (1,0) (1,0) 
(0,0) (0,0) (0,0) (0,0) (0,0) (0,0) (0,0) (0,0) (0,0) (0,0) (0,0) (0,0) (0,0) (0,0) (0,1) (0,0) (1,0) 
(0,0) (0,0) (0,0) (0,0) (0,0) (0,0) (0,0) (0,0) (0,0) (0,0) (0,0) (0,0) (0,0) (0,0) (0,0) (1,0) (0,0) 
(0,0) (0,0) (0,0) (0,0) (0,0) (0,0) (0,0) (0,0) (0,0) (0,0) (0,0) (0,0) (0,0) (0,0) (0,0) (0,0) (1,0) 
(0,0) (0,0) (0,0) (0,0) (0,0) (0,0) (0,0) (0,0) (0,0) (0,0) (0,0) (0,0) (0,0) (0,0) (0,0) (0,0) (0,0) 

Simple digraph 
1 3 5 7 11 15 16 
3 4 5 6 7 8 10 12 14 15 16 
5 7 9 11 14 15 
5 9 11 13 14 
5 7 14 15 16 
7 8 9 10 11 14 15 16 
7 14 15 
8 9 11 12 13 14 15 16 
9 15 
11 
11 12 15 
14 15 16 
15 16 
14 16 
15 
16 





Duration_ModCreation_milliseconds: 415
Duration_GetSolution_milliseconds: 128
Duration_CollectRes_milliseconds: 0

Duration_Total_milliseconds: 867

exitCode 0
code/Main_GetStableMatchings completed
