// General stats
numRotations: 17
numStableMatchings: 34


// Rotations
rotation_0: (66, 10) (79, 32) 
rotProfileMen_0: -1 0 0 0 0 0 -1 0 0 0 0 0 0 1 0 0 0 0 0 1 0 0 0 0 0 0 0 0 0 0 0 0 0 0 0 0 0 0 0 0 0 0 0 0 0 0 0 0 0 0 0 0 0 0 0 0 0 0 0 0 0 0 0 0 0 0 0 0 0 0 0 0 0 0 0 0 0 0 0 0 0 0 0 0 0 0 0 0 0 0 0 0 0 0 0 0 0 0 0 0 
rotProfileWomen_0: 1 0 0 0 0 0 0 0 0 0 0 0 1 0 0 0 0 0 -1 0 0 0 0 0 0 0 0 0 0 0 0 0 0 0 0 0 0 0 0 0 0 0 0 0 0 0 0 -1 0 0 0 0 0 0 0 0 0 0 0 0 0 0 0 0 0 0 0 0 0 0 0 0 0 0 0 0 0 0 0 0 0 0 0 0 0 0 0 0 0 0 0 0 0 0 0 0 0 0 0 0 
rotProfileCombined_0: 0 0 0 0 0 0 -1 0 0 0 0 0 1 1 0 0 0 0 -1 1 0 0 0 0 0 0 0 0 0 0 0 0 0 0 0 0 0 0 0 0 0 0 0 0 0 0 0 -1 0 0 0 0 0 0 0 0 0 0 0 0 0 0 0 0 0 0 0 0 0 0 0 0 0 0 0 0 0 0 0 0 0 0 0 0 0 0 0 0 0 0 0 0 0 0 0 0 0 0 0 0 
 --- 
rotation_1: (27, 87) (49, 1) (63, 21) 
rotProfileMen_1: 0 0 -1 -1 1 0 0 1 0 -1 0 0 0 0 0 0 1 0 0 0 0 0 0 0 0 0 0 0 0 0 0 0 0 0 0 0 0 0 0 0 0 0 0 0 0 0 0 0 0 0 0 0 0 0 0 0 0 0 0 0 0 0 0 0 0 0 0 0 0 0 0 0 0 0 0 0 0 0 0 0 0 0 0 0 0 0 0 0 0 0 0 0 0 0 0 0 0 0 0 0 
rotProfileWomen_1: 0 0 0 0 0 0 0 0 1 0 0 0 0 0 1 0 0 0 0 1 0 0 0 0 0 0 0 -1 0 0 -1 0 0 0 0 0 0 0 0 0 0 0 0 0 0 0 0 0 0 0 -1 0 0 0 0 0 0 0 0 0 0 0 0 0 0 0 0 0 0 0 0 0 0 0 0 0 0 0 0 0 0 0 0 0 0 0 0 0 0 0 0 0 0 0 0 0 0 0 0 0 
rotProfileCombined_1: 0 0 -1 -1 1 0 0 1 1 -1 0 0 0 0 1 0 1 0 0 1 0 0 0 0 0 0 0 -1 0 0 -1 0 0 0 0 0 0 0 0 0 0 0 0 0 0 0 0 0 0 0 -1 0 0 0 0 0 0 0 0 0 0 0 0 0 0 0 0 0 0 0 0 0 0 0 0 0 0 0 0 0 0 0 0 0 0 0 0 0 0 0 0 0 0 0 0 0 0 0 0 0 
 --- 
rotation_2: (50, 98) (28, 46) (85, 22) (67, 28) (43, 64) (62, 57) (19, 67) (66, 32) (22, 91) (27, 1) (13, 71) (70, 15) 
rotProfileMen_2: -1 0 -1 -1 -1 0 1 -1 -1 1 -1 1 2 1 1 0 0 0 0 -1 0 0 0 -1 0 0 0 0 2 0 0 0 0 -1 0 0 0 0 0 0 0 0 0 0 1 0 0 0 0 0 0 0 0 0 0 0 0 0 0 0 0 0 0 0 0 0 0 0 0 0 0 0 0 0 0 0 0 0 0 0 0 0 0 0 0 0 0 0 0 0 0 0 0 0 0 0 0 0 0 0 
rotProfileWomen_2: 1 1 2 0 1 0 0 0 0 -1 0 1 -1 0 -1 -1 0 0 0 1 0 1 0 0 0 -1 0 0 -1 0 0 0 0 0 0 1 0 0 0 0 0 0 0 0 0 0 0 0 0 0 0 0 0 -1 0 0 0 0 0 0 -1 0 0 0 0 0 0 0 0 0 0 0 0 0 0 0 0 0 0 0 0 0 0 -1 0 0 0 0 0 0 0 0 0 0 0 0 0 0 0 0 
rotProfileCombined_2: 0 1 1 -1 0 0 1 -1 -1 0 -1 2 1 1 0 -1 0 0 0 0 0 1 0 -1 0 -1 0 0 1 0 0 0 0 -1 0 1 0 0 0 0 0 0 0 0 1 0 0 0 0 0 0 0 0 -1 0 0 0 0 0 0 -1 0 0 0 0 0 0 0 0 0 0 0 0 0 0 0 0 0 0 0 0 0 0 -1 0 0 0 0 0 0 0 0 0 0 0 0 0 0 0 0 
 --- 
rotation_3: (68, 95) (90, 92) 
rotProfileMen_3: 0 -1 0 -1 0 0 0 1 1 0 0 0 0 0 0 0 0 0 0 0 0 0 0 0 0 0 0 0 0 0 0 0 0 0 0 0 0 0 0 0 0 0 0 0 0 0 0 0 0 0 0 0 0 0 0 0 0 0 0 0 0 0 0 0 0 0 0 0 0 0 0 0 0 0 0 0 0 0 0 0 0 0 0 0 0 0 0 0 0 0 0 0 0 0 0 0 0 0 0 0 
rotProfileWomen_3: 0 1 0 0 0 0 0 0 0 0 0 0 1 0 0 0 0 -1 0 0 0 0 0 0 0 0 0 0 0 0 0 0 0 0 -1 0 0 0 0 0 0 0 0 0 0 0 0 0 0 0 0 0 0 0 0 0 0 0 0 0 0 0 0 0 0 0 0 0 0 0 0 0 0 0 0 0 0 0 0 0 0 0 0 0 0 0 0 0 0 0 0 0 0 0 0 0 0 0 0 0 
rotProfileCombined_3: 0 0 0 -1 0 0 0 1 1 0 0 0 1 0 0 0 0 -1 0 0 0 0 0 0 0 0 0 0 0 0 0 0 0 0 -1 0 0 0 0 0 0 0 0 0 0 0 0 0 0 0 0 0 0 0 0 0 0 0 0 0 0 0 0 0 0 0 0 0 0 0 0 0 0 0 0 0 0 0 0 0 0 0 0 0 0 0 0 0 0 0 0 0 0 0 0 0 0 0 0 0 
 --- 
rotation_4: (61, 83) (5, 73) (2, 24) (35, 68) (60, 42) (70, 98) (90, 95) 
rotProfileMen_4: -1 -2 -1 0 0 0 0 2 -1 0 1 0 0 -1 1 0 0 1 0 0 1 0 0 0 0 0 0 0 0 0 0 0 0 0 0 0 0 0 0 0 0 0 0 0 0 0 0 0 0 0 0 0 0 0 0 0 0 0 0 0 0 0 0 0 0 0 0 0 0 0 0 0 0 0 0 0 0 0 0 0 0 0 0 0 0 0 0 0 0 0 0 0 0 0 0 0 0 0 0 0 
rotProfileWomen_4: 0 1 0 1 -1 0 1 1 0 1 0 0 -2 0 -1 0 0 0 0 0 0 0 0 0 0 0 0 0 0 0 0 0 0 0 0 0 0 0 1 0 0 0 0 0 0 0 0 0 0 0 0 0 0 0 0 0 0 0 0 0 0 0 0 0 0 0 0 0 0 -1 0 0 0 0 0 0 0 -1 0 0 0 0 0 0 0 0 0 0 0 0 0 0 0 0 0 0 0 0 0 0 
rotProfileCombined_4: -1 -1 -1 1 -1 0 1 3 -1 1 1 0 -2 -1 0 0 0 1 0 0 1 0 0 0 0 0 0 0 0 0 0 0 0 0 0 0 0 0 1 0 0 0 0 0 0 0 0 0 0 0 0 0 0 0 0 0 0 0 0 0 0 0 0 0 0 0 0 0 0 -1 0 0 0 0 0 0 0 -1 0 0 0 0 0 0 0 0 0 0 0 0 0 0 0 0 0 0 0 0 0 0 
 --- 
rotation_5: (1, 2) (78, 90) (61, 73) (71, 41) (48, 31) (74, 16) (88, 79) (57, 80) (99, 59) (7, 58) (5, 24) (91, 84) (38, 4) 
rotProfileMen_5: -3 -1 2 1 -1 -2 -1 -2 0 1 0 0 0 3 0 -1 1 2 0 0 0 1 0 0 0 0 0 0 0 0 0 0 0 0 0 0 0 0 0 0 0 0 0 0 0 0 0 0 0 0 0 0 0 0 0 0 0 0 0 0 0 0 0 0 0 0 0 0 0 0 0 0 0 0 0 0 0 0 0 0 0 0 0 0 0 0 0 0 0 0 0 0 0 0 0 0 0 0 0 0 
rotProfileWomen_5: 0 0 2 2 1 0 0 0 -1 0 0 -1 0 1 0 -2 0 3 0 -1 0 0 0 0 0 0 0 -1 0 -1 -1 0 0 0 1 -1 0 0 0 0 0 0 0 0 0 -1 0 0 0 0 0 0 0 0 0 0 0 0 0 0 0 0 0 0 0 0 0 0 0 0 0 0 0 0 0 0 0 0 0 0 0 0 0 0 0 0 0 0 0 0 0 0 0 0 0 0 0 0 0 0 
rotProfileCombined_5: -3 -1 4 3 0 -2 -1 -2 -1 1 0 -1 0 4 0 -3 1 5 0 -1 0 1 0 0 0 0 0 -1 0 -1 -1 0 0 0 1 -1 0 0 0 0 0 0 0 0 0 -1 0 0 0 0 0 0 0 0 0 0 0 0 0 0 0 0 0 0 0 0 0 0 0 0 0 0 0 0 0 0 0 0 0 0 0 0 0 0 0 0 0 0 0 0 0 0 0 0 0 0 0 0 0 0 
 --- 
rotation_6: (26, 65) (61, 41) (6, 39) (16, 34) 
rotProfileMen_6: -1 0 0 0 -1 0 1 0 0 0 0 1 0 -1 0 0 0 0 0 1 0 0 0 0 0 0 0 0 0 0 0 0 0 0 0 0 0 0 0 0 0 0 0 0 0 0 0 0 0 0 0 0 0 0 0 0 0 0 0 0 0 0 0 0 0 0 0 0 0 0 0 0 0 0 0 0 0 0 0 0 0 0 0 0 0 0 0 0 0 0 0 0 0 0 0 0 0 0 0 0 
rotProfileWomen_6: 0 0 0 1 0 0 0 0 0 0 0 1 0 0 0 -1 1 0 0 0 0 0 0 0 0 1 0 0 0 0 0 -1 0 0 -1 0 0 0 0 0 0 0 0 0 0 0 0 0 0 0 0 0 0 0 0 0 0 0 0 0 0 0 0 0 0 0 0 0 0 0 0 0 0 0 0 0 0 0 0 0 0 0 0 0 0 0 0 0 0 -1 0 0 0 0 0 0 0 0 0 0 
rotProfileCombined_6: -1 0 0 1 -1 0 1 0 0 0 0 2 0 -1 0 -1 1 0 0 1 0 0 0 0 0 1 0 0 0 0 0 -1 0 0 -1 0 0 0 0 0 0 0 0 0 0 0 0 0 0 0 0 0 0 0 0 0 0 0 0 0 0 0 0 0 0 0 0 0 0 0 0 0 0 0 0 0 0 0 0 0 0 0 0 0 0 0 0 0 0 -1 0 0 0 0 0 0 0 0 0 0 
 --- 
rotation_7: (48, 16) (16, 65) (24, 48) 
rotProfileMen_7: 0 0 0 0 -1 0 -1 0 0 0 0 1 0 -1 0 0 0 0 1 0 0 0 0 0 0 0 0 0 0 0 0 0 0 0 0 0 0 0 0 0 0 0 0 0 1 0 0 0 0 0 0 0 0 0 0 0 0 0 0 0 0 0 0 0 0 0 0 0 0 0 0 0 0 0 0 0 0 0 0 0 0 0 0 0 0 0 0 0 0 0 0 0 0 0 0 0 0 0 0 0 
rotProfileWomen_7: 2 0 0 0 0 0 0 0 0 0 0 0 0 0 1 0 -1 -1 0 0 0 -1 0 0 0 0 0 0 0 0 0 0 0 0 0 0 0 0 0 0 0 0 0 0 0 0 0 0 0 0 0 0 0 0 0 0 0 0 0 0 0 0 0 0 0 0 0 0 0 0 0 0 0 0 0 0 0 0 0 0 0 0 0 0 0 0 0 0 0 0 0 0 0 0 0 0 0 0 0 0 
rotProfileCombined_7: 2 0 0 0 -1 0 -1 0 0 0 0 1 0 -1 1 0 -1 -1 1 0 0 -1 0 0 0 0 0 0 0 0 0 0 0 0 0 0 0 0 0 0 0 0 0 0 1 0 0 0 0 0 0 0 0 0 0 0 0 0 0 0 0 0 0 0 0 0 0 0 0 0 0 0 0 0 0 0 0 0 0 0 0 0 0 0 0 0 0 0 0 0 0 0 0 0 0 0 0 0 0 0 
 --- 
rotation_8: (30, 26) (23, 43) (77, 97) (70, 95) (28, 22) (83, 70) 
rotProfileMen_8: 0 -2 1 0 0 0 0 0 0 0 0 -2 0 1 -1 1 -1 0 1 1 0 0 0 0 0 0 0 0 0 0 0 0 0 1 0 0 0 0 0 0 0 0 0 0 0 0 0 0 0 0 0 0 0 0 0 0 0 0 0 0 0 0 0 0 0 0 0 0 0 0 0 0 0 0 0 0 0 0 0 0 0 0 0 0 0 0 0 0 0 0 0 0 0 0 0 0 0 0 0 0 
rotProfileWomen_8: 1 -1 0 1 1 0 0 0 0 0 -1 0 0 1 0 0 0 1 1 0 0 -1 0 0 0 0 -1 -1 0 0 0 0 0 0 0 -1 0 0 0 0 0 0 0 0 0 0 0 0 0 0 0 0 0 0 0 0 0 0 0 0 0 0 0 0 0 0 0 0 0 0 0 0 0 0 0 0 0 0 0 0 0 0 0 0 0 0 0 0 0 0 0 0 0 0 0 0 0 0 0 0 
rotProfileCombined_8: 1 -3 1 1 1 0 0 0 0 0 -1 -2 0 2 -1 1 -1 1 2 1 0 -1 0 0 0 0 -1 -1 0 0 0 0 0 1 0 -1 0 0 0 0 0 0 0 0 0 0 0 0 0 0 0 0 0 0 0 0 0 0 0 0 0 0 0 0 0 0 0 0 0 0 0 0 0 0 0 0 0 0 0 0 0 0 0 0 0 0 0 0 0 0 0 0 0 0 0 0 0 0 0 0 
 --- 
rotation_9: (1, 90) (63, 87) (48, 65) (50, 46) 
rotProfileMen_9: 0 0 -1 0 0 0 1 0 0 -1 0 1 0 0 0 0 -1 0 -1 0 0 0 0 0 0 0 0 1 0 0 0 0 0 0 0 0 0 0 0 0 0 0 0 0 0 1 0 0 0 0 0 0 0 0 0 0 0 0 0 0 0 0 0 0 0 0 0 0 0 0 0 0 0 0 0 0 0 0 0 0 0 0 0 0 0 0 0 0 0 0 0 0 0 0 0 0 0 0 0 0 
rotProfileWomen_9: 1 2 1 -1 0 -1 0 0 0 0 0 0 0 0 -1 0 0 0 0 -1 0 0 0 0 0 0 0 0 0 0 0 0 0 0 0 0 0 0 0 0 0 0 0 0 0 0 0 0 0 0 0 0 0 0 0 0 0 0 0 0 0 0 0 0 0 0 0 0 0 0 0 0 0 0 0 0 0 0 0 0 0 0 0 0 0 0 0 0 0 0 0 0 0 0 0 0 0 0 0 0 
rotProfileCombined_9: 1 2 0 -1 0 -1 1 0 0 -1 0 1 0 0 -1 0 -1 0 -1 -1 0 0 0 0 0 0 0 1 0 0 0 0 0 0 0 0 0 0 0 0 0 0 0 0 0 1 0 0 0 0 0 0 0 0 0 0 0 0 0 0 0 0 0 0 0 0 0 0 0 0 0 0 0 0 0 0 0 0 0 0 0 0 0 0 0 0 0 0 0 0 0 0 0 0 0 0 0 0 0 0 
 --- 
rotation_10: (95, 86) (25, 25) (71, 31) 
rotProfileMen_10: 0 0 -1 0 0 0 0 0 -1 1 0 0 0 0 0 1 0 -1 0 0 0 0 0 0 0 0 0 0 0 0 0 0 0 0 0 0 0 0 0 0 0 0 0 0 0 0 0 0 0 1 0 0 0 0 0 0 0 0 0 0 0 0 0 0 0 0 0 0 0 0 0 0 0 0 0 0 0 0 0 0 0 0 0 0 0 0 0 0 0 0 0 0 0 0 0 0 0 0 0 0 
rotProfileWomen_10: 0 0 1 0 0 0 0 0 0 -1 1 0 0 1 -1 0 0 0 0 0 0 0 0 0 0 -1 0 0 0 0 0 0 0 0 0 0 0 0 0 0 0 0 0 0 0 0 0 0 0 0 0 0 0 0 0 0 0 0 0 0 0 0 0 0 0 0 0 0 0 0 0 0 0 0 0 0 0 0 0 0 0 0 0 0 0 0 0 0 0 0 0 0 0 0 0 0 0 0 0 0 
rotProfileCombined_10: 0 0 0 0 0 0 0 0 -1 0 1 0 0 1 -1 1 0 -1 0 0 0 0 0 0 0 -1 0 0 0 0 0 0 0 0 0 0 0 0 0 0 0 0 0 0 0 0 0 0 0 1 0 0 0 0 0 0 0 0 0 0 0 0 0 0 0 0 0 0 0 0 0 0 0 0 0 0 0 0 0 0 0 0 0 0 0 0 0 0 0 0 0 0 0 0 0 0 0 0 0 0 
 --- 
rotation_11: (71, 86) (29, 44) (92, 55) (63, 65) (53, 53) (8, 8) (99, 58) 
rotProfileMen_11: 0 -2 1 0 0 -1 1 0 0 0 0 0 0 0 0 0 0 -1 1 0 0 0 0 0 0 0 0 1 0 0 0 0 0 0 0 0 0 0 0 0 0 0 0 0 0 -1 0 0 0 -1 1 0 0 0 0 0 0 0 1 0 0 0 0 0 0 0 0 0 0 0 0 0 0 0 0 0 0 0 0 0 0 0 0 0 0 0 0 0 0 0 0 0 0 0 0 0 0 0 0 0 
rotProfileWomen_11: 2 0 0 0 0 0 1 0 -1 -1 0 0 0 -1 0 0 0 0 0 0 0 1 0 0 0 0 0 0 -1 0 0 0 0 0 0 0 0 0 0 0 0 0 0 0 0 0 0 0 0 0 0 0 0 0 0 0 0 0 0 0 0 0 0 0 0 0 0 0 0 0 0 0 0 0 0 0 0 0 0 0 0 0 0 0 0 0 0 0 0 0 0 0 0 0 0 0 0 0 0 0 
rotProfileCombined_11: 2 -2 1 0 0 -1 2 0 -1 -1 0 0 0 -1 0 0 0 -1 1 0 0 1 0 0 0 0 0 1 -1 0 0 0 0 0 0 0 0 0 0 0 0 0 0 0 0 -1 0 0 0 -1 1 0 0 0 0 0 0 0 1 0 0 0 0 0 0 0 0 0 0 0 0 0 0 0 0 0 0 0 0 0 0 0 0 0 0 0 0 0 0 0 0 0 0 0 0 0 0 0 0 0 
 --- 
rotation_12: (90, 83) (13, 15) (11, 36) (55, 9) 
rotProfileMen_12: 0 0 0 0 0 0 -1 -1 -1 1 0 0 1 0 0 0 0 -1 0 0 0 0 1 0 1 0 0 0 0 0 0 0 0 0 0 0 0 0 0 0 0 0 0 0 0 0 0 0 0 0 0 0 0 0 0 0 0 0 0 0 0 0 0 0 0 0 0 0 0 0 0 0 0 0 0 0 0 0 0 0 0 0 0 0 0 0 0 0 0 0 0 0 0 0 0 0 0 0 0 0 
rotProfileWomen_12: 0 0 0 1 0 0 0 0 0 0 0 1 0 0 1 1 0 0 0 0 -1 -1 0 0 0 0 0 0 0 0 0 0 -1 0 0 0 0 0 -1 0 0 0 0 0 0 0 0 0 0 0 0 0 0 0 0 0 0 0 0 0 0 0 0 0 0 0 0 0 0 0 0 0 0 0 0 0 0 0 0 0 0 0 0 0 0 0 0 0 0 0 0 0 0 0 0 0 0 0 0 0 
rotProfileCombined_12: 0 0 0 1 0 0 -1 -1 -1 1 0 1 1 0 1 1 0 -1 0 0 -1 -1 1 0 1 0 0 0 0 0 0 0 -1 0 0 0 0 0 -1 0 0 0 0 0 0 0 0 0 0 0 0 0 0 0 0 0 0 0 0 0 0 0 0 0 0 0 0 0 0 0 0 0 0 0 0 0 0 0 0 0 0 0 0 0 0 0 0 0 0 0 0 0 0 0 0 0 0 0 0 0 
 --- 
rotation_13: (73, 49) (93, 19) (57, 59) (58, 60) (28, 70) (56, 82) (71, 44) (89, 27) 
rotProfileMen_13: -1 -1 0 -1 0 -1 1 -1 0 0 0 1 0 -1 0 1 0 1 0 -1 1 0 0 0 0 0 0 0 0 0 0 0 0 0 0 1 1 0 0 0 0 0 0 0 0 0 0 0 0 0 0 0 0 0 0 0 0 0 -1 0 0 0 0 0 0 0 0 0 0 0 0 0 0 0 0 0 0 0 0 0 0 0 0 1 0 0 0 0 0 0 0 0 0 0 0 0 0 0 0 0 
rotProfileWomen_13: 1 1 1 0 0 0 0 0 1 0 0 2 1 0 -1 0 -1 -1 -1 0 0 -1 0 0 0 0 -1 0 -1 0 0 0 0 0 0 0 0 0 0 0 0 0 0 0 0 0 0 0 0 0 0 0 0 0 0 0 0 0 0 0 0 0 0 0 0 0 0 0 0 0 0 0 0 0 0 0 0 0 0 0 0 0 0 0 0 0 0 0 0 0 0 0 0 0 0 0 0 0 0 0 
rotProfileCombined_13: 0 0 1 -1 0 -1 1 -1 1 0 0 3 1 -1 -1 1 -1 0 -1 -1 1 -1 0 0 0 0 -1 0 -1 0 0 0 0 0 0 1 1 0 0 0 0 0 0 0 0 0 0 0 0 0 0 0 0 0 0 0 0 0 -1 0 0 0 0 0 0 0 0 0 0 0 0 0 0 0 0 0 0 0 0 0 0 0 0 1 0 0 0 0 0 0 0 0 0 0 0 0 0 0 0 0 
 --- 
rotation_14: (32, 18) (23, 97) (31, 66) (20, 85) (61, 39) (28, 82) (93, 59) 
rotProfileMen_14: 0 -1 0 -1 -1 0 0 0 0 0 0 0 0 0 0 0 1 0 -1 0 0 0 0 0 1 0 0 0 0 0 1 0 0 0 0 -1 0 0 1 0 0 0 0 0 0 0 0 0 0 0 0 0 0 0 1 0 0 0 0 0 0 0 0 0 0 0 0 0 0 0 0 0 0 0 0 0 0 0 0 0 0 0 0 0 0 0 0 0 0 0 0 0 0 0 0 0 0 0 0 0 
rotProfileWomen_14: 0 0 2 2 1 0 1 -1 -1 0 0 -2 0 0 1 0 0 -1 0 0 0 0 -1 0 0 -1 0 0 0 0 0 0 0 0 0 0 0 0 0 0 0 0 0 0 0 0 0 0 0 0 0 0 0 0 0 0 0 0 0 0 0 0 0 0 0 0 0 0 0 0 0 0 0 0 0 0 0 0 0 0 0 0 0 0 0 0 0 0 0 0 0 0 0 0 0 0 0 0 0 0 
rotProfileCombined_14: 0 -1 2 1 0 0 1 -1 -1 0 0 -2 0 0 1 0 1 -1 -1 0 0 0 -1 0 1 -1 0 0 0 0 1 0 0 0 0 -1 0 0 1 0 0 0 0 0 0 0 0 0 0 0 0 0 0 0 1 0 0 0 0 0 0 0 0 0 0 0 0 0 0 0 0 0 0 0 0 0 0 0 0 0 0 0 0 0 0 0 0 0 0 0 0 0 0 0 0 0 0 0 0 0 
 --- 
rotation_15: (5, 84) (37, 45) (17, 81) (90, 15) (82, 74) 
rotProfileMen_15: 0 0 -2 0 -1 0 0 0 0 1 0 0 0 -1 0 0 0 1 0 0 0 0 0 0 0 0 0 0 0 0 0 0 0 0 0 0 0 1 0 0 0 0 1 0 0 0 0 0 0 0 0 0 0 0 0 0 0 0 0 0 0 0 0 0 0 0 0 0 0 0 0 0 0 0 0 0 0 0 0 0 0 0 0 0 0 0 0 0 0 0 0 0 0 0 0 0 0 0 0 0 
rotProfileWomen_15: 0 0 1 1 2 0 -1 -1 0 0 0 0 0 0 0 0 0 0 -1 0 0 0 0 -1 0 0 0 0 0 0 0 0 0 0 0 0 0 0 0 0 0 0 0 0 0 0 0 0 0 0 0 0 0 0 0 0 0 0 0 0 0 0 0 0 0 0 0 0 0 0 0 0 0 0 0 0 0 0 0 0 0 0 0 0 0 0 0 0 0 0 0 0 0 0 0 0 0 0 0 0 
rotProfileCombined_15: 0 0 -1 1 1 0 -1 -1 0 1 0 0 0 -1 0 0 0 1 -1 0 0 0 0 -1 0 0 0 0 0 0 0 0 0 0 0 0 0 1 0 0 0 0 1 0 0 0 0 0 0 0 0 0 0 0 0 0 0 0 0 0 0 0 0 0 0 0 0 0 0 0 0 0 0 0 0 0 0 0 0 0 0 0 0 0 0 0 0 0 0 0 0 0 0 0 0 0 0 0 0 0 
 --- 
rotation_16: (1, 87) (7, 24) (33, 6) (6, 34) (97, 76) (44, 69) (45, 51) (78, 73) (74, 79) 
rotProfileMen_16: 0 -1 0 -1 0 0 -1 0 0 -1 0 -2 0 0 0 0 -1 2 0 0 1 0 0 0 0 0 0 0 0 0 0 1 0 0 0 0 0 0 0 1 0 0 0 0 1 0 0 0 0 0 1 0 0 0 0 0 0 0 0 0 0 0 0 0 0 0 0 0 0 0 0 0 0 0 0 0 0 0 0 0 0 0 0 0 0 0 0 0 0 0 0 0 0 0 0 0 0 0 0 0 
rotProfileWomen_16: 3 3 -3 0 1 -1 0 0 0 0 -1 0 0 0 0 0 -1 -1 0 0 0 0 0 0 0 0 0 0 0 0 0 0 0 0 0 0 0 0 0 0 0 0 0 0 0 0 0 0 0 0 0 0 0 0 0 0 0 0 0 0 0 0 0 0 0 0 0 0 0 0 0 0 0 0 0 0 0 0 0 0 0 0 0 0 0 0 0 0 0 0 0 0 0 0 0 0 0 0 0 0 
rotProfileCombined_16: 3 2 -3 -1 1 -1 -1 0 0 -1 -1 -2 0 0 0 0 -2 1 0 0 1 0 0 0 0 0 0 0 0 0 0 1 0 0 0 0 0 0 0 1 0 0 0 0 1 0 0 0 0 0 1 0 0 0 0 0 0 0 0 0 0 0 0 0 0 0 0 0 0 0 0 0 0 0 0 0 0 0 0 0 0 0 0 0 0 0 0 0 0 0 0 0 0 0 0 0 0 0 0 0 
 --- 


// Stable matchings
// found using rotations not digraph

optimal_stable_matchings: 
rank-maximal_index: 27
generous_index: 9
sex_equal_index: 18
egalitarian_index: 15
generalisedMedian_index: 10

stable_matching_list:
2 24 89 93 73 39 58 8 94 50 36 3 71 12 13 34 81 47 67 85 35 91 43 48 25 65 87 46 44 26 66 18 6 100 68 52 45 4 96 37 7 29 64 69 51 14 5 31 1 98 61 72 53 78 9 82 80 60 11 42 83 57 21 54 33 10 28 95 17 15 41 99 49 16 40 77 97 90 32 23 30 74 70 75 22 88 38 79 27 92 84 55 19 20 86 56 76 63 59 62 
2 24 89 93 73 39 58 8 94 50 36 3 71 12 13 34 81 47 67 85 35 91 43 48 25 65 87 46 44 26 66 18 6 100 68 52 45 4 96 37 7 29 64 69 51 14 5 31 1 98 61 72 53 78 9 82 80 60 11 42 83 57 21 54 33 32 28 95 17 15 41 99 49 16 40 77 97 90 10 23 30 74 70 75 22 88 38 79 27 92 84 55 19 20 86 56 76 63 59 62 
2 24 89 93 73 39 58 8 94 50 36 3 71 12 13 34 81 47 67 85 35 91 43 48 25 65 1 46 44 26 66 18 6 100 68 52 45 4 96 37 7 29 64 69 51 14 5 31 21 98 61 72 53 78 9 82 80 60 11 42 83 57 87 54 33 32 28 95 17 15 41 99 49 16 40 77 97 90 10 23 30 74 70 75 22 88 38 79 27 92 84 55 19 20 86 56 76 63 59 62 
2 24 89 93 73 39 58 8 94 50 36 3 15 12 13 34 81 47 32 85 35 1 43 48 25 65 71 22 44 26 66 18 6 100 68 52 45 4 96 37 7 29 57 69 51 14 5 31 21 46 61 72 53 78 9 82 80 60 11 42 83 67 87 54 33 91 64 95 17 98 41 99 49 16 40 77 97 90 10 23 30 74 70 75 28 88 38 79 27 92 84 55 19 20 86 56 76 63 59 62 
2 24 89 93 73 39 58 8 94 50 36 3 15 12 13 34 81 47 32 85 35 1 43 48 25 65 71 22 44 26 66 18 6 100 68 52 45 4 96 37 7 29 57 69 51 14 5 31 21 46 61 72 53 78 9 82 80 60 11 42 83 67 87 54 33 91 64 92 17 98 41 99 49 16 40 77 97 90 10 23 30 74 70 75 28 88 38 79 27 95 84 55 19 20 86 56 76 63 59 62 
2 68 89 93 24 39 58 8 94 50 36 3 15 12 13 34 81 47 32 85 35 1 43 48 25 65 71 22 44 26 66 18 6 100 42 52 45 4 96 37 7 29 57 69 51 14 5 31 21 46 61 72 53 78 9 82 80 60 11 98 73 67 87 54 33 91 64 92 17 95 41 99 49 16 40 77 97 90 10 23 30 74 70 75 28 88 38 79 27 83 84 55 19 20 86 56 76 63 59 62 
90 68 89 93 84 39 24 8 94 50 36 3 15 12 13 34 81 47 32 85 35 1 43 48 25 65 71 22 44 26 66 18 6 100 42 52 45 2 96 37 7 29 57 69 51 14 5 16 21 46 61 72 53 78 9 82 59 60 11 98 41 67 87 54 33 91 64 92 17 95 31 99 49 79 40 77 97 73 10 23 30 74 70 75 28 88 38 80 27 83 4 55 19 20 86 56 76 63 58 62 
90 68 89 93 84 39 24 8 94 50 9 3 36 12 13 34 81 47 32 85 35 1 43 48 25 65 71 22 44 26 66 18 6 100 42 52 45 2 96 37 7 29 57 69 51 14 5 16 21 46 61 72 53 78 83 82 59 60 11 98 41 67 87 54 33 91 64 92 17 95 31 99 49 79 40 77 97 73 10 23 30 74 70 75 28 88 38 80 27 15 4 55 19 20 86 56 76 63 58 62 
90 68 89 93 84 34 24 8 94 50 36 3 15 12 13 65 81 47 32 85 35 1 43 48 25 41 71 22 44 26 66 18 6 100 42 52 45 2 96 37 7 29 57 69 51 14 5 16 21 46 61 72 53 78 9 82 59 60 11 98 39 67 87 54 33 91 64 92 17 95 31 99 49 79 40 77 97 73 10 23 30 74 70 75 28 88 38 80 27 83 4 55 19 20 86 56 76 63 58 62 
90 68 89 93 84 34 24 8 94 50 9 3 36 12 13 65 81 47 32 85 35 1 43 48 25 41 71 22 44 26 66 18 6 100 42 52 45 2 96 37 7 29 57 69 51 14 5 16 21 46 61 72 53 78 83 82 59 60 11 98 39 67 87 54 33 91 64 92 17 95 31 99 49 79 40 77 97 73 10 23 30 74 70 75 28 88 38 80 27 15 4 55 19 20 86 56 76 63 58 62 
90 68 89 93 84 34 24 8 94 50 36 3 15 12 13 48 81 47 32 85 35 1 43 16 25 41 71 22 44 26 66 18 6 100 42 52 45 2 96 37 7 29 57 69 51 14 5 65 21 46 61 72 53 78 9 82 59 60 11 98 39 67 87 54 33 91 64 92 17 95 31 99 49 79 40 77 97 73 10 23 30 74 70 75 28 88 38 80 27 83 4 55 19 20 86 56 76 63 58 62 
90 68 89 93 84 34 24 8 94 50 9 3 36 12 13 48 81 47 32 85 35 1 43 16 25 41 71 22 44 26 66 18 6 100 42 52 45 2 96 37 7 29 57 69 51 14 5 65 21 46 61 72 53 78 83 82 59 60 11 98 39 67 87 54 33 91 64 92 17 95 31 99 49 79 40 77 97 73 10 23 30 74 70 75 28 88 38 80 27 15 4 55 19 20 86 56 76 63 58 62 
90 68 89 93 84 34 24 8 94 50 36 3 15 12 13 48 81 47 32 85 35 1 43 16 31 41 71 22 44 26 66 18 6 100 42 52 45 2 96 37 7 29 57 69 51 14 5 65 21 46 61 72 53 78 9 82 59 60 11 98 39 67 87 54 33 91 64 92 17 95 86 99 49 79 40 77 97 73 10 23 30 74 70 75 28 88 38 80 27 83 4 55 19 20 25 56 76 63 58 62 
90 68 89 93 84 34 24 8 94 50 9 3 36 12 13 48 81 47 32 85 35 1 43 16 31 41 71 22 44 26 66 18 6 100 42 52 45 2 96 37 7 29 57 69 51 14 5 65 21 46 61 72 53 78 83 82 59 60 11 98 39 67 87 54 33 91 64 92 17 95 86 99 49 79 40 77 97 73 10 23 30 74 70 75 28 88 38 80 27 15 4 55 19 20 25 56 76 63 58 62 
90 68 89 93 84 34 24 8 94 50 36 3 15 12 13 48 81 47 32 85 35 1 97 16 25 41 71 70 44 43 66 18 6 100 42 52 45 2 96 37 7 29 57 69 51 14 5 65 21 46 61 72 53 78 9 82 59 60 11 98 39 67 87 54 33 91 64 92 17 22 31 99 49 79 40 77 95 73 10 23 30 74 26 75 28 88 38 80 27 83 4 55 19 20 86 56 76 63 58 62 
90 68 89 93 84 34 24 8 94 50 9 3 36 12 13 48 81 47 32 85 35 1 97 16 25 41 71 70 44 43 66 18 6 100 42 52 45 2 96 37 7 29 57 69 51 14 5 65 21 46 61 72 53 78 83 82 59 60 11 98 39 67 87 54 33 91 64 92 17 22 31 99 49 79 40 77 95 73 10 23 30 74 26 75 28 88 38 80 27 15 4 55 19 20 86 56 76 63 58 62 
90 68 89 93 84 34 24 8 94 50 36 3 15 12 13 48 81 47 32 85 35 1 97 16 31 41 71 70 44 43 66 18 6 100 42 52 45 2 96 37 7 29 57 69 51 14 5 65 21 46 61 72 53 78 9 82 59 60 11 98 39 67 87 54 33 91 64 92 17 22 86 99 49 79 40 77 95 73 10 23 30 74 26 75 28 88 38 80 27 83 4 55 19 20 25 56 76 63 58 62 
90 68 89 93 84 34 24 8 94 50 9 3 36 12 13 48 81 47 32 85 35 1 97 16 31 41 71 70 44 43 66 18 6 100 42 52 45 2 96 37 7 29 57 69 51 14 5 65 21 46 61 72 53 78 83 82 59 60 11 98 39 67 87 54 33 91 64 92 17 22 86 99 49 79 40 77 95 73 10 23 30 74 26 75 28 88 38 80 27 15 4 55 19 20 25 56 76 63 58 62 
87 68 89 93 84 34 24 8 94 50 36 3 15 12 13 48 81 47 32 85 35 1 97 16 25 41 71 70 44 43 66 18 6 100 42 52 45 2 96 37 7 29 57 69 51 14 5 46 21 90 61 72 53 78 9 82 59 60 11 98 39 67 65 54 33 91 64 92 17 22 31 99 49 79 40 77 95 73 10 23 30 74 26 75 28 88 38 80 27 83 4 55 19 20 86 56 76 63 58 62 
87 68 89 93 84 34 24 8 94 50 9 3 36 12 13 48 81 47 32 85 35 1 97 16 25 41 71 70 44 43 66 18 6 100 42 52 45 2 96 37 7 29 57 69 51 14 5 46 21 90 61 72 53 78 83 82 59 60 11 98 39 67 65 54 33 91 64 92 17 22 31 99 49 79 40 77 95 73 10 23 30 74 26 75 28 88 38 80 27 15 4 55 19 20 86 56 76 63 58 62 
87 68 89 93 84 34 24 8 94 50 36 3 15 12 13 48 81 47 32 85 35 1 97 16 31 41 71 70 44 43 66 18 6 100 42 52 45 2 96 37 7 29 57 69 51 14 5 46 21 90 61 72 53 78 9 82 59 60 11 98 39 67 65 54 33 91 64 92 17 22 86 99 49 79 40 77 95 73 10 23 30 74 26 75 28 88 38 80 27 83 4 55 19 20 25 56 76 63 58 62 
87 68 89 93 84 34 24 8 94 50 9 3 36 12 13 48 81 47 32 85 35 1 97 16 31 41 71 70 44 43 66 18 6 100 42 52 45 2 96 37 7 29 57 69 51 14 5 46 21 90 61 72 53 78 83 82 59 60 11 98 39 67 65 54 33 91 64 92 17 22 86 99 49 79 40 77 95 73 10 23 30 74 26 75 28 88 38 80 27 15 4 55 19 20 25 56 76 63 58 62 
87 68 89 93 84 34 24 58 94 50 36 3 15 12 13 48 81 47 32 85 35 1 97 16 31 41 71 70 55 43 66 18 6 100 42 52 45 2 96 37 7 29 57 69 51 14 5 46 21 90 61 72 8 78 9 82 59 60 11 98 39 67 53 54 33 91 64 92 17 22 44 99 49 79 40 77 95 73 10 23 30 74 26 75 28 88 38 80 27 83 4 65 19 20 25 56 76 63 86 62 
87 68 89 93 84 34 24 58 94 50 9 3 36 12 13 48 81 47 32 85 35 1 97 16 31 41 71 70 55 43 66 18 6 100 42 52 45 2 96 37 7 29 57 69 51 14 5 46 21 90 61 72 8 78 83 82 59 60 11 98 39 67 53 54 33 91 64 92 17 22 44 99 49 79 40 77 95 73 10 23 30 74 26 75 28 88 38 80 27 15 4 65 19 20 25 56 76 63 86 62 
87 68 89 93 84 34 24 58 94 50 9 3 36 12 13 48 81 47 32 85 35 1 97 16 31 41 71 82 55 43 66 18 6 100 42 52 45 2 96 37 7 29 57 69 51 14 5 46 21 90 61 72 8 78 83 44 60 70 11 98 39 67 53 54 33 91 64 92 17 22 27 99 19 79 40 77 95 73 10 23 30 74 26 75 28 88 38 80 49 15 4 65 59 20 25 56 76 63 86 62 
87 68 89 93 84 34 24 58 94 50 9 3 36 12 13 48 81 47 32 39 35 1 66 16 31 41 71 59 55 43 85 97 6 100 42 52 45 2 96 37 7 29 57 69 51 14 5 46 21 90 61 72 8 78 83 44 60 70 11 98 82 67 53 54 33 91 64 92 17 22 27 99 19 79 40 77 95 73 10 23 30 74 26 75 28 88 38 80 49 15 4 65 18 20 25 56 76 63 86 62 
87 68 89 93 45 34 24 58 94 50 9 3 36 12 13 48 15 47 32 39 35 1 66 16 31 41 71 59 55 43 85 97 6 100 42 52 81 2 96 37 7 29 57 69 51 14 5 46 21 90 61 72 8 78 83 44 60 70 11 98 82 67 53 54 33 91 64 92 17 22 27 99 19 79 40 77 95 73 10 23 30 84 26 75 28 88 38 80 49 74 4 65 18 20 25 56 76 63 86 62 
24 68 89 93 45 76 6 58 94 50 9 3 36 12 13 48 15 47 32 39 35 1 66 16 31 41 71 59 55 43 85 97 34 100 42 52 81 2 96 37 7 29 57 51 73 14 5 46 21 90 61 72 8 78 83 44 60 70 11 98 82 67 53 54 33 91 64 92 17 22 27 99 19 87 40 77 95 79 10 23 30 84 26 75 28 88 38 80 49 74 4 65 18 20 25 56 69 63 86 62 
90 68 89 93 84 34 24 8 94 50 36 3 15 12 13 65 81 47 32 85 35 1 43 48 31 41 71 22 44 26 66 18 6 100 42 52 45 2 96 37 7 29 57 69 51 14 5 16 21 46 61 72 53 78 9 82 59 60 11 98 39 67 87 54 33 91 64 92 17 95 86 99 49 79 40 77 97 73 10 23 30 74 70 75 28 88 38 80 27 83 4 55 19 20 25 56 76 63 58 62 
90 68 89 93 84 34 24 8 94 50 9 3 36 12 13 65 81 47 32 85 35 1 43 48 31 41 71 22 44 26 66 18 6 100 42 52 45 2 96 37 7 29 57 69 51 14 5 16 21 46 61 72 53 78 83 82 59 60 11 98 39 67 87 54 33 91 64 92 17 95 86 99 49 79 40 77 97 73 10 23 30 74 70 75 28 88 38 80 27 15 4 55 19 20 25 56 76 63 58 62 
2 68 89 93 24 39 58 8 94 50 9 3 36 12 13 34 81 47 32 85 35 1 43 48 25 65 71 22 44 26 66 18 6 100 42 52 45 4 96 37 7 29 57 69 51 14 5 31 21 46 61 72 53 78 83 82 80 60 11 98 73 67 87 54 33 91 64 92 17 95 41 99 49 16 40 77 97 90 10 23 30 74 70 75 28 88 38 79 27 15 84 55 19 20 86 56 76 63 59 62 
2 24 89 93 73 39 58 8 94 50 36 3 71 12 13 34 81 47 67 85 35 91 43 48 25 65 1 46 44 26 66 18 6 100 68 52 45 4 96 37 7 29 64 69 51 14 5 31 21 98 61 72 53 78 9 82 80 60 11 42 83 57 87 54 33 32 28 92 17 15 41 99 49 16 40 77 97 90 10 23 30 74 70 75 22 88 38 79 27 95 84 55 19 20 86 56 76 63 59 62 
2 24 89 93 73 39 58 8 94 50 36 3 71 12 13 34 81 47 67 85 35 91 43 48 25 65 1 46 44 26 66 18 6 100 68 52 45 4 96 37 7 29 64 69 51 14 5 31 21 98 61 72 53 78 9 82 80 60 11 42 83 57 87 54 33 10 28 95 17 15 41 99 49 16 40 77 97 90 32 23 30 74 70 75 22 88 38 79 27 92 84 55 19 20 86 56 76 63 59 62 
2 24 89 93 73 39 58 8 94 50 36 3 71 12 13 34 81 47 67 85 35 91 43 48 25 65 1 46 44 26 66 18 6 100 68 52 45 4 96 37 7 29 64 69 51 14 5 31 21 98 61 72 53 78 9 82 80 60 11 42 83 57 87 54 33 10 28 92 17 15 41 99 49 16 40 77 97 90 32 23 30 74 70 75 22 88 38 79 27 95 84 55 19 20 86 56 76 63 59 62 


matching_0: 2 24 89 93 73 39 58 8 94 50 36 3 71 12 13 34 81 47 67 85 35 91 43 48 25 65 87 46 44 26 66 18 6 100 68 52 45 4 96 37 7 29 64 69 51 14 5 31 1 98 61 72 53 78 9 82 80 60 11 42 83 57 21 54 33 10 28 95 17 15 41 99 49 16 40 77 97 90 32 23 30 74 70 75 22 88 38 79 27 92 84 55 19 20 86 56 76 63 59 62 
profileMen_0: 13 18 9 9 11 9 4 5 6 4 2 4 0 0 0 1 1 0 0 1 1 0 0 1 0 0 0 0 0 0 0 0 0 1 0 0 0 0 0 0 0 0 0 0 0 0 0 0 0 0 0 0 0 0 0 0 0 0 0 0 0 0 0 0 0 0 0 0 0 0 0 0 0 0 0 0 0 0 0 0 0 0 0 0 0 0 0 0 0 0 0 0 0 0 0 0 0 0 0 0 
profileWomen_0: 6 8 4 2 4 4 1 4 5 4 3 2 1 2 4 4 2 2 2 1 2 4 1 1 0 2 2 3 3 1 2 1 1 1 1 1 0 0 0 0 0 0 0 0 0 1 0 1 0 0 1 0 0 1 0 0 0 0 0 0 1 0 0 0 0 0 0 0 0 1 0 0 0 0 0 0 0 1 0 0 0 0 0 1 0 0 0 0 0 1 0 0 0 0 0 0 0 0 0 0 
profileCombined_0: 19 26 13 11 15 13 5 9 11 8 5 6 1 2 4 5 3 2 2 2 3 4 1 2 0 2 2 3 3 1 2 1 1 2 1 1 0 0 0 0 0 0 0 0 0 1 0 1 0 0 1 0 0 1 0 0 0 0 0 0 1 0 0 0 0 0 0 0 0 1 0 0 0 0 0 0 0 1 0 0 0 0 0 1 0 0 0 0 0 1 0 0 0 0 0 0 0 0 0 0 
costMen_0: 585
costWomen_0: 1858
costCombined_0: 2443
sexEquality_0: 1273

 --- 
matching_1: 2 24 89 93 73 39 58 8 94 50 36 3 71 12 13 34 81 47 67 85 35 91 43 48 25 65 87 46 44 26 66 18 6 100 68 52 45 4 96 37 7 29 64 69 51 14 5 31 1 98 61 72 53 78 9 82 80 60 11 42 83 57 21 54 33 32 28 95 17 15 41 99 49 16 40 77 97 90 10 23 30 74 70 75 22 88 38 79 27 92 84 55 19 20 86 56 76 63 59 62 
profileMen_1: 12 18 9 9 11 9 3 5 6 4 2 4 0 1 0 1 1 0 0 2 1 0 0 1 0 0 0 0 0 0 0 0 0 1 0 0 0 0 0 0 0 0 0 0 0 0 0 0 0 0 0 0 0 0 0 0 0 0 0 0 0 0 0 0 0 0 0 0 0 0 0 0 0 0 0 0 0 0 0 0 0 0 0 0 0 0 0 0 0 0 0 0 0 0 0 0 0 0 0 0 
profileWomen_1: 7 8 4 2 4 4 1 4 5 4 3 2 2 2 4 4 2 2 1 1 2 4 1 1 0 2 2 3 3 1 2 1 1 1 1 1 0 0 0 0 0 0 0 0 0 1 0 0 0 0 1 0 0 1 0 0 0 0 0 0 1 0 0 0 0 0 0 0 0 1 0 0 0 0 0 0 0 1 0 0 0 0 0 1 0 0 0 0 0 1 0 0 0 0 0 0 0 0 0 0 
profileCombined_1: 19 26 13 11 15 13 4 9 11 8 5 6 2 3 4 5 3 2 1 3 3 4 1 2 0 2 2 3 3 1 2 1 1 2 1 1 0 0 0 0 0 0 0 0 0 1 0 0 0 0 1 0 0 1 0 0 0 0 0 0 1 0 0 0 0 0 0 0 0 1 0 0 0 0 0 0 0 1 0 0 0 0 0 1 0 0 0 0 0 1 0 0 0 0 0 0 0 0 0 0 
costMen_1: 611
costWomen_1: 1805
costCombined_1: 2416
sexEquality_1: 1194

 --- 
matching_2: 2 24 89 93 73 39 58 8 94 50 36 3 71 12 13 34 81 47 67 85 35 91 43 48 25 65 1 46 44 26 66 18 6 100 68 52 45 4 96 37 7 29 64 69 51 14 5 31 21 98 61 72 53 78 9 82 80 60 11 42 83 57 87 54 33 32 28 95 17 15 41 99 49 16 40 77 97 90 10 23 30 74 70 75 22 88 38 79 27 92 84 55 19 20 86 56 76 63 59 62 
profileMen_2: 12 18 8 8 12 9 3 6 6 3 2 4 0 1 0 1 2 0 0 2 1 0 0 1 0 0 0 0 0 0 0 0 0 1 0 0 0 0 0 0 0 0 0 0 0 0 0 0 0 0 0 0 0 0 0 0 0 0 0 0 0 0 0 0 0 0 0 0 0 0 0 0 0 0 0 0 0 0 0 0 0 0 0 0 0 0 0 0 0 0 0 0 0 0 0 0 0 0 0 0 
profileWomen_2: 7 8 4 2 4 4 1 4 6 4 3 2 2 2 5 4 2 2 1 2 2 4 1 1 0 2 2 2 3 1 1 1 1 1 1 1 0 0 0 0 0 0 0 0 0 1 0 0 0 0 0 0 0 1 0 0 0 0 0 0 1 0 0 0 0 0 0 0 0 1 0 0 0 0 0 0 0 1 0 0 0 0 0 1 0 0 0 0 0 1 0 0 0 0 0 0 0 0 0 0 
profileCombined_2: 19 26 12 10 16 13 4 10 12 7 5 6 2 3 5 5 4 2 1 4 3 4 1 2 0 2 2 2 3 1 1 1 1 2 1 1 0 0 0 0 0 0 0 0 0 1 0 0 0 0 0 0 0 1 0 0 0 0 0 0 1 0 0 0 0 0 0 0 0 1 0 0 0 0 0 0 0 1 0 0 0 0 0 1 0 0 0 0 0 1 0 0 0 0 0 0 0 0 0 0 
costMen_2: 624
costWomen_2: 1739
costCombined_2: 2363
sexEquality_2: 1115

 --- 
matching_3: 2 24 89 93 73 39 58 8 94 50 36 3 15 12 13 34 81 47 32 85 35 1 43 48 25 65 71 22 44 26 66 18 6 100 68 52 45 4 96 37 7 29 57 69 51 14 5 31 21 46 61 72 53 78 9 82 80 60 11 42 83 67 87 54 33 91 64 95 17 98 41 99 49 16 40 77 97 90 10 23 30 74 70 75 28 88 38 79 27 92 84 55 19 20 86 56 76 63 59 62 
profileMen_3: 11 18 7 7 11 9 4 5 5 4 1 5 2 2 1 1 2 0 0 1 1 0 0 0 0 0 0 0 2 0 0 0 0 0 0 0 0 0 0 0 0 0 0 0 1 0 0 0 0 0 0 0 0 0 0 0 0 0 0 0 0 0 0 0 0 0 0 0 0 0 0 0 0 0 0 0 0 0 0 0 0 0 0 0 0 0 0 0 0 0 0 0 0 0 0 0 0 0 0 0 
profileWomen_3: 8 9 6 2 5 4 1 4 6 3 3 3 1 2 4 3 2 2 1 3 2 5 1 1 0 1 2 2 2 1 1 1 1 1 1 2 0 0 0 0 0 0 0 0 0 1 0 0 0 0 0 0 0 0 0 0 0 0 0 0 0 0 0 0 0 0 0 0 0 1 0 0 0 0 0 0 0 1 0 0 0 0 0 0 0 0 0 0 0 1 0 0 0 0 0 0 0 0 0 0 
profileCombined_3: 19 27 13 9 16 13 5 9 11 7 4 8 3 4 5 4 4 2 1 4 3 5 1 1 0 1 2 2 4 1 1 1 1 1 1 2 0 0 0 0 0 0 0 0 1 1 0 0 0 0 0 0 0 0 0 0 0 0 0 0 0 0 0 0 0 0 0 0 0 1 0 0 0 0 0 0 0 1 0 0 0 0 0 0 0 0 0 0 0 1 0 0 0 0 0 0 0 0 0 0 
costMen_3: 692
costWomen_3: 1535
costCombined_3: 2227
sexEquality_3: 843

 --- 
matching_4: 2 24 89 93 73 39 58 8 94 50 36 3 15 12 13 34 81 47 32 85 35 1 43 48 25 65 71 22 44 26 66 18 6 100 68 52 45 4 96 37 7 29 57 69 51 14 5 31 21 46 61 72 53 78 9 82 80 60 11 42 83 67 87 54 33 91 64 92 17 98 41 99 49 16 40 77 97 90 10 23 30 74 70 75 28 88 38 79 27 95 84 55 19 20 86 56 76 63 59 62 
profileMen_4: 11 17 7 6 11 9 4 6 6 4 1 5 2 2 1 1 2 0 0 1 1 0 0 0 0 0 0 0 2 0 0 0 0 0 0 0 0 0 0 0 0 0 0 0 1 0 0 0 0 0 0 0 0 0 0 0 0 0 0 0 0 0 0 0 0 0 0 0 0 0 0 0 0 0 0 0 0 0 0 0 0 0 0 0 0 0 0 0 0 0 0 0 0 0 0 0 0 0 0 0 
profileWomen_4: 8 10 6 2 5 4 1 4 6 3 3 3 2 2 4 3 2 1 1 3 2 5 1 1 0 1 2 2 2 1 1 1 1 1 0 2 0 0 0 0 0 0 0 0 0 1 0 0 0 0 0 0 0 0 0 0 0 0 0 0 0 0 0 0 0 0 0 0 0 1 0 0 0 0 0 0 0 1 0 0 0 0 0 0 0 0 0 0 0 1 0 0 0 0 0 0 0 0 0 0 
profileCombined_4: 19 27 13 8 16 13 5 10 12 7 4 8 4 4 5 4 4 1 1 4 3 5 1 1 0 1 2 2 4 1 1 1 1 1 0 2 0 0 0 0 0 0 0 0 1 1 0 0 0 0 0 0 0 0 0 0 0 0 0 0 0 0 0 0 0 0 0 0 0 1 0 0 0 0 0 0 0 1 0 0 0 0 0 0 0 0 0 0 0 1 0 0 0 0 0 0 0 0 0 0 
costMen_4: 703
costWomen_4: 1497
costCombined_4: 2200
sexEquality_4: 794

 --- 
matching_5: 2 68 89 93 24 39 58 8 94 50 36 3 15 12 13 34 81 47 32 85 35 1 43 48 25 65 71 22 44 26 66 18 6 100 42 52 45 4 96 37 7 29 57 69 51 14 5 31 21 46 61 72 53 78 9 82 80 60 11 98 73 67 87 54 33 91 64 92 17 95 41 99 49 16 40 77 97 90 10 23 30 74 70 75 28 88 38 79 27 83 84 55 19 20 86 56 76 63 59 62 
profileMen_5: 10 15 6 6 11 9 4 8 5 4 2 5 2 1 2 1 2 1 0 1 2 0 0 0 0 0 0 0 2 0 0 0 0 0 0 0 0 0 0 0 0 0 0 0 1 0 0 0 0 0 0 0 0 0 0 0 0 0 0 0 0 0 0 0 0 0 0 0 0 0 0 0 0 0 0 0 0 0 0 0 0 0 0 0 0 0 0 0 0 0 0 0 0 0 0 0 0 0 0 0 
profileWomen_5: 8 11 6 3 4 4 2 5 6 4 3 3 0 2 3 3 2 1 1 3 2 5 1 1 0 1 2 2 2 1 1 1 1 1 0 2 0 0 1 0 0 0 0 0 0 1 0 0 0 0 0 0 0 0 0 0 0 0 0 0 0 0 0 0 0 0 0 0 0 0 0 0 0 0 0 0 0 0 0 0 0 0 0 0 0 0 0 0 0 1 0 0 0 0 0 0 0 0 0 0 
profileCombined_5: 18 26 12 9 15 13 6 13 11 8 5 8 2 3 5 4 4 2 1 4 4 5 1 1 0 1 2 2 4 1 1 1 1 1 0 2 0 0 1 0 0 0 0 0 1 1 0 0 0 0 0 0 0 0 0 0 0 0 0 0 0 0 0 0 0 0 0 0 0 0 0 0 0 0 0 0 0 0 0 0 0 0 0 0 0 0 0 0 0 1 0 0 0 0 0 0 0 0 0 0 
costMen_5: 753
costWomen_5: 1373
costCombined_5: 2126
sexEquality_5: 620

 --- 
matching_6: 90 68 89 93 84 39 24 8 94 50 36 3 15 12 13 34 81 47 32 85 35 1 43 48 25 65 71 22 44 26 66 18 6 100 42 52 45 2 96 37 7 29 57 69 51 14 5 16 21 46 61 72 53 78 9 82 59 60 11 98 41 67 87 54 33 91 64 92 17 95 31 99 49 79 40 77 97 73 10 23 30 74 70 75 28 88 38 80 27 83 4 55 19 20 86 56 76 63 58 62 
profileMen_6: 7 14 8 7 10 7 3 6 5 5 2 5 2 4 2 0 3 3 0 1 2 1 0 0 0 0 0 0 2 0 0 0 0 0 0 0 0 0 0 0 0 0 0 0 1 0 0 0 0 0 0 0 0 0 0 0 0 0 0 0 0 0 0 0 0 0 0 0 0 0 0 0 0 0 0 0 0 0 0 0 0 0 0 0 0 0 0 0 0 0 0 0 0 0 0 0 0 0 0 0 
profileWomen_6: 8 11 8 5 5 4 2 5 5 4 3 2 0 3 3 1 2 4 1 2 2 5 1 1 0 1 2 1 2 0 0 1 1 1 1 1 0 0 1 0 0 0 0 0 0 0 0 0 0 0 0 0 0 0 0 0 0 0 0 0 0 0 0 0 0 0 0 0 0 0 0 0 0 0 0 0 0 0 0 0 0 0 0 0 0 0 0 0 0 1 0 0 0 0 0 0 0 0 0 0 
profileCombined_6: 15 25 16 12 15 11 5 11 10 9 5 7 2 7 5 1 5 7 1 3 4 6 1 1 0 1 2 1 4 0 0 1 1 1 1 1 0 0 1 0 0 0 0 0 1 0 0 0 0 0 0 0 0 0 0 0 0 0 0 0 0 0 0 0 0 0 0 0 0 0 0 0 0 0 0 0 0 0 0 0 0 0 0 0 0 0 0 0 0 1 0 0 0 0 0 0 0 0 0 0 
costMen_6: 829
costWomen_6: 1251
costCombined_6: 2080
sexEquality_6: 422

 --- 
matching_7: 90 68 89 93 84 39 24 8 94 50 9 3 36 12 13 34 81 47 32 85 35 1 43 48 25 65 71 22 44 26 66 18 6 100 42 52 45 2 96 37 7 29 57 69 51 14 5 16 21 46 61 72 53 78 83 82 59 60 11 98 41 67 87 54 33 91 64 92 17 95 31 99 49 79 40 77 97 73 10 23 30 74 70 75 28 88 38 80 27 15 4 55 19 20 86 56 76 63 58 62 
profileMen_7: 7 14 8 7 10 7 2 5 4 6 2 5 3 4 2 0 3 2 0 1 2 1 1 0 1 0 0 0 2 0 0 0 0 0 0 0 0 0 0 0 0 0 0 0 1 0 0 0 0 0 0 0 0 0 0 0 0 0 0 0 0 0 0 0 0 0 0 0 0 0 0 0 0 0 0 0 0 0 0 0 0 0 0 0 0 0 0 0 0 0 0 0 0 0 0 0 0 0 0 0 
profileWomen_7: 8 11 8 6 5 4 2 5 5 4 3 3 0 3 4 2 2 4 1 2 1 4 1 1 0 1 2 1 2 0 0 1 0 1 1 1 0 0 0 0 0 0 0 0 0 0 0 0 0 0 0 0 0 0 0 0 0 0 0 0 0 0 0 0 0 0 0 0 0 0 0 0 0 0 0 0 0 0 0 0 0 0 0 0 0 0 0 0 0 1 0 0 0 0 0 0 0 0 0 0 
profileCombined_7: 15 25 16 13 15 11 4 10 9 10 5 8 3 7 6 2 5 6 1 3 3 5 2 1 1 1 2 1 4 0 0 1 0 1 1 1 0 0 0 0 0 0 0 0 1 0 0 0 0 0 0 0 0 0 0 0 0 0 0 0 0 0 0 0 0 0 0 0 0 0 0 0 0 0 0 0 0 0 0 0 0 0 0 0 0 0 0 0 0 1 0 0 0 0 0 0 0 0 0 0 
costMen_7: 858
costWomen_7: 1183
costCombined_7: 2041
sexEquality_7: 325

 --- 
matching_8: 90 68 89 93 84 34 24 8 94 50 36 3 15 12 13 65 81 47 32 85 35 1 43 48 25 41 71 22 44 26 66 18 6 100 42 52 45 2 96 37 7 29 57 69 51 14 5 16 21 46 61 72 53 78 9 82 59 60 11 98 39 67 87 54 33 91 64 92 17 95 31 99 49 79 40 77 97 73 10 23 30 74 70 75 28 88 38 80 27 83 4 55 19 20 86 56 76 63 58 62 
profileMen_8: 6 14 8 7 9 7 4 6 5 5 2 6 2 3 2 0 3 3 0 2 2 1 0 0 0 0 0 0 2 0 0 0 0 0 0 0 0 0 0 0 0 0 0 0 1 0 0 0 0 0 0 0 0 0 0 0 0 0 0 0 0 0 0 0 0 0 0 0 0 0 0 0 0 0 0 0 0 0 0 0 0 0 0 0 0 0 0 0 0 0 0 0 0 0 0 0 0 0 0 0 
profileWomen_8: 8 11 8 6 5 4 2 5 5 4 3 3 0 3 3 0 3 4 1 2 2 5 1 1 0 2 2 1 2 0 0 0 1 1 0 1 0 0 1 0 0 0 0 0 0 0 0 0 0 0 0 0 0 0 0 0 0 0 0 0 0 0 0 0 0 0 0 0 0 0 0 0 0 0 0 0 0 0 0 0 0 0 0 0 0 0 0 0 0 0 0 0 0 0 0 0 0 0 0 0 
profileCombined_8: 14 25 16 13 14 11 6 11 10 9 5 9 2 6 5 0 6 7 1 4 4 6 1 1 0 2 2 1 4 0 0 0 1 1 0 1 0 0 1 0 0 0 0 0 1 0 0 0 0 0 0 0 0 0 0 0 0 0 0 0 0 0 0 0 0 0 0 0 0 0 0 0 0 0 0 0 0 0 0 0 0 0 0 0 0 0 0 0 0 0 0 0 0 0 0 0 0 0 0 0 
costMen_8: 848
costWomen_8: 1137
costCombined_8: 1985
sexEquality_8: 289

 --- 
matching_9: 90 68 89 93 84 34 24 8 94 50 9 3 36 12 13 65 81 47 32 85 35 1 43 48 25 41 71 22 44 26 66 18 6 100 42 52 45 2 96 37 7 29 57 69 51 14 5 16 21 46 61 72 53 78 83 82 59 60 11 98 39 67 87 54 33 91 64 92 17 95 31 99 49 79 40 77 97 73 10 23 30 74 70 75 28 88 38 80 27 15 4 55 19 20 86 56 76 63 58 62 
profileMen_9: 6 14 8 7 9 7 3 5 4 6 2 6 3 3 2 0 3 2 0 2 2 1 1 0 1 0 0 0 2 0 0 0 0 0 0 0 0 0 0 0 0 0 0 0 1 0 0 0 0 0 0 0 0 0 0 0 0 0 0 0 0 0 0 0 0 0 0 0 0 0 0 0 0 0 0 0 0 0 0 0 0 0 0 0 0 0 0 0 0 0 0 0 0 0 0 0 0 0 0 0 
profileWomen_9: 8 11 8 7 5 4 2 5 5 4 3 4 0 3 4 1 3 4 1 2 1 4 1 1 0 2 2 1 2 0 0 0 0 1 0 1 0 0 0 0 0 0 0 0 0 0 0 0 0 0 0 0 0 0 0 0 0 0 0 0 0 0 0 0 0 0 0 0 0 0 0 0 0 0 0 0 0 0 0 0 0 0 0 0 0 0 0 0 0 0 0 0 0 0 0 0 0 0 0 0 
profileCombined_9: 14 25 16 14 14 11 5 10 9 10 5 10 3 6 6 1 6 6 1 4 3 5 2 1 1 2 2 1 4 0 0 0 0 1 0 1 0 0 0 0 0 0 0 0 1 0 0 0 0 0 0 0 0 0 0 0 0 0 0 0 0 0 0 0 0 0 0 0 0 0 0 0 0 0 0 0 0 0 0 0 0 0 0 0 0 0 0 0 0 0 0 0 0 0 0 0 0 0 0 0 
costMen_9: 877
costWomen_9: 1069
costCombined_9: 1946
sexEquality_9: 192

 --- 
matching_10: 90 68 89 93 84 34 24 8 94 50 36 3 15 12 13 48 81 47 32 85 35 1 43 16 25 41 71 22 44 26 66 18 6 100 42 52 45 2 96 37 7 29 57 69 51 14 5 65 21 46 61 72 53 78 9 82 59 60 11 98 39 67 87 54 33 91 64 92 17 95 31 99 49 79 40 77 97 73 10 23 30 74 70 75 28 88 38 80 27 83 4 55 19 20 86 56 76 63 58 62 
profileMen_10: 6 14 8 7 8 7 3 6 5 5 2 7 2 2 2 0 3 3 1 2 2 1 0 0 0 0 0 0 2 0 0 0 0 0 0 0 0 0 0 0 0 0 0 0 2 0 0 0 0 0 0 0 0 0 0 0 0 0 0 0 0 0 0 0 0 0 0 0 0 0 0 0 0 0 0 0 0 0 0 0 0 0 0 0 0 0 0 0 0 0 0 0 0 0 0 0 0 0 0 0 
profileWomen_10: 10 11 8 6 5 4 2 5 5 4 3 3 0 3 4 0 2 3 1 2 2 4 1 1 0 2 2 1 2 0 0 0 1 1 0 1 0 0 1 0 0 0 0 0 0 0 0 0 0 0 0 0 0 0 0 0 0 0 0 0 0 0 0 0 0 0 0 0 0 0 0 0 0 0 0 0 0 0 0 0 0 0 0 0 0 0 0 0 0 0 0 0 0 0 0 0 0 0 0 0 
profileCombined_10: 16 25 16 13 13 11 5 11 10 9 5 10 2 5 6 0 5 6 2 4 4 5 1 1 0 2 2 1 4 0 0 0 1 1 0 1 0 0 1 0 0 0 0 0 2 0 0 0 0 0 0 0 0 0 0 0 0 0 0 0 0 0 0 0 0 0 0 0 0 0 0 0 0 0 0 0 0 0 0 0 0 0 0 0 0 0 0 0 0 0 0 0 0 0 0 0 0 0 0 0 
costMen_10: 898
costWomen_10: 1097
costCombined_10: 1995
sexEquality_10: 199

 --- 
matching_11: 90 68 89 93 84 34 24 8 94 50 9 3 36 12 13 48 81 47 32 85 35 1 43 16 25 41 71 22 44 26 66 18 6 100 42 52 45 2 96 37 7 29 57 69 51 14 5 65 21 46 61 72 53 78 83 82 59 60 11 98 39 67 87 54 33 91 64 92 17 95 31 99 49 79 40 77 97 73 10 23 30 74 70 75 28 88 38 80 27 15 4 55 19 20 86 56 76 63 58 62 
profileMen_11: 6 14 8 7 8 7 2 5 4 6 2 7 3 2 2 0 3 2 1 2 2 1 1 0 1 0 0 0 2 0 0 0 0 0 0 0 0 0 0 0 0 0 0 0 2 0 0 0 0 0 0 0 0 0 0 0 0 0 0 0 0 0 0 0 0 0 0 0 0 0 0 0 0 0 0 0 0 0 0 0 0 0 0 0 0 0 0 0 0 0 0 0 0 0 0 0 0 0 0 0 
profileWomen_11: 10 11 8 7 5 4 2 5 5 4 3 4 0 3 5 1 2 3 1 2 1 3 1 1 0 2 2 1 2 0 0 0 0 1 0 1 0 0 0 0 0 0 0 0 0 0 0 0 0 0 0 0 0 0 0 0 0 0 0 0 0 0 0 0 0 0 0 0 0 0 0 0 0 0 0 0 0 0 0 0 0 0 0 0 0 0 0 0 0 0 0 0 0 0 0 0 0 0 0 0 
profileCombined_11: 16 25 16 14 13 11 4 10 9 10 5 11 3 5 7 1 5 5 2 4 3 4 2 1 1 2 2 1 4 0 0 0 0 1 0 1 0 0 0 0 0 0 0 0 2 0 0 0 0 0 0 0 0 0 0 0 0 0 0 0 0 0 0 0 0 0 0 0 0 0 0 0 0 0 0 0 0 0 0 0 0 0 0 0 0 0 0 0 0 0 0 0 0 0 0 0 0 0 0 0 
costMen_11: 927
costWomen_11: 1029
costCombined_11: 1956
sexEquality_11: 102

 --- 
matching_12: 90 68 89 93 84 34 24 8 94 50 36 3 15 12 13 48 81 47 32 85 35 1 43 16 31 41 71 22 44 26 66 18 6 100 42 52 45 2 96 37 7 29 57 69 51 14 5 65 21 46 61 72 53 78 9 82 59 60 11 98 39 67 87 54 33 91 64 92 17 95 86 99 49 79 40 77 97 73 10 23 30 74 70 75 28 88 38 80 27 83 4 55 19 20 25 56 76 63 58 62 
profileMen_12: 6 14 7 7 8 7 3 6 4 6 2 7 2 2 2 1 3 2 1 2 2 1 0 0 0 0 0 0 2 0 0 0 0 0 0 0 0 0 0 0 0 0 0 0 2 0 0 0 0 1 0 0 0 0 0 0 0 0 0 0 0 0 0 0 0 0 0 0 0 0 0 0 0 0 0 0 0 0 0 0 0 0 0 0 0 0 0 0 0 0 0 0 0 0 0 0 0 0 0 0 
profileWomen_12: 10 11 9 6 5 4 2 5 5 3 4 3 0 4 3 0 2 3 1 2 2 4 1 1 0 1 2 1 2 0 0 0 1 1 0 1 0 0 1 0 0 0 0 0 0 0 0 0 0 0 0 0 0 0 0 0 0 0 0 0 0 0 0 0 0 0 0 0 0 0 0 0 0 0 0 0 0 0 0 0 0 0 0 0 0 0 0 0 0 0 0 0 0 0 0 0 0 0 0 0 
profileCombined_12: 16 25 16 13 13 11 5 11 9 9 6 10 2 6 5 1 5 5 2 4 4 5 1 1 0 1 2 1 4 0 0 0 1 1 0 1 0 0 1 0 0 0 0 0 2 0 0 0 0 1 0 0 0 0 0 0 0 0 0 0 0 0 0 0 0 0 0 0 0 0 0 0 0 0 0 0 0 0 0 0 0 0 0 0 0 0 0 0 0 0 0 0 0 0 0 0 0 0 0 0 
costMen_12: 944
costWomen_12: 1074
costCombined_12: 2018
sexEquality_12: 130

 --- 
matching_13: 90 68 89 93 84 34 24 8 94 50 9 3 36 12 13 48 81 47 32 85 35 1 43 16 31 41 71 22 44 26 66 18 6 100 42 52 45 2 96 37 7 29 57 69 51 14 5 65 21 46 61 72 53 78 83 82 59 60 11 98 39 67 87 54 33 91 64 92 17 95 86 99 49 79 40 77 97 73 10 23 30 74 70 75 28 88 38 80 27 15 4 55 19 20 25 56 76 63 58 62 
profileMen_13: 6 14 7 7 8 7 2 5 3 7 2 7 3 2 2 1 3 1 1 2 2 1 1 0 1 0 0 0 2 0 0 0 0 0 0 0 0 0 0 0 0 0 0 0 2 0 0 0 0 1 0 0 0 0 0 0 0 0 0 0 0 0 0 0 0 0 0 0 0 0 0 0 0 0 0 0 0 0 0 0 0 0 0 0 0 0 0 0 0 0 0 0 0 0 0 0 0 0 0 0 
profileWomen_13: 10 11 9 7 5 4 2 5 5 3 4 4 0 4 4 1 2 3 1 2 1 3 1 1 0 1 2 1 2 0 0 0 0 1 0 1 0 0 0 0 0 0 0 0 0 0 0 0 0 0 0 0 0 0 0 0 0 0 0 0 0 0 0 0 0 0 0 0 0 0 0 0 0 0 0 0 0 0 0 0 0 0 0 0 0 0 0 0 0 0 0 0 0 0 0 0 0 0 0 0 
profileCombined_13: 16 25 16 14 13 11 4 10 8 10 6 11 3 6 6 2 5 4 2 4 3 4 2 1 1 1 2 1 4 0 0 0 0 1 0 1 0 0 0 0 0 0 0 0 2 0 0 0 0 1 0 0 0 0 0 0 0 0 0 0 0 0 0 0 0 0 0 0 0 0 0 0 0 0 0 0 0 0 0 0 0 0 0 0 0 0 0 0 0 0 0 0 0 0 0 0 0 0 0 0 
costMen_13: 973
costWomen_13: 1006
costCombined_13: 1979
sexEquality_13: 33

 --- 
matching_14: 90 68 89 93 84 34 24 8 94 50 36 3 15 12 13 48 81 47 32 85 35 1 97 16 25 41 71 70 44 43 66 18 6 100 42 52 45 2 96 37 7 29 57 69 51 14 5 65 21 46 61 72 53 78 9 82 59 60 11 98 39 67 87 54 33 91 64 92 17 22 31 99 49 79 40 77 95 73 10 23 30 74 26 75 28 88 38 80 27 83 4 55 19 20 86 56 76 63 58 62 
profileMen_14: 6 12 9 7 8 7 3 6 5 5 2 5 2 3 1 1 2 3 2 3 2 1 0 0 0 0 0 0 2 0 0 0 0 1 0 0 0 0 0 0 0 0 0 0 2 0 0 0 0 0 0 0 0 0 0 0 0 0 0 0 0 0 0 0 0 0 0 0 0 0 0 0 0 0 0 0 0 0 0 0 0 0 0 0 0 0 0 0 0 0 0 0 0 0 0 0 0 0 0 0 
profileWomen_14: 11 10 8 7 6 4 2 5 5 4 2 3 0 4 4 0 2 4 2 2 2 3 1 1 0 2 1 0 2 0 0 0 1 1 0 0 0 0 1 0 0 0 0 0 0 0 0 0 0 0 0 0 0 0 0 0 0 0 0 0 0 0 0 0 0 0 0 0 0 0 0 0 0 0 0 0 0 0 0 0 0 0 0 0 0 0 0 0 0 0 0 0 0 0 0 0 0 0 0 0 
profileCombined_14: 17 22 17 14 14 11 5 11 10 9 4 8 2 7 5 1 4 7 4 5 4 4 1 1 0 2 1 0 4 0 0 0 1 2 0 0 0 0 1 0 0 0 0 0 2 0 0 0 0 0 0 0 0 0 0 0 0 0 0 0 0 0 0 0 0 0 0 0 0 0 0 0 0 0 0 0 0 0 0 0 0 0 0 0 0 0 0 0 0 0 0 0 0 0 0 0 0 0 0 0 
costMen_14: 944
costWomen_14: 1032
costCombined_14: 1976
sexEquality_14: 88

 --- 
matching_15: 90 68 89 93 84 34 24 8 94 50 9 3 36 12 13 48 81 47 32 85 35 1 97 16 25 41 71 70 44 43 66 18 6 100 42 52 45 2 96 37 7 29 57 69 51 14 5 65 21 46 61 72 53 78 83 82 59 60 11 98 39 67 87 54 33 91 64 92 17 22 31 99 49 79 40 77 95 73 10 23 30 74 26 75 28 88 38 80 27 15 4 55 19 20 86 56 76 63 58 62 
profileMen_15: 6 12 9 7 8 7 2 5 4 6 2 5 3 3 1 1 2 2 2 3 2 1 1 0 1 0 0 0 2 0 0 0 0 1 0 0 0 0 0 0 0 0 0 0 2 0 0 0 0 0 0 0 0 0 0 0 0 0 0 0 0 0 0 0 0 0 0 0 0 0 0 0 0 0 0 0 0 0 0 0 0 0 0 0 0 0 0 0 0 0 0 0 0 0 0 0 0 0 0 0 
profileWomen_15: 11 10 8 8 6 4 2 5 5 4 2 4 0 4 5 1 2 4 2 2 1 2 1 1 0 2 1 0 2 0 0 0 0 1 0 0 0 0 0 0 0 0 0 0 0 0 0 0 0 0 0 0 0 0 0 0 0 0 0 0 0 0 0 0 0 0 0 0 0 0 0 0 0 0 0 0 0 0 0 0 0 0 0 0 0 0 0 0 0 0 0 0 0 0 0 0 0 0 0 0 
profileCombined_15: 17 22 17 15 14 11 4 10 9 10 4 9 3 7 6 2 4 6 4 5 3 3 2 1 1 2 1 0 4 0 0 0 0 2 0 0 0 0 0 0 0 0 0 0 2 0 0 0 0 0 0 0 0 0 0 0 0 0 0 0 0 0 0 0 0 0 0 0 0 0 0 0 0 0 0 0 0 0 0 0 0 0 0 0 0 0 0 0 0 0 0 0 0 0 0 0 0 0 0 0 
costMen_15: 973
costWomen_15: 964
costCombined_15: 1937
sexEquality_15: 9

 --- 
matching_16: 90 68 89 93 84 34 24 8 94 50 36 3 15 12 13 48 81 47 32 85 35 1 97 16 31 41 71 70 44 43 66 18 6 100 42 52 45 2 96 37 7 29 57 69 51 14 5 65 21 46 61 72 53 78 9 82 59 60 11 98 39 67 87 54 33 91 64 92 17 22 86 99 49 79 40 77 95 73 10 23 30 74 26 75 28 88 38 80 27 83 4 55 19 20 25 56 76 63 58 62 
profileMen_16: 6 12 8 7 8 7 3 6 4 6 2 5 2 3 1 2 2 2 2 3 2 1 0 0 0 0 0 0 2 0 0 0 0 1 0 0 0 0 0 0 0 0 0 0 2 0 0 0 0 1 0 0 0 0 0 0 0 0 0 0 0 0 0 0 0 0 0 0 0 0 0 0 0 0 0 0 0 0 0 0 0 0 0 0 0 0 0 0 0 0 0 0 0 0 0 0 0 0 0 0 
profileWomen_16: 11 10 9 7 6 4 2 5 5 3 3 3 0 5 3 0 2 4 2 2 2 3 1 1 0 1 1 0 2 0 0 0 1 1 0 0 0 0 1 0 0 0 0 0 0 0 0 0 0 0 0 0 0 0 0 0 0 0 0 0 0 0 0 0 0 0 0 0 0 0 0 0 0 0 0 0 0 0 0 0 0 0 0 0 0 0 0 0 0 0 0 0 0 0 0 0 0 0 0 0 
profileCombined_16: 17 22 17 14 14 11 5 11 9 9 5 8 2 8 4 2 4 6 4 5 4 4 1 1 0 1 1 0 4 0 0 0 1 2 0 0 0 0 1 0 0 0 0 0 2 0 0 0 0 1 0 0 0 0 0 0 0 0 0 0 0 0 0 0 0 0 0 0 0 0 0 0 0 0 0 0 0 0 0 0 0 0 0 0 0 0 0 0 0 0 0 0 0 0 0 0 0 0 0 0 
costMen_16: 990
costWomen_16: 1009
costCombined_16: 1999
sexEquality_16: 19

 --- 
matching_17: 90 68 89 93 84 34 24 8 94 50 9 3 36 12 13 48 81 47 32 85 35 1 97 16 31 41 71 70 44 43 66 18 6 100 42 52 45 2 96 37 7 29 57 69 51 14 5 65 21 46 61 72 53 78 83 82 59 60 11 98 39 67 87 54 33 91 64 92 17 22 86 99 49 79 40 77 95 73 10 23 30 74 26 75 28 88 38 80 27 15 4 55 19 20 25 56 76 63 58 62 
profileMen_17: 6 12 8 7 8 7 2 5 3 7 2 5 3 3 1 2 2 1 2 3 2 1 1 0 1 0 0 0 2 0 0 0 0 1 0 0 0 0 0 0 0 0 0 0 2 0 0 0 0 1 0 0 0 0 0 0 0 0 0 0 0 0 0 0 0 0 0 0 0 0 0 0 0 0 0 0 0 0 0 0 0 0 0 0 0 0 0 0 0 0 0 0 0 0 0 0 0 0 0 0 
profileWomen_17: 11 10 9 8 6 4 2 5 5 3 3 4 0 5 4 1 2 4 2 2 1 2 1 1 0 1 1 0 2 0 0 0 0 1 0 0 0 0 0 0 0 0 0 0 0 0 0 0 0 0 0 0 0 0 0 0 0 0 0 0 0 0 0 0 0 0 0 0 0 0 0 0 0 0 0 0 0 0 0 0 0 0 0 0 0 0 0 0 0 0 0 0 0 0 0 0 0 0 0 0 
profileCombined_17: 17 22 17 15 14 11 4 10 8 10 5 9 3 8 5 3 4 5 4 5 3 3 2 1 1 1 1 0 4 0 0 0 0 2 0 0 0 0 0 0 0 0 0 0 2 0 0 0 0 1 0 0 0 0 0 0 0 0 0 0 0 0 0 0 0 0 0 0 0 0 0 0 0 0 0 0 0 0 0 0 0 0 0 0 0 0 0 0 0 0 0 0 0 0 0 0 0 0 0 0 
costMen_17: 1019
costWomen_17: 941
costCombined_17: 1960
sexEquality_17: 78

 --- 
matching_18: 87 68 89 93 84 34 24 8 94 50 36 3 15 12 13 48 81 47 32 85 35 1 97 16 25 41 71 70 44 43 66 18 6 100 42 52 45 2 96 37 7 29 57 69 51 14 5 46 21 90 61 72 53 78 9 82 59 60 11 98 39 67 65 54 33 91 64 92 17 22 31 99 49 79 40 77 95 73 10 23 30 74 26 75 28 88 38 80 27 83 4 55 19 20 86 56 76 63 58 62 
profileMen_18: 6 12 8 7 8 7 4 6 5 4 2 6 2 3 1 1 1 3 1 3 2 1 0 0 0 0 0 1 2 0 0 0 0 1 0 0 0 0 0 0 0 0 0 0 2 1 0 0 0 0 0 0 0 0 0 0 0 0 0 0 0 0 0 0 0 0 0 0 0 0 0 0 0 0 0 0 0 0 0 0 0 0 0 0 0 0 0 0 0 0 0 0 0 0 0 0 0 0 0 0 
profileWomen_18: 12 12 9 6 6 3 2 5 5 4 2 3 0 4 3 0 2 4 2 1 2 3 1 1 0 2 1 0 2 0 0 0 1 1 0 0 0 0 1 0 0 0 0 0 0 0 0 0 0 0 0 0 0 0 0 0 0 0 0 0 0 0 0 0 0 0 0 0 0 0 0 0 0 0 0 0 0 0 0 0 0 0 0 0 0 0 0 0 0 0 0 0 0 0 0 0 0 0 0 0 
profileCombined_18: 18 24 17 13 14 10 6 11 10 8 4 9 2 7 4 1 3 7 3 4 4 4 1 1 0 2 1 1 4 0 0 0 1 2 0 0 0 0 1 0 0 0 0 0 2 1 0 0 0 0 0 0 0 0 0 0 0 0 0 0 0 0 0 0 0 0 0 0 0 0 0 0 0 0 0 0 0 0 0 0 0 0 0 0 0 0 0 0 0 0 0 0 0 0 0 0 0 0 0 0 
costMen_18: 988
costWomen_18: 995
costCombined_18: 1983
sexEquality_18: 7

 --- 
matching_19: 87 68 89 93 84 34 24 8 94 50 9 3 36 12 13 48 81 47 32 85 35 1 97 16 25 41 71 70 44 43 66 18 6 100 42 52 45 2 96 37 7 29 57 69 51 14 5 46 21 90 61 72 53 78 83 82 59 60 11 98 39 67 65 54 33 91 64 92 17 22 31 99 49 79 40 77 95 73 10 23 30 74 26 75 28 88 38 80 27 15 4 55 19 20 86 56 76 63 58 62 
profileMen_19: 6 12 8 7 8 7 3 5 4 5 2 6 3 3 1 1 1 2 1 3 2 1 1 0 1 0 0 1 2 0 0 0 0 1 0 0 0 0 0 0 0 0 0 0 2 1 0 0 0 0 0 0 0 0 0 0 0 0 0 0 0 0 0 0 0 0 0 0 0 0 0 0 0 0 0 0 0 0 0 0 0 0 0 0 0 0 0 0 0 0 0 0 0 0 0 0 0 0 0 0 
profileWomen_19: 12 12 9 7 6 3 2 5 5 4 2 4 0 4 4 1 2 4 2 1 1 2 1 1 0 2 1 0 2 0 0 0 0 1 0 0 0 0 0 0 0 0 0 0 0 0 0 0 0 0 0 0 0 0 0 0 0 0 0 0 0 0 0 0 0 0 0 0 0 0 0 0 0 0 0 0 0 0 0 0 0 0 0 0 0 0 0 0 0 0 0 0 0 0 0 0 0 0 0 0 
profileCombined_19: 18 24 17 14 14 10 5 10 9 9 4 10 3 7 5 2 3 6 3 4 3 3 2 1 1 2 1 1 4 0 0 0 0 2 0 0 0 0 0 0 0 0 0 0 2 1 0 0 0 0 0 0 0 0 0 0 0 0 0 0 0 0 0 0 0 0 0 0 0 0 0 0 0 0 0 0 0 0 0 0 0 0 0 0 0 0 0 0 0 0 0 0 0 0 0 0 0 0 0 0 
costMen_19: 1017
costWomen_19: 927
costCombined_19: 1944
sexEquality_19: 90

 --- 
matching_20: 87 68 89 93 84 34 24 8 94 50 36 3 15 12 13 48 81 47 32 85 35 1 97 16 31 41 71 70 44 43 66 18 6 100 42 52 45 2 96 37 7 29 57 69 51 14 5 46 21 90 61 72 53 78 9 82 59 60 11 98 39 67 65 54 33 91 64 92 17 22 86 99 49 79 40 77 95 73 10 23 30 74 26 75 28 88 38 80 27 83 4 55 19 20 25 56 76 63 58 62 
profileMen_20: 6 12 7 7 8 7 4 6 4 5 2 6 2 3 1 2 1 2 1 3 2 1 0 0 0 0 0 1 2 0 0 0 0 1 0 0 0 0 0 0 0 0 0 0 2 1 0 0 0 1 0 0 0 0 0 0 0 0 0 0 0 0 0 0 0 0 0 0 0 0 0 0 0 0 0 0 0 0 0 0 0 0 0 0 0 0 0 0 0 0 0 0 0 0 0 0 0 0 0 0 
profileWomen_20: 12 12 10 6 6 3 2 5 5 3 3 3 0 5 2 0 2 4 2 1 2 3 1 1 0 1 1 0 2 0 0 0 1 1 0 0 0 0 1 0 0 0 0 0 0 0 0 0 0 0 0 0 0 0 0 0 0 0 0 0 0 0 0 0 0 0 0 0 0 0 0 0 0 0 0 0 0 0 0 0 0 0 0 0 0 0 0 0 0 0 0 0 0 0 0 0 0 0 0 0 
profileCombined_20: 18 24 17 13 14 10 6 11 9 8 5 9 2 8 3 2 3 6 3 4 4 4 1 1 0 1 1 1 4 0 0 0 1 2 0 0 0 0 1 0 0 0 0 0 2 1 0 0 0 1 0 0 0 0 0 0 0 0 0 0 0 0 0 0 0 0 0 0 0 0 0 0 0 0 0 0 0 0 0 0 0 0 0 0 0 0 0 0 0 0 0 0 0 0 0 0 0 0 0 0 
costMen_20: 1034
costWomen_20: 972
costCombined_20: 2006
sexEquality_20: 62

 --- 
matching_21: 87 68 89 93 84 34 24 8 94 50 9 3 36 12 13 48 81 47 32 85 35 1 97 16 31 41 71 70 44 43 66 18 6 100 42 52 45 2 96 37 7 29 57 69 51 14 5 46 21 90 61 72 53 78 83 82 59 60 11 98 39 67 65 54 33 91 64 92 17 22 86 99 49 79 40 77 95 73 10 23 30 74 26 75 28 88 38 80 27 15 4 55 19 20 25 56 76 63 58 62 
profileMen_21: 6 12 7 7 8 7 3 5 3 6 2 6 3 3 1 2 1 1 1 3 2 1 1 0 1 0 0 1 2 0 0 0 0 1 0 0 0 0 0 0 0 0 0 0 2 1 0 0 0 1 0 0 0 0 0 0 0 0 0 0 0 0 0 0 0 0 0 0 0 0 0 0 0 0 0 0 0 0 0 0 0 0 0 0 0 0 0 0 0 0 0 0 0 0 0 0 0 0 0 0 
profileWomen_21: 12 12 10 7 6 3 2 5 5 3 3 4 0 5 3 1 2 4 2 1 1 2 1 1 0 1 1 0 2 0 0 0 0 1 0 0 0 0 0 0 0 0 0 0 0 0 0 0 0 0 0 0 0 0 0 0 0 0 0 0 0 0 0 0 0 0 0 0 0 0 0 0 0 0 0 0 0 0 0 0 0 0 0 0 0 0 0 0 0 0 0 0 0 0 0 0 0 0 0 0 
profileCombined_21: 18 24 17 14 14 10 5 10 8 9 5 10 3 8 4 3 3 5 3 4 3 3 2 1 1 1 1 1 4 0 0 0 0 2 0 0 0 0 0 0 0 0 0 0 2 1 0 0 0 1 0 0 0 0 0 0 0 0 0 0 0 0 0 0 0 0 0 0 0 0 0 0 0 0 0 0 0 0 0 0 0 0 0 0 0 0 0 0 0 0 0 0 0 0 0 0 0 0 0 0 
costMen_21: 1063
costWomen_21: 904
costCombined_21: 1967
sexEquality_21: 159

 --- 
matching_22: 87 68 89 93 84 34 24 58 94 50 36 3 15 12 13 48 81 47 32 85 35 1 97 16 31 41 71 70 55 43 66 18 6 100 42 52 45 2 96 37 7 29 57 69 51 14 5 46 21 90 61 72 8 78 9 82 59 60 11 98 39 67 53 54 33 91 64 92 17 22 44 99 49 79 40 77 95 73 10 23 30 74 26 75 28 88 38 80 27 83 4 65 19 20 25 56 76 63 86 62 
profileMen_22: 6 10 8 7 8 6 5 6 4 5 2 6 2 3 1 2 1 1 2 3 2 1 0 0 0 0 0 2 2 0 0 0 0 1 0 0 0 0 0 0 0 0 0 0 2 0 0 0 0 0 1 0 0 0 0 0 0 0 1 0 0 0 0 0 0 0 0 0 0 0 0 0 0 0 0 0 0 0 0 0 0 0 0 0 0 0 0 0 0 0 0 0 0 0 0 0 0 0 0 0 
profileWomen_22: 14 12 10 6 6 3 3 5 4 2 3 3 0 4 2 0 2 4 2 1 2 4 1 1 0 1 1 0 1 0 0 0 1 1 0 0 0 0 1 0 0 0 0 0 0 0 0 0 0 0 0 0 0 0 0 0 0 0 0 0 0 0 0 0 0 0 0 0 0 0 0 0 0 0 0 0 0 0 0 0 0 0 0 0 0 0 0 0 0 0 0 0 0 0 0 0 0 0 0 0 
profileCombined_22: 20 22 18 13 14 9 8 11 8 7 5 9 2 7 3 2 3 5 4 4 4 5 1 1 0 1 1 2 3 0 0 0 1 2 0 0 0 0 1 0 0 0 0 0 2 0 0 0 0 0 1 0 0 0 0 0 0 0 1 0 0 0 0 0 0 0 0 0 0 0 0 0 0 0 0 0 0 0 0 0 0 0 0 0 0 0 0 0 0 0 0 0 0 0 0 0 0 0 0 0 
costMen_22: 1077
costWomen_22: 941
costCombined_22: 2018
sexEquality_22: 136

 --- 
matching_23: 87 68 89 93 84 34 24 58 94 50 9 3 36 12 13 48 81 47 32 85 35 1 97 16 31 41 71 70 55 43 66 18 6 100 42 52 45 2 96 37 7 29 57 69 51 14 5 46 21 90 61 72 8 78 83 82 59 60 11 98 39 67 53 54 33 91 64 92 17 22 44 99 49 79 40 77 95 73 10 23 30 74 26 75 28 88 38 80 27 15 4 65 19 20 25 56 76 63 86 62 
profileMen_23: 6 10 8 7 8 6 4 5 3 6 2 6 3 3 1 2 1 0 2 3 2 1 1 0 1 0 0 2 2 0 0 0 0 1 0 0 0 0 0 0 0 0 0 0 2 0 0 0 0 0 1 0 0 0 0 0 0 0 1 0 0 0 0 0 0 0 0 0 0 0 0 0 0 0 0 0 0 0 0 0 0 0 0 0 0 0 0 0 0 0 0 0 0 0 0 0 0 0 0 0 
profileWomen_23: 14 12 10 7 6 3 3 5 4 2 3 4 0 4 3 1 2 4 2 1 1 3 1 1 0 1 1 0 1 0 0 0 0 1 0 0 0 0 0 0 0 0 0 0 0 0 0 0 0 0 0 0 0 0 0 0 0 0 0 0 0 0 0 0 0 0 0 0 0 0 0 0 0 0 0 0 0 0 0 0 0 0 0 0 0 0 0 0 0 0 0 0 0 0 0 0 0 0 0 0 
profileCombined_23: 20 22 18 14 14 9 7 10 7 8 5 10 3 7 4 3 3 4 4 4 3 4 2 1 1 1 1 2 3 0 0 0 0 2 0 0 0 0 0 0 0 0 0 0 2 0 0 0 0 0 1 0 0 0 0 0 0 0 1 0 0 0 0 0 0 0 0 0 0 0 0 0 0 0 0 0 0 0 0 0 0 0 0 0 0 0 0 0 0 0 0 0 0 0 0 0 0 0 0 0 
costMen_23: 1106
costWomen_23: 873
costCombined_23: 1979
sexEquality_23: 233

 --- 
matching_24: 87 68 89 93 84 34 24 58 94 50 9 3 36 12 13 48 81 47 32 85 35 1 97 16 31 41 71 82 55 43 66 18 6 100 42 52 45 2 96 37 7 29 57 69 51 14 5 46 21 90 61 72 8 78 83 44 60 70 11 98 39 67 53 54 33 91 64 92 17 22 27 99 19 79 40 77 95 73 10 23 30 74 26 75 28 88 38 80 49 15 4 65 59 20 25 56 76 63 86 62 
profileMen_24: 5 9 8 6 8 5 5 4 3 6 2 7 3 2 1 3 1 1 2 2 3 1 1 0 1 0 0 2 2 0 0 0 0 1 0 1 1 0 0 0 0 0 0 0 2 0 0 0 0 0 1 0 0 0 0 0 0 0 0 0 0 0 0 0 0 0 0 0 0 0 0 0 0 0 0 0 0 0 0 0 0 0 0 1 0 0 0 0 0 0 0 0 0 0 0 0 0 0 0 0 
profileWomen_24: 15 13 11 7 6 3 3 5 5 2 3 6 1 4 2 1 1 3 1 1 1 2 1 1 0 1 0 0 0 0 0 0 0 1 0 0 0 0 0 0 0 0 0 0 0 0 0 0 0 0 0 0 0 0 0 0 0 0 0 0 0 0 0 0 0 0 0 0 0 0 0 0 0 0 0 0 0 0 0 0 0 0 0 0 0 0 0 0 0 0 0 0 0 0 0 0 0 0 0 0 
profileCombined_24: 20 22 19 13 14 8 8 9 8 8 5 13 4 6 3 4 2 4 3 3 4 3 2 1 1 1 0 2 2 0 0 0 0 2 0 1 1 0 0 0 0 0 0 0 2 0 0 0 0 0 1 0 0 0 0 0 0 0 0 0 0 0 0 0 0 0 0 0 0 0 0 0 0 0 0 0 0 0 0 0 0 0 0 1 0 0 0 0 0 0 0 0 0 0 0 0 0 0 0 0 
costMen_24: 1223
costWomen_24: 778
costCombined_24: 2001
sexEquality_24: 445

 --- 
matching_25: 87 68 89 93 84 34 24 58 94 50 9 3 36 12 13 48 81 47 32 39 35 1 66 16 31 41 71 59 55 43 85 97 6 100 42 52 45 2 96 37 7 29 57 69 51 14 5 46 21 90 61 72 8 78 83 44 60 70 11 98 82 67 53 54 33 91 64 92 17 22 27 99 19 79 40 77 95 73 10 23 30 74 26 75 28 88 38 80 49 15 4 65 18 20 25 56 76 63 86 62 
profileMen_25: 5 8 8 5 7 5 5 4 3 6 2 7 3 2 1 3 2 1 1 2 3 1 1 0 2 0 0 2 2 0 1 0 0 1 0 0 1 0 1 0 0 0 0 0 2 0 0 0 0 0 1 0 0 0 1 0 0 0 0 0 0 0 0 0 0 0 0 0 0 0 0 0 0 0 0 0 0 0 0 0 0 0 0 1 0 0 0 0 0 0 0 0 0 0 0 0 0 0 0 0 
profileWomen_25: 15 13 13 9 7 3 4 4 4 2 3 4 1 4 3 1 1 2 1 1 1 2 0 1 0 0 0 0 0 0 0 0 0 1 0 0 0 0 0 0 0 0 0 0 0 0 0 0 0 0 0 0 0 0 0 0 0 0 0 0 0 0 0 0 0 0 0 0 0 0 0 0 0 0 0 0 0 0 0 0 0 0 0 0 0 0 0 0 0 0 0 0 0 0 0 0 0 0 0 0 
profileCombined_25: 20 21 21 14 14 8 9 8 7 8 5 11 4 6 4 4 3 3 2 3 4 3 1 1 2 0 0 2 2 0 1 0 0 2 0 0 1 0 1 0 0 0 0 0 2 0 0 0 0 0 1 0 0 0 1 0 0 0 0 0 0 0 0 0 0 0 0 0 0 0 0 0 0 0 0 0 0 0 0 0 0 0 0 1 0 0 0 0 0 0 0 0 0 0 0 0 0 0 0 0 
costMen_25: 1324
costWomen_25: 711
costCombined_25: 2035
sexEquality_25: 613

 --- 
matching_26: 87 68 89 93 45 34 24 58 94 50 9 3 36 12 13 48 15 47 32 39 35 1 66 16 31 41 71 59 55 43 85 97 6 100 42 52 81 2 96 37 7 29 57 69 51 14 5 46 21 90 61 72 8 78 83 44 60 70 11 98 82 67 53 54 33 91 64 92 17 22 27 99 19 79 40 77 95 73 10 23 30 84 26 75 28 88 38 80 49 74 4 65 18 20 25 56 76 63 86 62 
profileMen_26: 5 8 6 5 6 5 5 4 3 7 2 7 3 1 1 3 2 2 1 2 3 1 1 0 2 0 0 2 2 0 1 0 0 1 0 0 1 1 1 0 0 0 1 0 2 0 0 0 0 0 1 0 0 0 1 0 0 0 0 0 0 0 0 0 0 0 0 0 0 0 0 0 0 0 0 0 0 0 0 0 0 0 0 1 0 0 0 0 0 0 0 0 0 0 0 0 0 0 0 0 
profileWomen_26: 15 13 14 10 9 3 3 3 4 2 3 4 1 4 3 1 1 2 0 1 1 2 0 0 0 0 0 0 0 0 0 0 0 1 0 0 0 0 0 0 0 0 0 0 0 0 0 0 0 0 0 0 0 0 0 0 0 0 0 0 0 0 0 0 0 0 0 0 0 0 0 0 0 0 0 0 0 0 0 0 0 0 0 0 0 0 0 0 0 0 0 0 0 0 0 0 0 0 0 0 
profileCombined_26: 20 21 20 15 15 8 8 7 7 9 5 11 4 5 4 4 3 4 1 3 4 3 1 0 2 0 0 2 2 0 1 0 0 2 0 0 1 1 1 0 0 0 1 0 2 0 0 0 0 0 1 0 0 0 1 0 0 0 0 0 0 0 0 0 0 0 0 0 0 0 0 0 0 0 0 0 0 0 0 0 0 0 0 1 0 0 0 0 0 0 0 0 0 0 0 0 0 0 0 0 
costMen_26: 1408
costWomen_26: 670
costCombined_26: 2078
sexEquality_26: 738

 --- 
matching_27: 24 68 89 93 45 76 6 58 94 50 9 3 36 12 13 48 15 47 32 39 35 1 66 16 31 41 71 59 55 43 85 97 34 100 42 52 81 2 96 37 7 29 57 51 73 14 5 46 21 90 61 72 8 78 83 44 60 70 11 98 82 67 53 54 33 91 64 92 17 22 27 99 19 87 40 77 95 79 10 23 30 84 26 75 28 88 38 80 49 74 4 65 18 20 25 56 69 63 86 62 
profileMen_27: 5 7 6 4 6 5 4 4 3 6 2 5 3 1 1 3 1 4 1 2 4 1 1 0 2 0 0 2 2 0 1 1 0 1 0 0 1 1 1 1 0 0 1 0 3 0 0 0 0 0 2 0 0 0 1 0 0 0 0 0 0 0 0 0 0 0 0 0 0 0 0 0 0 0 0 0 0 0 0 0 0 0 0 1 0 0 0 0 0 0 0 0 0 0 0 0 0 0 0 0 
profileWomen_27: 18 16 11 10 10 2 3 3 4 2 2 4 1 4 3 1 0 1 0 1 1 2 0 0 0 0 0 0 0 0 0 0 0 1 0 0 0 0 0 0 0 0 0 0 0 0 0 0 0 0 0 0 0 0 0 0 0 0 0 0 0 0 0 0 0 0 0 0 0 0 0 0 0 0 0 0 0 0 0 0 0 0 0 0 0 0 0 0 0 0 0 0 0 0 0 0 0 0 0 0 
profileCombined_27: 23 23 17 14 16 7 7 7 7 8 4 9 4 5 4 4 1 5 1 3 5 3 1 0 2 0 0 2 2 0 1 1 0 2 0 0 1 1 1 1 0 0 1 0 3 0 0 0 0 0 2 0 0 0 1 0 0 0 0 0 0 0 0 0 0 0 0 0 0 0 0 0 0 0 0 0 0 0 0 0 0 0 0 1 0 0 0 0 0 0 0 0 0 0 0 0 0 0 0 0 
costMen_27: 1569
costWomen_27: 623
costCombined_27: 2192
sexEquality_27: 946

 --- 
matching_28: 90 68 89 93 84 34 24 8 94 50 36 3 15 12 13 65 81 47 32 85 35 1 43 48 31 41 71 22 44 26 66 18 6 100 42 52 45 2 96 37 7 29 57 69 51 14 5 16 21 46 61 72 53 78 9 82 59 60 11 98 39 67 87 54 33 91 64 92 17 95 86 99 49 79 40 77 97 73 10 23 30 74 70 75 28 88 38 80 27 83 4 55 19 20 25 56 76 63 58 62 
profileMen_28: 6 14 7 7 9 7 4 6 4 6 2 6 2 3 2 1 3 2 0 2 2 1 0 0 0 0 0 0 2 0 0 0 0 0 0 0 0 0 0 0 0 0 0 0 1 0 0 0 0 1 0 0 0 0 0 0 0 0 0 0 0 0 0 0 0 0 0 0 0 0 0 0 0 0 0 0 0 0 0 0 0 0 0 0 0 0 0 0 0 0 0 0 0 0 0 0 0 0 0 0 
profileWomen_28: 8 11 9 6 5 4 2 5 5 3 4 3 0 4 2 0 3 4 1 2 2 5 1 1 0 1 2 1 2 0 0 0 1 1 0 1 0 0 1 0 0 0 0 0 0 0 0 0 0 0 0 0 0 0 0 0 0 0 0 0 0 0 0 0 0 0 0 0 0 0 0 0 0 0 0 0 0 0 0 0 0 0 0 0 0 0 0 0 0 0 0 0 0 0 0 0 0 0 0 0 
profileCombined_28: 14 25 16 13 14 11 6 11 9 9 6 9 2 7 4 1 6 6 1 4 4 6 1 1 0 1 2 1 4 0 0 0 1 1 0 1 0 0 1 0 0 0 0 0 1 0 0 0 0 1 0 0 0 0 0 0 0 0 0 0 0 0 0 0 0 0 0 0 0 0 0 0 0 0 0 0 0 0 0 0 0 0 0 0 0 0 0 0 0 0 0 0 0 0 0 0 0 0 0 0 
costMen_28: 894
costWomen_28: 1114
costCombined_28: 2008
sexEquality_28: 220

 --- 
matching_29: 90 68 89 93 84 34 24 8 94 50 9 3 36 12 13 65 81 47 32 85 35 1 43 48 31 41 71 22 44 26 66 18 6 100 42 52 45 2 96 37 7 29 57 69 51 14 5 16 21 46 61 72 53 78 83 82 59 60 11 98 39 67 87 54 33 91 64 92 17 95 86 99 49 79 40 77 97 73 10 23 30 74 70 75 28 88 38 80 27 15 4 55 19 20 25 56 76 63 58 62 
profileMen_29: 6 14 7 7 9 7 3 5 3 7 2 6 3 3 2 1 3 1 0 2 2 1 1 0 1 0 0 0 2 0 0 0 0 0 0 0 0 0 0 0 0 0 0 0 1 0 0 0 0 1 0 0 0 0 0 0 0 0 0 0 0 0 0 0 0 0 0 0 0 0 0 0 0 0 0 0 0 0 0 0 0 0 0 0 0 0 0 0 0 0 0 0 0 0 0 0 0 0 0 0 
profileWomen_29: 8 11 9 7 5 4 2 5 5 3 4 4 0 4 3 1 3 4 1 2 1 4 1 1 0 1 2 1 2 0 0 0 0 1 0 1 0 0 0 0 0 0 0 0 0 0 0 0 0 0 0 0 0 0 0 0 0 0 0 0 0 0 0 0 0 0 0 0 0 0 0 0 0 0 0 0 0 0 0 0 0 0 0 0 0 0 0 0 0 0 0 0 0 0 0 0 0 0 0 0 
profileCombined_29: 14 25 16 14 14 11 5 10 8 10 6 10 3 7 5 2 6 5 1 4 3 5 2 1 1 1 2 1 4 0 0 0 0 1 0 1 0 0 0 0 0 0 0 0 1 0 0 0 0 1 0 0 0 0 0 0 0 0 0 0 0 0 0 0 0 0 0 0 0 0 0 0 0 0 0 0 0 0 0 0 0 0 0 0 0 0 0 0 0 0 0 0 0 0 0 0 0 0 0 0 
costMen_29: 923
costWomen_29: 1046
costCombined_29: 1969
sexEquality_29: 123

 --- 
matching_30: 2 68 89 93 24 39 58 8 94 50 9 3 36 12 13 34 81 47 32 85 35 1 43 48 25 65 71 22 44 26 66 18 6 100 42 52 45 4 96 37 7 29 57 69 51 14 5 31 21 46 61 72 53 78 83 82 80 60 11 98 73 67 87 54 33 91 64 92 17 95 41 99 49 16 40 77 97 90 10 23 30 74 70 75 28 88 38 79 27 15 84 55 19 20 86 56 76 63 59 62 
profileMen_30: 10 15 6 6 11 9 3 7 4 5 2 5 3 1 2 1 2 0 0 1 2 0 1 0 1 0 0 0 2 0 0 0 0 0 0 0 0 0 0 0 0 0 0 0 1 0 0 0 0 0 0 0 0 0 0 0 0 0 0 0 0 0 0 0 0 0 0 0 0 0 0 0 0 0 0 0 0 0 0 0 0 0 0 0 0 0 0 0 0 0 0 0 0 0 0 0 0 0 0 0 
profileWomen_30: 8 11 6 4 4 4 2 5 6 4 3 4 0 2 4 4 2 1 1 3 1 4 1 1 0 1 2 2 2 1 1 1 0 1 0 2 0 0 0 0 0 0 0 0 0 1 0 0 0 0 0 0 0 0 0 0 0 0 0 0 0 0 0 0 0 0 0 0 0 0 0 0 0 0 0 0 0 0 0 0 0 0 0 0 0 0 0 0 0 1 0 0 0 0 0 0 0 0 0 0 
profileCombined_30: 18 26 12 10 15 13 5 12 10 9 5 9 3 3 6 5 4 1 1 4 3 4 2 1 1 1 2 2 4 1 1 1 0 1 0 2 0 0 0 0 0 0 0 0 1 1 0 0 0 0 0 0 0 0 0 0 0 0 0 0 0 0 0 0 0 0 0 0 0 0 0 0 0 0 0 0 0 0 0 0 0 0 0 0 0 0 0 0 0 1 0 0 0 0 0 0 0 0 0 0 
costMen_30: 782
costWomen_30: 1305
costCombined_30: 2087
sexEquality_30: 523

 --- 
matching_31: 2 24 89 93 73 39 58 8 94 50 36 3 71 12 13 34 81 47 67 85 35 91 43 48 25 65 1 46 44 26 66 18 6 100 68 52 45 4 96 37 7 29 64 69 51 14 5 31 21 98 61 72 53 78 9 82 80 60 11 42 83 57 87 54 33 32 28 92 17 15 41 99 49 16 40 77 97 90 10 23 30 74 70 75 22 88 38 79 27 95 84 55 19 20 86 56 76 63 59 62 
profileMen_31: 12 17 8 7 12 9 3 7 7 3 2 4 0 1 0 1 2 0 0 2 1 0 0 1 0 0 0 0 0 0 0 0 0 1 0 0 0 0 0 0 0 0 0 0 0 0 0 0 0 0 0 0 0 0 0 0 0 0 0 0 0 0 0 0 0 0 0 0 0 0 0 0 0 0 0 0 0 0 0 0 0 0 0 0 0 0 0 0 0 0 0 0 0 0 0 0 0 0 0 0 
profileWomen_31: 7 9 4 2 4 4 1 4 6 4 3 2 3 2 5 4 2 1 1 2 2 4 1 1 0 2 2 2 3 1 1 1 1 1 0 1 0 0 0 0 0 0 0 0 0 1 0 0 0 0 0 0 0 1 0 0 0 0 0 0 1 0 0 0 0 0 0 0 0 1 0 0 0 0 0 0 0 1 0 0 0 0 0 1 0 0 0 0 0 1 0 0 0 0 0 0 0 0 0 0 
profileCombined_31: 19 26 12 9 16 13 4 11 13 7 5 6 3 3 5 5 4 1 1 4 3 4 1 2 0 2 2 2 3 1 1 1 1 2 0 1 0 0 0 0 0 0 0 0 0 1 0 0 0 0 0 0 0 1 0 0 0 0 0 0 1 0 0 0 0 0 0 0 0 1 0 0 0 0 0 0 0 1 0 0 0 0 0 1 0 0 0 0 0 1 0 0 0 0 0 0 0 0 0 0 
costMen_31: 635
costWomen_31: 1701
costCombined_31: 2336
sexEquality_31: 1066

 --- 
matching_32: 2 24 89 93 73 39 58 8 94 50 36 3 71 12 13 34 81 47 67 85 35 91 43 48 25 65 1 46 44 26 66 18 6 100 68 52 45 4 96 37 7 29 64 69 51 14 5 31 21 98 61 72 53 78 9 82 80 60 11 42 83 57 87 54 33 10 28 95 17 15 41 99 49 16 40 77 97 90 32 23 30 74 70 75 22 88 38 79 27 92 84 55 19 20 86 56 76 63 59 62 
profileMen_32: 13 18 8 8 12 9 4 6 6 3 2 4 0 0 0 1 2 0 0 1 1 0 0 1 0 0 0 0 0 0 0 0 0 1 0 0 0 0 0 0 0 0 0 0 0 0 0 0 0 0 0 0 0 0 0 0 0 0 0 0 0 0 0 0 0 0 0 0 0 0 0 0 0 0 0 0 0 0 0 0 0 0 0 0 0 0 0 0 0 0 0 0 0 0 0 0 0 0 0 0 
profileWomen_32: 6 8 4 2 4 4 1 4 6 4 3 2 1 2 5 4 2 2 2 2 2 4 1 1 0 2 2 2 3 1 1 1 1 1 1 1 0 0 0 0 0 0 0 0 0 1 0 1 0 0 0 0 0 1 0 0 0 0 0 0 1 0 0 0 0 0 0 0 0 1 0 0 0 0 0 0 0 1 0 0 0 0 0 1 0 0 0 0 0 1 0 0 0 0 0 0 0 0 0 0 
profileCombined_32: 19 26 12 10 16 13 5 10 12 7 5 6 1 2 5 5 4 2 2 3 3 4 1 2 0 2 2 2 3 1 1 1 1 2 1 1 0 0 0 0 0 0 0 0 0 1 0 1 0 0 0 0 0 1 0 0 0 0 0 0 1 0 0 0 0 0 0 0 0 1 0 0 0 0 0 0 0 1 0 0 0 0 0 1 0 0 0 0 0 1 0 0 0 0 0 0 0 0 0 0 
costMen_32: 598
costWomen_32: 1792
costCombined_32: 2390
sexEquality_32: 1194

 --- 
matching_33: 2 24 89 93 73 39 58 8 94 50 36 3 71 12 13 34 81 47 67 85 35 91 43 48 25 65 1 46 44 26 66 18 6 100 68 52 45 4 96 37 7 29 64 69 51 14 5 31 21 98 61 72 53 78 9 82 80 60 11 42 83 57 87 54 33 10 28 92 17 15 41 99 49 16 40 77 97 90 32 23 30 74 70 75 22 88 38 79 27 95 84 55 19 20 86 56 76 63 59 62 
profileMen_33: 13 17 8 7 12 9 4 7 7 3 2 4 0 0 0 1 2 0 0 1 1 0 0 1 0 0 0 0 0 0 0 0 0 1 0 0 0 0 0 0 0 0 0 0 0 0 0 0 0 0 0 0 0 0 0 0 0 0 0 0 0 0 0 0 0 0 0 0 0 0 0 0 0 0 0 0 0 0 0 0 0 0 0 0 0 0 0 0 0 0 0 0 0 0 0 0 0 0 0 0 
profileWomen_33: 6 9 4 2 4 4 1 4 6 4 3 2 2 2 5 4 2 1 2 2 2 4 1 1 0 2 2 2 3 1 1 1 1 1 0 1 0 0 0 0 0 0 0 0 0 1 0 1 0 0 0 0 0 1 0 0 0 0 0 0 1 0 0 0 0 0 0 0 0 1 0 0 0 0 0 0 0 1 0 0 0 0 0 1 0 0 0 0 0 1 0 0 0 0 0 0 0 0 0 0 
profileCombined_33: 19 26 12 9 16 13 5 11 13 7 5 6 2 2 5 5 4 1 2 3 3 4 1 2 0 2 2 2 3 1 1 1 1 2 0 1 0 0 0 0 0 0 0 0 0 1 0 1 0 0 0 0 0 1 0 0 0 0 0 0 1 0 0 0 0 0 0 0 0 1 0 0 0 0 0 0 0 1 0 0 0 0 0 1 0 0 0 0 0 1 0 0 0 0 0 0 0 0 0 0 
costMen_33: 609
costWomen_33: 1754
costCombined_33: 2363
sexEquality_33: 1145

 --- 
Digraph 
(0,0) (0,0) (1,0) (0,0) (0,0) (0,1) (0,1) (0,0) (0,0) (0,0) (0,1) (0,1) (0,0) (0,0) (0,0) (0,1) (0,0) 
(0,0) (0,0) (1,1) (0,1) (0,0) (0,0) (0,0) (0,1) (0,0) (1,0) (0,0) (0,0) (0,0) (0,1) (0,1) (0,1) (0,1) 
(0,0) (0,0) (0,0) (0,0) (1,1) (0,0) (0,0) (0,1) (1,0) (1,1) (0,1) (0,0) (1,1) (0,1) (0,1) (0,1) (0,1) 
(0,0) (0,0) (0,0) (0,0) (1,0) (0,0) (0,0) (0,0) (0,0) (0,1) (0,1) (0,1) (0,0) (0,0) (0,1) (0,0) (0,0) 
(0,0) (0,0) (0,0) (0,0) (0,0) (1,1) (0,0) (0,0) (1,1) (0,0) (0,0) (0,0) (1,0) (0,0) (0,1) (0,1) (0,1) 
(0,0) (0,0) (0,0) (0,0) (0,0) (0,0) (1,1) (1,1) (0,0) (1,0) (1,0) (1,1) (0,0) (1,1) (0,1) (1,1) (1,1) 
(0,0) (0,0) (0,0) (0,0) (0,0) (0,0) (0,0) (1,0) (0,1) (0,0) (0,1) (0,0) (0,0) (0,1) (1,1) (0,0) (1,1) 
(0,0) (0,0) (0,0) (0,0) (0,0) (0,0) (0,0) (0,0) (0,1) (1,0) (0,0) (0,0) (0,0) (0,0) (0,0) (0,0) (0,0) 
(0,0) (0,0) (0,0) (0,0) (0,0) (0,0) (0,0) (0,0) (0,0) (0,1) (0,0) (0,0) (0,0) (1,1) (1,1) (0,1) (0,1) 
(0,0) (0,0) (0,0) (0,0) (0,0) (0,0) (0,0) (0,0) (0,0) (0,0) (0,0) (1,0) (0,0) (0,1) (0,0) (0,0) (1,1) 
(0,0) (0,0) (0,0) (0,0) (0,0) (0,0) (0,0) (0,0) (0,0) (0,0) (0,0) (1,0) (0,0) (0,0) (0,1) (0,0) (0,0) 
(0,0) (0,0) (0,0) (0,0) (0,0) (0,0) (0,0) (0,0) (0,0) (0,0) (0,0) (0,0) (0,0) (1,1) (0,0) (0,1) (0,1) 
(0,0) (0,0) (0,0) (0,0) (0,0) (0,0) (0,0) (0,0) (0,0) (0,0) (0,0) (0,0) (0,0) (0,1) (0,1) (1,1) (0,1) 
(0,0) (0,0) (0,0) (0,0) (0,0) (0,0) (0,0) (0,0) (0,0) (0,0) (0,0) (0,0) (0,0) (0,0) (1,0) (0,1) (0,1) 
(0,0) (0,0) (0,0) (0,0) (0,0) (0,0) (0,0) (0,0) (0,0) (0,0) (0,0) (0,0) (0,0) (0,0) (0,0) (0,1) (0,1) 
(0,0) (0,0) (0,0) (0,0) (0,0) (0,0) (0,0) (0,0) (0,0) (0,0) (0,0) (0,0) (0,0) (0,0) (0,0) (0,0) (0,1) 
(0,0) (0,0) (0,0) (0,0) (0,0) (0,0) (0,0) (0,0) (0,0) (0,0) (0,0) (0,0) (0,0) (0,0) (0,0) (0,0) (0,0) 

Simple digraph 
2 5 6 10 11 15 
2 3 7 9 13 14 15 16 
4 7 8 9 10 12 13 14 15 16 
4 9 10 11 14 
5 8 12 14 15 16 
6 7 9 10 11 13 14 15 16 
7 8 10 13 14 16 
8 9 
9 13 14 15 16 
11 13 16 
11 14 
13 15 16 
13 14 15 16 
14 15 16 
15 16 
16 





Duration_ModCreation_milliseconds: 437
Duration_GetSolution_milliseconds: 173
Duration_CollectRes_milliseconds: 0

Duration_Total_milliseconds: 860

exitCode 0
code/Main_GetStableMatchings completed
