70
1: 54 63 31 38 11 48 2 66 69 24 35 13 6 9 51 50 19 4 55 36 60 42 20 16 34 62 58 41 12 61 40 32 8 
2: 36 44 3 
3: 67 56 38 34 1 30 70 10 48 5 27 26 4 25 47 42 9 32 53 12 46 59 6 52 64 61 16 28 60 7 35 68 39 
4: 37 41 35 8 26 16 
5: 55 
6: 55 32 38 47 36 45 17 34 59 61 4 56 33 41 58 14 8 35 16 27 1 30 11 19 2 24 22 18 53 12 43 62 
7: 7 55 21 2 1 33 34 62 11 8 25 32 35 51 49 
8: 10 19 44 39 7 6 46 31 21 18 52 63 56 54 64 12 4 13 11 42 69 41 5 
9: 17 
10: 27 11 28 29 18 64 
11: 9 13 52 
12: 57 
13: 14 55 42 27 32 37 26 51 50 15 67 5 33 60 41 46 16 10 3 31 34 62 12 36 64 45 29 
14: 15 46 14 61 52 27 
15: 32 10 59 42 8 15 38 53 65 34 6 2 62 23 9 63 18 25 1 50 31 69 46 55 20 26 61 44 52 49 11 57 16 21 51 68 33 48 35 64 13 67 12 56 
16: 32 57 68 
17: 34 62 27 36 45 9 
18: 19 11 50 45 49 33 34 18 21 12 60 38 23 8 7 63 6 17 5 32 47 28 25 51 67 52 3 22 
19: 47 42 64 19 23 54 10 25 33 32 38 31 8 37 59 69 63 60 
20: 45 21 4 69 26 39 33 16 31 32 66 42 
21: 7 32 24 47 12 3 59 65 26 16 15 42 18 64 57 54 52 21 9 45 62 14 40 2 23 70 20 
22: 1 20 23 57 33 55 14 13 31 19 64 11 54 
23: 45 39 22 14 10 20 13 19 1 
24: 42 59 58 31 20 44 70 40 62 45 30 52 2 9 29 8 50 
25: 62 19 43 70 69 31 18 27 63 48 21 
26: 60 30 
27: 62 51 39 32 68 64 48 1 42 13 31 69 58 
28: 59 3 27 69 33 15 
29: 25 7 5 9 64 19 62 50 29 35 24 65 49 18 70 46 63 41 
30: 36 45 7 23 26 
31: 69 23 21 35 54 58 63 51 46 68 32 
32: 48 60 13 4 47 35 40 56 31 14 27 7 69 1 36 39 37 66 67 53 44 51 54 59 18 17 50 8 65 9 34 63 62 29 70 23 49 6 22 58 25 46 
33: 61 68 20 18 41 6 69 35 11 
34: 17 37 42 61 34 38 
35: 11 29 65 7 
36: 68 11 39 49 21 37 24 31 
37: 69 
38: 16 14 47 36 68 57 55 37 2 
39: 45 
40: 22 32 56 18 62 44 69 2 1 10 52 40 51 13 38 53 45 67 19 5 43 48 31 4 
41: 68 16 14 33 45 17 52 39 65 28 4 50 15 43 20 66 1 56 11 19 
42: 54 23 13 
43: 52 38 39 35 63 56 48 31 61 25 66 
44: 58 12 59 45 1 24 25 27 5 62 14 
45: 63 
46: 1 30 36 2 5 38 22 39 64 20 33 62 52 6 4 9 68 60 34 23 63 67 65 16 70 
47: 46 24 50 40 26 36 8 49 28 62 2 51 60 41 32 65 
48: 37 53 
49: 45 38 26 41 18 63 49 10 21 50 19 56 64 66 6 59 35 31 47 3 2 33 
50: 35 5 36 60 30 54 56 25 
51: 39 16 48 10 25 59 
52: 52 70 18 6 
53: 59 48 3 52 62 38 9 13 28 44 23 49 36 34 57 4 21 31 19 24 29 25 35 30 18 54 43 46 22 56 37 47 
54: 18 
55: 10 64 67 
56: 55 21 15 7 54 35 
57: 14 47 53 68 22 19 70 50 60 16 44 
58: 43 21 26 38 47 54 62 48 11 25 36 
59: 44 4 53 22 5 33 9 70 8 40 
60: 69 27 63 66 4 47 2 55 14 34 
61: 54 22 36 11 70 48 65 4 27 14 24 51 12 10 
62: 68 46 61 
63: 20 34 68 3 28 
64: 10 37 
65: 19 65 54 37 55 70 35 45 33 42 51 10 60 27 25 24 
66: 28 17 36 15 38 32 7 22 67 70 40 5 61 20 11 41 27 33 65 29 10 59 14 51 
67: 41 2 52 14 31 48 
68: 63 60 61 43 15 26 49 9 5 31 56 3 66 37 12 54 40 11 21 30 39 62 32 33 4 44 24 64 55 7 45 65 47 36 41 57 69 28 46 58 67 6 34 13 48 23 
69: 17 13 68 1 42 5 44 26 59 9 12 23 35 36 54 43 
70: 61 2 23 7 10 37 38 46 15 14 66 5 48 8 4 54 20 51 29 60 17 31 45 12 
1: 23 69 3 44 6 40 27 15 41 46 32 7 22 
2: 38 24 6 46 7 70 49 67 15 60 21 1 47 40 
3: 2 18 63 68 49 53 13 21 28 
4: 40 70 8 41 61 60 6 46 20 3 59 1 68 53 32 
5: 8 69 44 13 68 46 70 66 29 3 18 50 59 40 
6: 52 18 32 1 15 46 33 68 3 8 49 
7: 35 29 68 7 70 3 32 18 8 30 56 21 66 
8: 1 59 32 47 6 7 24 19 70 18 15 4 
9: 17 69 68 53 15 24 1 32 59 29 3 46 21 11 
10: 61 40 15 70 3 23 49 66 55 13 65 64 51 19 8 
11: 33 15 61 41 22 6 8 35 10 7 18 68 66 36 58 1 
12: 70 44 15 68 18 3 6 21 69 13 1 8 61 
13: 42 15 23 32 11 22 40 27 53 1 68 69 8 
14: 44 22 32 6 61 13 70 67 21 38 14 66 60 41 23 57 
15: 28 56 41 66 14 70 15 21 68 13 
16: 4 46 13 41 38 6 15 21 51 57 3 20 1 
17: 9 34 66 69 70 18 41 6 32 
18: 54 53 29 32 33 21 15 25 18 40 10 8 49 6 52 
19: 41 23 1 8 25 53 19 65 18 57 29 22 6 49 40 
20: 21 24 70 46 41 22 63 23 15 1 66 33 
21: 25 7 20 58 8 31 56 36 15 21 68 53 18 49 
22: 18 61 57 46 53 23 66 32 59 40 6 
23: 68 18 53 70 32 42 21 22 31 69 19 30 46 15 
24: 65 29 1 53 61 44 36 47 68 21 6 
25: 50 58 18 32 51 29 19 3 7 53 65 44 43 15 
26: 30 68 69 58 49 21 3 47 15 13 4 20 
27: 14 65 44 28 10 13 3 60 17 61 32 66 6 25 
28: 63 68 66 53 41 18 47 3 10 
29: 13 32 70 53 24 10 35 66 29 
30: 26 68 46 53 3 50 6 24 
31: 36 27 70 13 25 20 67 24 53 32 40 8 15 19 43 49 22 1 68 
32: 31 47 3 13 66 68 40 20 18 16 15 1 6 19 7 21 27 
33: 49 15 13 7 19 59 20 65 66 68 18 22 46 6 41 28 
34: 60 34 3 17 63 18 15 53 68 32 7 46 13 6 1 
35: 56 1 65 15 29 7 69 4 50 49 6 43 31 33 3 32 53 
36: 58 13 6 66 53 17 61 1 68 30 38 32 46 50 69 47 2 
37: 64 19 48 68 36 34 32 70 13 53 38 4 65 
38: 34 70 46 40 66 1 43 3 49 19 53 15 6 58 18 
39: 3 43 68 51 32 8 27 23 20 41 36 46 
40: 59 66 21 40 1 47 32 68 24 
41: 29 13 49 6 66 68 67 8 4 33 47 1 
42: 20 15 24 3 13 21 69 27 65 1 8 19 34 
43: 69 68 40 25 53 58 41 6 
44: 57 8 32 2 53 15 40 68 69 59 24 
45: 39 41 6 40 21 30 18 49 65 13 20 24 23 17 68 44 70 
46: 32 14 47 3 31 15 68 8 70 13 29 62 53 
47: 53 6 21 38 19 18 58 49 32 3 60 57 68 
48: 67 61 3 58 53 25 27 43 32 68 40 70 1 51 15 
49: 7 15 68 18 36 32 29 49 47 53 
50: 24 15 18 32 29 41 49 13 1 57 47 
51: 66 1 65 31 40 7 47 15 61 13 27 70 18 32 
52: 11 14 41 52 67 43 46 24 40 53 15 8 21 18 3 
53: 48 57 6 3 15 59 32 40 
54: 22 1 61 19 70 50 53 31 21 69 68 56 58 65 32 8 42 
55: 5 56 15 22 13 65 38 1 7 68 6 60 
56: 15 32 50 49 8 53 3 41 68 43 6 40 
57: 12 68 38 21 16 53 15 22 
58: 27 6 44 68 1 31 24 32 
59: 51 28 6 32 66 15 44 19 3 49 24 53 69 21 
60: 19 47 57 65 1 50 18 3 32 13 68 46 26 70 
61: 62 3 43 6 33 14 70 15 66 34 1 68 
62: 6 53 17 25 68 40 44 27 29 1 15 21 24 7 46 13 58 32 47 
63: 45 49 46 8 15 19 18 60 43 31 25 1 68 29 32 
64: 10 55 13 27 49 22 19 8 21 3 68 46 29 15 
65: 47 61 35 15 66 29 46 32 21 41 65 68 
66: 43 32 41 49 68 1 20 60 70 
67: 55 18 66 15 13 68 46 32 40 3 
68: 16 41 62 57 46 3 36 69 31 15 33 38 63 27 
69: 37 33 25 31 32 15 27 8 19 40 28 20 68 60 1 
70: 46 32 29 21 61 3 25 52 57 59 66 24 65 



Updated preference list above: can be reinput into program.
Duration_ModCreation_milliseconds: 320
Duration_GetSolution_milliseconds: 7
Duration_CollectRes_milliseconds: 0

RawResults: 
23 38 2 40 8 52 35 1 17 61 33 70 42 44 28 4 9 54 41 21 25 18 68 65 50 30 14 63 13 26 36 31 49 60 56 58 64 34 3 59 29 20 69 57 39 32 53 67 7 24 66 11 48 22 5 15 12 27 51 19 62 6 45 10 47 43 55 16 37 46 

Duration_Total_milliseconds: 566

exitCode 0
code/Main_GS completed
