70
1: 50 20 
2: 70 58 
3: 19 45 63 29 52 34 35 38 18 60 7 69 39 24 65 2 11 36 43 17 48 56 16 26 
4: 34 23 29 
5: 11 10 47 60 15 30 67 23 38 5 69 55 46 49 
6: 60 23 48 33 9 10 64 
7: 64 9 30 48 14 6 
8: 53 33 23 60 46 30 50 70 45 20 18 59 1 41 
9: 46 69 18 58 24 53 15 7 
10: 53 44 3 43 14 21 55 62 17 6 16 63 25 66 23 13 35 45 31 67 4 18 59 22 19 40 29 47 30 64 42 48 61 1 37 58 12 
11: 31 42 46 37 57 64 51 62 70 8 59 14 
12: 62 13 64 25 68 2 33 27 56 
13: 48 
14: 13 26 5 27 50 21 19 37 35 36 29 59 25 28 69 40 7 49 2 52 55 6 44 66 48 1 18 43 31 3 56 67 45 
15: 15 23 58 17 54 61 13 
16: 57 30 55 46 
17: 67 63 40 
18: 46 53 
19: 4 20 16 29 57 60 67 30 59 
20: 56 63 17 47 
21: 51 
22: 48 38 47 1 66 5 
23: 27 54 
24: 22 6 7 11 67 70 
25: 64 1 34 
26: 19 42 64 17 37 63 58 4 45 40 35 30 60 9 50 70 27 5 44 49 11 32 53 36 
27: 67 59 70 17 13 3 8 58 19 
28: 51 61 6 67 62 34 25 55 36 44 13 23 17 8 47 1 16 2 29 69 
29: 56 9 17 21 33 67 54 63 11 60 64 2 20 50 18 48 61 39 52 28 12 38 69 46 15 22 29 36 70 58 31 
30: 40 18 70 36 8 19 7 57 34 67 15 63 42 25 
31: 69 43 
32: 56 45 62 49 6 44 55 
33: 17 34 19 8 35 
34: 45 2 15 26 60 58 44 61 10 62 7 20 69 55 30 49 48 31 3 
35: 31 27 62 11 1 
36: 12 19 29 1 14 4 18 39 13 34 70 53 46 11 55 51 22 26 2 8 28 49 35 20 36 37 68 63 60 15 64 45 10 
37: 38 66 39 
38: 39 11 21 8 
39: 65 22 54 41 18 
40: 34 65 35 22 32 
41: 19 44 68 67 41 6 10 30 59 69 1 16 42 62 
42: 55 52 30 28 15 2 18 13 9 48 51 3 27 53 17 
43: 13 4 48 16 34 42 
44: 13 67 10 25 28 
45: 63 12 67 13 37 62 4 8 64 46 10 15 38 
46: 42 14 70 25 37 55 48 62 26 60 34 54 43 57 59 30 11 24 21 39 69 52 61 
47: 21 31 59 65 7 28 50 10 34 43 58 47 69 66 16 18 3 6 62 54 38 24 23 68 15 
48: 42 4 46 10 29 52 27 48 13 49 1 59 36 38 19 20 16 50 51 33 28 2 66 57 11 67 62 60 5 68 39 63 65 6 56 45 35 61 55 34 53 30 12 31 43 18 41 22 8 37 7 32 24 23 
49: 60 69 47 2 11 
50: 1 19 37 
51: 66 37 25 48 35 46 27 49 64 28 52 19 53 9 68 24 34 12 18 38 56 30 
52: 61 60 7 70 29 42 38 32 3 43 55 14 59 11 9 2 27 33 25 6 5 45 18 36 37 39 21 
53: 36 10 46 56 44 26 63 
54: 23 19 50 24 5 25 8 14 52 33 16 49 64 11 4 1 51 42 27 20 55 10 63 36 45 60 
55: 50 53 27 44 34 62 15 63 61 47 45 38 30 6 24 
56: 3 40 56 22 19 44 32 11 37 36 57 41 16 
57: 2 64 26 11 45 3 17 69 49 22 
58: 36 2 
59: 28 50 
60: 12 4 40 20 35 58 6 61 17 14 33 43 24 15 11 45 5 64 39 25 55 47 36 3 69 18 59 30 54 49 46 27 
61: 11 45 5 21 28 64 33 32 18 68 54 2 8 20 26 44 10 36 67 
62: 16 56 28 32 42 37 17 63 45 54 15 43 7 29 35 52 
63: 2 54 20 64 61 38 26 57 22 56 24 19 21 9 
64: 7 67 2 23 4 13 61 51 6 40 25 36 65 
65: 69 3 50 66 
66: 45 7 31 14 44 16 20 23 12 38 62 47 29 53 4 9 48 59 24 37 43 69 25 50 6 17 68 63 2 3 8 70 49 33 
67: 19 41 29 56 9 15 43 13 18 68 38 51 65 50 20 5 64 31 67 42 23 27 2 54 4 39 30 17 62 22 44 
68: 42 57 
69: 43 2 59 69 68 
70: 50 44 6 41 42 2 11 47 30 7 40 62 4 
1: 35 25 8 41 10 22 48 54 50 14 28 36 
2: 58 12 14 3 66 48 28 64 63 69 36 49 34 67 70 52 57 42 61 29 
3: 34 14 47 66 56 27 42 52 10 57 65 60 
4: 70 19 54 64 26 60 43 45 67 10 66 36 48 
5: 22 14 54 48 61 5 60 52 26 67 
6: 7 52 60 48 10 66 14 47 64 24 55 70 32 28 41 
7: 9 24 47 34 66 30 62 14 64 3 48 52 70 
8: 38 36 66 54 33 27 30 28 11 45 61 48 
9: 63 26 7 42 67 51 66 29 6 52 
10: 36 61 48 44 53 45 34 5 41 6 54 47 
11: 49 24 26 5 35 38 48 46 52 57 36 54 70 3 29 56 61 60 
12: 10 48 66 51 36 29 60 45 
13: 15 12 14 27 36 44 45 67 43 42 28 64 10 48 
14: 11 66 36 52 7 54 60 46 10 
15: 47 42 15 62 67 5 45 55 60 9 30 29 34 36 
16: 56 62 47 19 41 66 43 48 54 10 3 28 
17: 42 33 20 62 15 10 28 26 29 3 57 67 60 66 27 
18: 39 29 10 36 61 60 67 3 48 30 9 42 52 51 8 47 14 
19: 27 67 63 33 41 30 26 51 10 54 14 36 3 56 48 50 
20: 1 63 34 54 8 67 66 60 19 48 61 36 29 
21: 52 46 10 61 14 47 29 38 63 
22: 57 40 48 10 39 63 24 36 29 67 56 
23: 48 4 64 6 10 47 28 67 66 5 8 54 15 
24: 55 48 47 9 66 63 46 3 51 54 60 
25: 30 46 52 12 14 64 66 44 10 60 54 28 51 
26: 3 57 63 34 46 61 14 36 53 
27: 60 51 54 12 48 14 42 55 26 23 67 35 52 
28: 44 59 14 29 61 36 51 48 62 42 47 
29: 4 14 66 48 3 10 62 67 29 28 36 52 19 
30: 51 7 67 26 46 48 10 8 5 41 70 19 60 16 34 42 55 
31: 29 47 34 66 11 48 10 14 67 35 
32: 40 48 61 62 52 26 56 
33: 66 48 60 12 61 8 29 6 54 52 
34: 25 48 33 55 40 51 4 30 46 36 3 47 28 43 
35: 33 48 62 3 36 10 60 40 14 26 51 
36: 26 56 61 29 30 52 48 54 53 3 64 28 58 14 36 60 
37: 50 46 56 36 14 10 11 66 26 52 45 51 62 48 
38: 45 52 37 51 67 47 55 5 29 48 63 3 22 66 
39: 37 29 38 48 3 46 67 52 60 36 
40: 17 10 26 14 30 60 70 64 56 
41: 8 39 48 41 67 56 70 
42: 43 10 48 30 68 62 26 11 41 70 54 46 67 52 
43: 31 66 3 47 48 60 62 10 52 69 14 46 67 
44: 67 53 14 34 10 32 56 70 26 28 55 66 61 41 
45: 14 55 34 62 3 32 60 66 57 26 8 10 52 48 36 61 54 
46: 16 48 53 51 18 11 5 60 36 29 45 9 8 
47: 20 55 60 10 22 5 47 49 70 66 28 
48: 13 66 22 7 51 6 29 14 43 34 46 48 3 42 10 
49: 5 51 36 66 48 57 14 60 54 34 26 32 
50: 59 1 29 54 67 66 48 65 26 55 8 14 70 47 
51: 21 36 64 11 67 48 54 42 28 
52: 62 42 46 29 48 14 51 54 3 
53: 18 51 42 36 26 9 48 55 8 10 66 
54: 23 46 61 15 63 47 67 60 62 39 29 
55: 32 54 48 34 42 36 5 28 14 16 10 52 46 60 
56: 12 51 3 32 48 62 14 63 56 53 29 20 67 
57: 68 11 46 19 16 48 30 63 56 
58: 2 10 34 29 47 27 60 9 15 26 
59: 19 10 8 46 47 66 41 27 52 14 69 11 60 48 
60: 54 36 34 52 26 6 5 3 19 48 29 8 46 49 
61: 46 52 15 10 55 60 64 29 28 63 34 48 
62: 41 11 70 45 10 67 12 55 35 34 66 28 47 48 46 32 
63: 53 20 3 36 29 30 66 54 10 45 62 26 17 48 55 
64: 6 10 29 60 57 11 26 36 25 51 12 67 45 54 63 7 61 
65: 64 67 47 3 40 48 39 
66: 65 14 22 10 37 48 47 51 
67: 61 67 24 10 64 14 30 5 44 29 45 28 48 17 27 19 41 
68: 69 48 66 61 36 51 12 41 67 47 
69: 28 5 46 57 9 69 3 41 31 60 14 47 66 65 29 49 34 
70: 24 29 52 30 36 11 26 27 8 66 46 2 



Updated preference list above: can be reinput into program.
Duration_ModCreation_milliseconds: 209
Duration_GetSolution_milliseconds: 5
Duration_CollectRes_milliseconds: 0

RawResults: 
35 58 34 70 22 7 9 38 63 36 49 10 15 11 47 56 42 39 27 1 52 57 48 55 30 3 60 44 4 51 29 40 66 25 33 26 50 45 37 17 8 43 31 67 14 16 20 13 5 59 21 62 18 23 32 12 68 2 19 54 46 41 53 6 64 65 61 69 28 24 

Duration_Total_milliseconds: 483

exitCode 0
code/Main_GS completed
