40
1: 24 38 6 7 39 13 1 8 3 
2: 40 38 29 1 11 17 10 24 30 31 34 21 
3: 35 10 38 24 27 28 6 3 19 5 23 13 12 8 1 
4: 23 6 38 12 25 10 30 8 1 13 27 31 19 
5: 18 12 29 19 25 1 10 8 13 3 24 
6: 4 11 10 17 3 1 8 31 
7: 21 8 23 24 39 13 1 30 11 31 
8: 17 10 28 21 13 1 30 31 19 27 
9: 39 32 5 13 2 10 8 
10: 11 24 28 39 8 10 40 21 6 19 13 
11: 9 1 32 27 31 17 12 26 30 10 29 38 
12: 8 30 3 13 12 10 19 5 27 32 22 
13: 5 25 9 1 8 27 10 23 3 18 19 13 38 
14: 28 26 31 8 1 17 4 19 13 24 22 27 
15: 16 23 13 31 1 39 5 8 38 
16: 32 17 30 19 10 28 6 38 
17: 26 36 7 17 30 4 23 5 31 27 13 
18: 22 19 27 1 30 13 38 32 
19: 15 3 38 24 25 13 8 30 1 19 
20: 27 13 11 38 8 4 1 30 5 29 40 28 10 
21: 29 13 18 28 19 21 10 38 24 1 
22: 36 12 1 5 30 25 10 19 8 27 38 3 
23: 1 30 12 23 22 6 2 24 38 10 8 17 
24: 20 10 38 17 3 29 9 1 31 19 8 
25: 34 31 8 6 28 36 27 1 17 38 19 10 26 29 
26: 3 32 22 18 1 2 29 13 24 19 11 
27: 19 5 35 23 22 17 24 31 6 12 39 
28: 33 3 6 13 22 19 24 31 1 8 
29: 14 21 3 2 19 12 8 1 28 4 23 13 
30: 13 10 31 23 38 3 8 17 7 12 19 
31: 30 13 19 27 22 24 32 
32: 38 10 1 12 21 7 3 22 13 25 30 19 
33: 7 3 27 37 10 17 38 8 40 
34: 6 3 24 28 13 27 9 1 8 38 
35: 12 38 3 8 14 1 39 13 36 24 32 10 28 
36: 2 28 32 8 38 10 27 3 29 19 17 1 22 13 
37: 25 6 24 27 1 10 8 3 12 13 31 19 
38: 10 19 18 12 
39: 37 17 38 4 3 19 31 28 8 5 10 
40: 31 10 3 38 30 19 39 24 13 40 8 
1: 20 35 26 7 25 29 37 32 11 28 6 24 2 3 14 4 5 34 8 18 15 22 36 19 13 1 21 23 
2: 23 26 9 29 36 
3: 3 24 12 36 5 22 32 28 35 19 39 37 29 1 34 30 40 6 33 13 26 
4: 20 14 17 39 29 6 
5: 27 22 3 20 12 17 15 9 39 13 
6: 10 25 3 4 23 1 27 37 16 28 34 
7: 1 30 17 32 33 
8: 24 35 14 4 1 37 9 6 23 5 15 28 20 29 25 30 34 3 19 39 7 13 10 22 40 33 36 12 
9: 13 24 34 11 
10: 5 36 16 9 20 21 22 35 11 3 24 2 37 30 4 40 25 32 12 8 13 23 6 33 39 10 38 
11: 20 7 2 6 26 10 
12: 22 12 32 3 4 23 38 11 37 29 27 30 5 35 
13: 9 13 18 21 29 40 20 3 36 17 5 15 37 7 4 8 32 12 1 28 31 35 34 10 26 19 14 30 
14: 35 29 
15: 19 
16: 15 
17: 23 16 17 14 27 36 2 30 6 24 11 25 39 33 8 
18: 38 21 26 13 5 
19: 10 4 25 14 26 16 24 39 19 37 32 28 8 18 31 22 30 3 36 12 40 29 38 21 5 13 27 
20: 24 
21: 2 21 32 10 29 8 7 
22: 31 12 32 28 23 14 27 36 26 18 
23: 29 15 17 23 3 30 7 13 27 4 
24: 35 27 26 34 40 10 37 14 21 3 7 19 28 23 31 2 5 1 
25: 5 13 32 19 4 22 37 
26: 11 14 25 17 
27: 12 18 14 8 4 33 13 11 17 36 31 37 22 3 25 34 20 
28: 25 20 39 21 16 35 34 8 3 36 10 29 14 
29: 5 11 25 20 24 2 36 26 21 
30: 12 40 22 18 11 17 7 23 19 4 20 16 32 8 2 31 
31: 25 30 37 8 14 28 15 4 6 2 7 24 27 17 39 11 40 
32: 11 26 31 9 12 18 35 36 16 
33: 28 
34: 2 25 
35: 27 3 
36: 17 35 25 22 
37: 33 39 
38: 25 34 36 15 3 24 39 35 30 21 2 18 22 16 20 4 40 19 13 23 1 33 11 32 
39: 7 10 15 1 27 35 40 9 
40: 40 10 33 20 2 



Updated preference list above: can be reinput into program.
Duration_ModCreation_milliseconds: 169
Duration_GetSolution_milliseconds: 27
Duration_CollectRes_milliseconds: 0

RawResults: 
24 40 35 23 18 4 21 17 39 11 9 8 5 28 16 32 26 22 15 27 29 36 1 20 34 3 19 33 14 13 30 38 7 6 12 2 25 10 37 31 

Duration_Total_milliseconds: 372

exitCode 0
code/Main_GS completed
