40
1: 3 26 29 16 14 5 21 33 19 30 15 
2: 18 27 4 34 36 21 23 10 7 25 31 9 22 13 
3: 10 12 34 26 6 22 21 27 7 18 25 36 23 14 
4: 12 28 27 34 10 8 21 5 4 9 23 
5: 11 26 14 33 23 7 9 22 
6: 19 6 5 22 10 14 25 31 27 36 29 
7: 17 21 5 7 14 10 
8: 25 24 8 14 35 10 7 34 23 18 33 
9: 39 9 14 6 18 22 7 25 23 21 35 
10: 23 21 14 6 18 
11: 26 19 6 23 
12: 9 6 33 7 2 
13: 38 25 30 29 6 14 
14: 36 14 5 23 22 27 32 25 26 24 10 
15: 37 36 8 27 5 34 14 31 6 10 25 22 
16: 1 6 27 21 24 31 34 14 7 
17: 29 5 16 15 7 18 26 22 14 17 
18: 8 35 5 32 17 7 21 19 36 14 10 34 
19: 6 7 29 25 19 15 27 36 
20: 24 29 9 36 33 17 5 23 
21: 22 23 35 25 32 7 21 36 17 
22: 32 7 26 31 25 27 16 8 24 5 2 36 23 
23: 27 35 22 13 34 23 26 7 29 25 
24: 16 6 29 36 7 5 
25: 30 8 22 9 7 23 34 35 27 14 
26: 35 6 34 7 36 21 23 
27: 13 27 23 3 29 14 21 26 
28: 28 7 23 26 34 27 31 6 1 17 
29: 15 23 36 26 35 7 29 33 18 
30: 33 36 23 22 5 6 27 25 29 
31: 21 16 8 27 23 7 14 5 17 6 22 
32: 20 9 25 10 14 23 17 21 
33: 40 9 29 21 19 22 6 25 14 7 34 
34: 7 27 23 26 
35: 2 14 10 28 6 23 7 35 29 15 
36: 34 22 3 29 21 5 7 6 
37: 5 17 14 31 22 21 7 
38: 14 23 29 36 26 6 27 7 
39: 31 5 6 24 33 25 22 8 36 26 7 
40: 4 23 7 14 34 29 22 6 
1: 28 16 
2: 22 12 35 
3: 27 36 1 
4: 4 2 40 
5: 14 30 6 1 7 39 36 18 22 24 15 17 4 31 20 37 
6: 28 24 3 9 40 12 11 31 35 30 39 33 10 15 36 16 13 38 6 26 19 
7: 36 3 31 24 8 22 19 21 2 9 23 38 12 28 29 18 17 33 40 5 35 37 7 25 39 16 26 34 
8: 39 4 8 31 15 25 22 18 
9: 20 33 32 4 2 9 5 25 12 
10: 14 18 4 6 8 7 15 35 32 2 3 
11: 5 
12: 3 4 
13: 23 2 27 
14: 37 27 25 1 5 13 35 10 9 7 31 15 6 14 16 18 40 33 8 17 3 32 38 
15: 35 19 1 17 29 
16: 22 31 17 1 24 
17: 20 37 17 18 28 32 21 31 7 
18: 10 29 9 17 3 8 2 
19: 19 11 1 33 18 6 
20: 32 
21: 4 26 36 33 16 2 1 7 3 37 21 18 27 10 32 9 31 
22: 5 40 3 6 33 14 2 17 9 15 39 37 31 25 30 23 36 21 
23: 35 31 32 29 21 8 25 11 2 40 14 3 9 38 22 34 28 5 4 27 30 26 20 23 10 
24: 39 22 14 8 16 20 
25: 32 6 21 3 39 15 13 33 22 19 23 2 9 14 30 8 
26: 22 29 28 14 23 1 5 3 27 38 17 34 39 11 
27: 34 27 6 2 22 3 30 19 14 38 25 4 16 31 28 15 23 
28: 4 35 28 
29: 40 27 6 24 35 23 29 36 38 19 1 20 30 33 13 17 
30: 1 13 25 
31: 6 37 28 22 16 15 2 39 
32: 21 18 14 22 
33: 39 20 12 29 5 1 8 30 
34: 18 8 3 15 4 16 25 23 28 2 33 26 40 36 
35: 35 23 21 29 9 18 8 25 26 
36: 26 24 3 20 2 22 21 38 15 6 29 30 19 18 39 14 
37: 15 
38: 13 
39: 9 
40: 33 



Updated preference list above: can be reinput into program.
Duration_ModCreation_milliseconds: 242
Duration_GetSolution_milliseconds: 16
Duration_CollectRes_milliseconds: 0

RawResults: 
3 18 10 12 11 19 17 25 39 23 26 9 38 36 37 1 29 8 6 24 22 32 27 16 30 35 13 28 15 33 21 20 40 7 2 34 5 14 31 4 

Duration_Total_milliseconds: 443

exitCode 0
code/Main_GS completed
