40
1: 3 34 10 26 
2: 26 18 
3: 40 13 1 17 9 10 
4: 33 18 29 32 13 16 36 14 12 
5: 11 
6: 11 12 19 17 3 6 7 35 26 9 4 5 21 1 22 
7: 15 30 34 28 35 17 13 1 40 11 3 21 
8: 6 9 3 2 1 12 31 17 25 19 29 24 
9: 20 19 5 39 
10: 33 19 23 36 39 38 2 25 20 31 34 8 22 35 3 27 21 1 32 4 5 10 17 12 9 26 30 11 13 40 29 37 24 16 14 
11: 26 30 36 3 10 8 39 24 32 16 28 33 19 
12: 37 5 38 26 14 19 34 22 23 24 4 9 35 17 27 40 10 21 12 28 32 1 6 3 31 33 
13: 38 
14: 33 40 36 30 37 4 14 11 5 
15: 1 28 13 16 21 40 4 37 
16: 38 36 4 37 12 11 8 1 
17: 21 29 5 27 12 4 19 16 23 13 15 
18: 20 13 24 27 4 15 8 
19: 6 9 16 7 
20: 40 16 7 15 12 24 29 8 6 13 19 30 10 9 
21: 19 11 26 27 31 39 30 22 18 23 29 8 15 5 4 10 40 13 34 35 16 6 2 1 12 24 37 25 
22: 34 9 13 15 33 32 
23: 31 5 3 19 27 12 20 6 35 
24: 40 19 17 38 24 3 20 28 12 16 27 26 25 6 
25: 37 18 30 
26: 22 39 33 17 11 31 32 35 1 6 16 9 27 25 38 13 10 24 19 34 
27: 31 13 
28: 18 28 
29: 28 15 40 13 23 
30: 18 26 24 33 40 20 37 36 
31: 21 20 25 32 16 
32: 39 15 11 20 
33: 4 28 40 
34: 29 15 7 36 11 39 3 22 27 
35: 24 33 8 26 30 2 
36: 13 32 34 31 22 37 39 10 4 3 
37: 28 20 32 10 33 24 5 23 38 25 6 26 35 8 15 3 2 13 40 17 
38: 38 31 14 35 23 19 33 29 
39: 3 31 
40: 4 
1: 16 21 12 6 7 8 15 3 26 10 
2: 35 37 8 21 10 
3: 36 1 39 6 23 7 8 11 10 12 24 37 34 
4: 40 10 15 16 33 12 18 14 6 21 17 36 
5: 14 6 17 37 10 23 9 12 21 
6: 24 12 6 26 19 8 21 37 23 20 
7: 19 34 20 6 
8: 18 37 10 11 20 16 21 35 
9: 20 12 10 22 3 8 26 19 6 
10: 3 1 21 36 10 11 20 12 37 26 
11: 5 6 14 26 7 21 10 16 34 32 
12: 4 12 16 6 24 17 20 23 8 10 21 
13: 27 29 4 36 26 37 7 17 15 22 3 10 18 20 21 
14: 10 14 38 4 12 
15: 17 29 32 18 37 21 7 20 22 34 
16: 31 17 24 20 21 10 26 15 19 11 4 
17: 37 7 3 26 10 24 8 12 6 
18: 2 25 4 30 21 28 
19: 11 6 21 24 26 10 38 9 17 23 12 20 8 
20: 32 23 31 30 24 9 18 37 10 
21: 7 10 31 15 6 12 17 
22: 6 36 21 26 12 34 10 
23: 29 21 38 10 12 17 37 
24: 8 20 21 35 10 26 18 37 30 11 24 12 
25: 21 8 10 37 24 26 31 
26: 1 11 30 10 21 6 37 24 12 2 35 
27: 34 23 24 10 18 17 26 12 21 
28: 28 11 29 24 37 33 7 15 12 
29: 38 20 17 10 8 34 4 21 
30: 25 11 7 21 14 35 20 10 
31: 39 38 8 27 10 36 23 21 12 26 
32: 22 31 10 11 37 12 4 36 26 
33: 12 30 22 10 37 38 26 14 4 35 11 
34: 26 36 21 12 1 22 7 10 
35: 23 21 26 10 38 6 37 12 7 
36: 30 14 10 16 11 4 34 
37: 15 16 14 12 10 21 36 30 25 
38: 13 10 37 16 24 12 26 38 
39: 9 32 36 10 11 34 21 26 
40: 33 12 7 30 29 37 24 21 14 3 10 15 20 



Updated preference list above: can be reinput into program.
Duration_ModCreation_milliseconds: 217
Duration_GetSolution_milliseconds: 40
Duration_CollectRes_milliseconds: 0

RawResults: 
16 35 36 40 14 24 19 18 20 3 5 4 27 10 17 31 37 2 11 32 7 6 29 8 21 1 34 28 38 25 39 22 12 26 23 30 15 13 9 33 

Duration_Total_milliseconds: 420

exitCode 0
code/Main_GS completed
