40
1: 9 14 21 4 23 10 17 20 26 37 24 29 11 19 32 22 25 34 35 38 12 40 6 15 36 7 
2: 26 40 4 37 23 3 32 38 19 16 9 12 5 25 2 36 29 39 14 1 33 11 17 10 
3: 35 
4: 29 23 21 33 6 22 38 34 35 3 12 11 24 18 25 17 14 40 9 39 10 37 15 20 5 30 32 28 36 8 
5: 20 6 34 23 27 18 11 12 28 35 30 29 
6: 29 5 4 
7: 5 4 17 10 20 21 8 23 24 2 29 18 39 
8: 17 10 37 5 32 28 25 21 29 34 13 22 36 39 1 18 2 12 30 26 9 11 38 33 35 20 31 40 15 24 16 4 6 19 
9: 9 26 36 6 35 23 33 3 7 37 11 39 14 32 22 27 16 38 5 13 
10: 36 3 11 24 20 28 30 7 27 16 1 12 29 39 32 38 35 31 26 25 17 14 8 10 22 40 5 9 23 33 21 4 18 6 
11: 9 
12: 31 1 18 39 34 36 9 24 7 29 33 26 17 8 23 30 
13: 14 5 25 
14: 28 23 2 6 5 26 
15: 26 36 37 33 16 
16: 18 5 32 16 13 15 36 17 
17: 26 16 25 35 8 22 36 
18: 17 4 7 23 22 20 19 21 31 12 26 34 24 27 
19: 15 
20: 19 32 33 15 25 27 23 34 18 13 11 
21: 29 9 3 35 13 17 4 6 12 20 18 8 2 22 27 37 7 28 
22: 31 11 16 36 23 37 4 18 17 6 14 12 
23: 14 1 30 12 20 27 29 4 11 23 
24: 15 20 
25: 34 
26: 3 25 33 39 4 32 
27: 29 2 26 19 34 9 5 
28: 33 
29: 33 14 
30: 16 39 6 29 1 30 27 14 26 13 10 37 18 31 
31: 30 21 11 3 15 16 38 20 17 13 28 7 25 26 23 37 12 34 14 19 6 1 18 31 27 9 22 
32: 38 10 40 33 24 27 31 1 12 29 11 34 6 20 21 
33: 7 31 28 3 25 30 32 2 27 1 23 4 37 
34: 31 22 30 40 11 6 39 5 3 15 36 14 25 29 24 
35: 22 12 15 38 3 
36: 26 35 2 
37: 25 20 6 24 27 30 15 40 4 26 38 11 5 1 
38: 5 20 15 17 29 24 25 10 19 13 37 35 11 23 28 2 7 40 32 33 9 27 18 
39: 30 22 29 16 33 2 40 7 37 12 17 11 38 
40: 31 25 5 10 26 16 3 4 33 38 22 30 12 19 39 32 24 18 21 6 1 17 2 27 28 35 13 23 14 34 11 9 15 20 7 40 
1: 37 32 2 8 23 30 12 31 10 40 33 
2: 36 27 40 8 33 14 7 39 2 38 21 
3: 35 34 40 33 26 31 2 9 21 10 4 
4: 6 37 18 26 33 2 8 10 22 1 23 21 40 7 
5: 27 9 13 7 2 10 16 34 38 14 6 37 4 40 8 
6: 10 4 1 37 34 32 5 14 22 31 30 21 9 8 40 
7: 1 33 12 9 10 39 40 31 21 18 38 
8: 4 7 10 12 17 21 
9: 11 1 38 21 9 10 31 4 12 40 8 2 27 
10: 2 30 4 40 32 8 10 38 1 7 
11: 20 2 10 8 31 4 34 9 38 37 32 23 39 40 22 5 1 
12: 22 32 4 23 5 35 21 2 8 1 40 18 10 31 39 
13: 9 21 40 20 8 31 30 16 38 
14: 29 1 13 22 23 9 2 30 10 4 31 40 34 
15: 19 1 38 16 34 20 8 24 4 35 31 37 40 
16: 15 9 40 22 8 2 39 10 16 30 17 31 
17: 16 2 39 8 18 31 12 7 40 1 38 4 22 10 21 
18: 38 21 5 31 8 22 7 12 20 4 40 30 16 10 
19: 8 18 31 40 38 27 2 1 20 
20: 24 31 38 7 40 21 32 4 1 8 5 18 37 23 10 
21: 32 10 8 7 4 18 1 40 31 
22: 31 18 1 4 10 17 21 40 9 39 8 35 34 
23: 23 7 4 20 33 31 14 2 5 1 22 12 38 9 18 40 10 
24: 34 40 10 37 7 1 4 8 18 32 12 38 
25: 13 4 37 33 10 26 40 34 31 38 20 17 2 1 8 
26: 14 17 8 2 31 37 30 1 18 9 15 10 40 12 36 27 
27: 18 33 31 37 20 21 32 9 40 30 10 5 38 23 
28: 21 8 10 14 4 33 38 40 31 5 
29: 5 2 21 23 27 1 7 8 34 4 10 32 38 12 6 39 30 
30: 12 40 23 4 8 31 34 5 39 37 33 10 30 
31: 30 8 40 18 12 31 34 33 32 10 22 
32: 26 9 16 38 40 2 1 8 10 33 20 4 
33: 28 20 40 15 2 29 4 12 39 10 9 32 26 8 38 
34: 25 8 18 32 5 4 40 31 20 12 1 27 
35: 3 40 1 10 9 36 38 5 21 4 8 17 
36: 17 22 8 16 12 4 9 15 2 10 1 34 
37: 33 39 15 30 31 21 4 38 1 9 22 2 8 
38: 39 35 2 4 40 1 32 31 10 37 9 8 
39: 7 10 40 9 2 8 12 4 30 26 34 
40: 40 10 2 1 38 32 37 34 4 39 8 



Updated preference list above: can be reinput into program.
Duration_ModCreation_milliseconds: 188
Duration_GetSolution_milliseconds: 10
Duration_CollectRes_milliseconds: 0

RawResults: 
37 36 35 6 27 10 1 4 11 2 20 22 9 29 19 15 16 38 8 24 32 31 23 34 13 14 18 21 5 12 30 26 28 25 3 17 33 39 7 40 

Duration_Total_milliseconds: 545

exitCode 0
code/Main_GS completed
