200
1: 168 35 102 170 113 108 96 84 146 185 182 12 198 2 180 34 153 142 191 16 29 17 161 63 94 51 75 88 101 116 41 189 118 129 119 48 13 99 61 111 83 194 120 81 190 11 139 
2: 48 117 13 81 190 122 175 70 153 185 67 4 51 118 193 85 84 89 129 33 101 149 41 177 170 121 2 106 150 38 24 113 198 
3: 68 184 42 101 115 182 152 81 12 117 41 43 122 102 185 129 133 85 45 67 22 11 106 199 105 113 19 64 13 15 96 3 110 107 118 16 70 198 108 169 170 196 2 5 180 158 
4: 111 2 118 72 123 22 140 154 198 183 175 113 105 81 149 193 189 129 161 16 134 137 51 106 12 33 45 70 67 34 24 117 3 101 19 84 5 110 152 102 177 139 64 41 
5: 7 187 47 85 152 80 101 42 35 110 70 25 179 106 193 23 34 62 113 13 198 90 167 40 112 89 124 38 63 96 139 191 180 81 3 182 57 98 196 117 2 51 67 
6: 172 74 52 102 112 16 95 129 2 175 196 153 126 94 177 73 162 81 96 106 88 3 82 13 122 113 41 139 117 90 191 170 11 53 85 5 63 152 42 198 137 89 105 197 12 193 
7: 38 63 106 129 94 108 146 177 74 56 189 82 113 25 17 175 99 62 67 193 156 2 84 110 102 19 112 85 153 33 191 152 7 173 199 70 13 148 198 41 
8: 58 198 189 113 118 106 67 181 159 36 133 53 102 12 129 185 105 154 15 25 3 38 70 101 62 2 13 51 57 63 148 153 96 175 117 11 167 32 81 141 72 19 116 82 122 177 34 152 88 74 149 
9: 90 35 8 170 162 102 124 70 185 134 123 13 5 81 198 3 34 158 132 118 106 112 9 191 67 163 113 152 146 129 115 41 11 38 75 110 126 37 145 101 23 
10: 145 111 2 193 186 24 83 139 106 122 113 38 34 81 117 192 170 123 10 13 180 33 161 153 75 110 126 118 96 167 129 101 7 3 99 12 
11: 92 90 123 193 179 24 4 93 110 34 13 40 174 81 64 29 82 127 153 2 164 75 32 11 26 198 68 129 106 178 113 95 96 176 89 118 122 84 185 3 102 38 67 19 
12: 61 101 55 63 85 88 189 41 113 118 142 153 34 38 67 119 192 46 99 167 13 2 82 190 198 64 3 123 23 81 193 129 124 105 16 152 52 12 162 108 196 139 102 
13: 27 40 32 193 151 106 153 67 122 169 189 187 88 64 2 38 68 34 82 76 99 96 13 33 51 185 113 42 175 184 24 117 49 1 118 134 112 182 4 16 129 101 143 194 172 170 100 22 
14: 141 162 33 41 135 193 192 74 3 26 170 152 177 13 118 11 2 59 122 35 101 95 81 38 121 129 106 154 12 84 185 113 52 102 5 34 196 67 149 
15: 171 32 123 170 110 180 195 139 13 189 1 172 133 2 193 8 176 43 101 35 187 51 155 113 52 63 106 74 12 4 64 85 44 124 152 7 140 158 81 96 11 9 165 5 156 24 182 184 129 3 25 28 67 41 
16: 147 157 193 4 22 34 63 124 122 85 188 8 41 84 2 35 161 180 170 105 110 7 118 81 64 121 58 67 57 21 113 13 19 43 52 62 111 129 17 90 51 198 29 194 47 185 3 75 33 82 
17: 199 132 58 24 84 106 74 153 72 196 63 1 170 139 113 189 85 156 149 25 67 123 41 89 33 47 102 96 35 118 7 129 8 82 146 81 42 5 194 83 152 101 9 75 161 34 13 2 
18: 21 96 129 154 84 67 41 11 58 105 106 152 139 52 123 102 38 8 110 165 45 180 116 3 29 4 12 119 81 82 161 99 25 24 146 101 34 170 23 
19: 188 153 57 170 113 145 192 99 24 42 90 154 11 23 123 193 129 77 88 139 120 34 81 12 25 115 13 5 184 96 118 191 106 101 105 2 135 43 15 127 4 10 84 58 189 152 
20: 93 43 99 141 168 81 177 175 68 15 85 4 189 41 58 17 196 117 110 139 101 115 102 200 13 29 3 169 192 199 112 105 174 198 106 129 124 153 119 123 113 35 195 133 108 5 38 
21: 11 124 101 106 139 118 7 23 2 64 117 75 4 110 129 170 38 33 12 81 84 152 73 140 74 165 42 13 163 44 67 198 193 65 134 72 153 113 9 5 34 143 50 120 68 105 
22: 28 170 57 153 41 45 11 29 51 88 102 95 34 127 75 113 194 156 187 85 119 2 1 19 189 12 40 160 71 83 177 129 13 3 124 33 118 197 63 108 106 101 
23: 83 101 64 72 175 153 115 41 170 96 196 139 8 52 27 3 124 85 82 198 182 129 67 51 13 105 193 157 5 132 58 165 185 81 152 149 189 113 12 2 31 7 17 118 106 173 
24: 117 84 113 105 198 106 52 13 2 165 41 11 156 1 137 81 3 167 89 38 192 82 199 170 131 185 101 124 35 119 76 5 75 67 45 129 74 95 99 157 18 42 4 64 180 40 
25: 25 160 99 191 117 193 189 11 105 88 161 188 183 64 123 4 15 113 122 79 104 118 106 29 132 164 81 21 2 5 50 82 129 149 59 198 152 41 91 153 
26: 4 38 105 95 175 123 11 165 7 13 67 169 21 74 3 25 139 194 176 110 85 63 2 87 41 160 137 1 81 102 12 52 24 152 101 198 193 167 42 40 129 106 
27: 135 152 129 121 58 1 78 43 94 185 11 117 137 12 193 170 113 53 189 119 72 81 194 67 145 13 57 106 118 157 15 3 4 25 2 87 179 39 104 101 105 162 34 51 124 70 23 163 38 
28: 57 139 169 149 162 12 67 103 120 159 113 108 35 98 15 123 176 41 122 129 89 110 199 43 84 183 11 182 8 16 40 189 17 74 68 81 198 25 75 58 106 118 2 152 112 192 13 153 178 142 33 
29: 69 182 84 117 113 82 35 95 100 118 106 2 175 33 134 81 189 63 200 34 122 1 5 99 123 11 19 193 180 46 153 51 177 183 25 101 67 102 152 43 73 124 64 7 198 115 133 146 129 171 
30: 66 139 13 34 146 135 180 41 117 42 149 38 85 8 67 106 83 193 118 87 137 82 113 160 153 3 58 11 88 129 162 110 31 27 100 12 170 35 81 198 105 4 99 24 102 
31: 98 25 73 43 113 135 193 61 137 139 175 159 16 74 143 14 101 189 123 157 111 198 24 106 32 12 156 33 158 11 184 154 132 178 13 196 75 133 41 82 51 81 9 153 8 129 67 167 
32: 110 12 175 162 147 129 67 29 186 173 5 11 89 65 100 106 40 170 198 149 124 4 41 23 2 113 105 13 81 63 43 123 58 15 197 108 102 135 94 38 33 187 139 152 177 34 
33: 178 50 35 13 2 196 51 129 188 70 3 63 113 67 11 190 193 12 89 76 5 106 118 73 167 41 117 110 1 185 7 99 92 123 152 81 165 182 177 38 
34: 42 8 14 101 169 115 123 92 85 57 43 13 118 29 162 25 175 96 129 189 58 105 81 51 7 11 41 67 185 35 113 174 119 9 196 178 102 
35: 191 105 198 41 178 17 35 2 160 124 22 185 19 24 82 101 113 43 180 144 25 162 156 93 161 81 117 67 179 12 165 75 152 79 129 13 94 
36: 65 118 152 33 85 192 51 117 67 72 185 153 19 198 2 167 187 5 170 105 106 93 140 149 141 64 26 180 12 113 102 3 89 162 13 137 57 156 81 108 29 43 194 16 59 11 58 165 189 41 90 163 122 79 22 
37: 24 12 8 95 34 112 118 110 149 38 156 181 117 13 198 183 194 4 106 152 133 124 113 180 192 146 63 105 193 100 161 17 2 137 123 47 129 177 101 111 85 
38: 37 23 12 113 129 42 122 168 81 85 34 11 193 57 41 1 105 62 117 163 61 196 72 19 75 123 13 68 67 156 46 152 186 108 141 53 133 176 149 161 106 27 73 189 182 84 101 58 2 102 120 
39: 89 148 110 106 116 64 3 51 45 70 175 159 84 85 129 63 25 113 198 1 94 154 67 156 7 123 2 38 41 105 152 189 177 173 149 96 179 170 139 65 12 157 127 82 153 118 
40: 123 94 12 39 170 145 84 23 11 41 58 192 52 38 96 2 51 99 106 167 34 79 113 43 129 178 175 196 198 163 147 35 152 139 149 3 118 85 81 9 180 13 17 101 
41: 133 52 67 149 91 81 84 101 10 190 29 42 3 199 40 19 196 13 129 98 163 184 118 105 120 41 51 63 7 12 115 117 85 134 147 57 2 160 162 87 58 122 11 99 95 110 96 198 17 25 
42: 153 129 115 2 89 117 145 75 189 179 83 170 177 184 43 161 123 12 7 159 25 3 106 51 162 139 193 81 85 67 108 118 96 13 41 122 16 84 24 104 82 131 19 198 46 113 199 88 34 87 152 100 165 22 64 
43: 113 102 84 41 122 105 108 124 52 101 180 5 153 74 63 13 198 26 157 43 61 111 165 19 67 68 141 98 3 174 193 11 14 106 12 90 147 117 170 129 81 82 50 35 32 34 58 189 85 31 
44: 41 31 153 40 64 161 194 16 162 29 68 106 124 118 115 81 180 38 139 34 7 177 113 142 198 129 3 22 85 117 88 25 42 35 11 67 182 101 13 2 63 
45: 108 163 110 105 152 24 139 129 106 43 168 137 189 82 11 26 198 41 2 12 67 83 113 35 19 161 159 121 187 115 13 175 185 58 123 32 40 3 95 73 153 22 170 
46: 1 101 171 195 182 89 177 156 181 124 70 74 99 110 106 29 149 41 85 23 126 118 84 64 102 13 96 152 12 113 51 142 140 198 129 193 11 199 88 3 81 139 180 5 2 153 34 8 
47: 102 12 156 11 153 26 195 100 175 14 16 51 118 117 163 7 169 132 84 88 170 13 113 89 34 129 81 61 106 4 198 123 122 67 41 74 71 93 29 189 193 2 64 70 141 3 
48: 194 29 34 67 38 58 142 105 163 146 76 113 24 193 152 84 198 197 31 7 199 101 157 117 200 112 2 83 129 149 108 196 13 63 4 162 106 153 51 179 
49: 6 1 143 123 200 68 96 199 101 47 82 65 198 106 51 129 113 11 162 9 41 7 45 160 13 38 183 16 135 2 118 102 152 5 165 127 85 91 62 81 28 61 99 
50: 99 117 183 96 83 70 21 29 118 156 153 2 113 174 13 25 1 106 42 122 75 40 173 82 134 165 58 196 32 198 38 126 41 89 180 81 129 39 63 12 67 11 152 94 157 57 177 192 
51: 85 71 5 101 118 153 13 19 106 15 159 123 120 129 198 91 170 193 113 7 98 88 93 42 117 152 58 62 99 2 102 41 175 179 28 3 34 157 11 172 176 189 67 
52: 78 58 175 177 153 123 180 185 88 42 57 174 94 14 159 111 115 129 99 44 157 199 113 84 13 132 191 154 64 173 12 102 139 52 41 118 106 63 2 163 124 127 152 
53: 50 124 70 24 122 123 57 42 194 191 129 132 33 182 99 153 51 8 2 52 12 34 175 3 152 11 117 177 139 149 189 180 185 106 115 41 96 127 38 113 13 81 160 94 105 157 190 
54: 46 8 139 84 35 168 94 31 196 113 16 165 3 50 81 170 129 182 41 85 160 156 34 2 10 189 118 143 159 58 67 152 123 82 1 106 195 13 161 
55: 163 101 189 153 81 129 99 105 67 3 198 113 11 124 96 154 12 180 52 104 64 123 34 72 117 75 40 42 1 152 61 120 13 170 94 41 106 74 88 26 
56: 198 61 19 41 84 105 129 2 64 113 170 11 185 171 165 24 189 32 116 101 62 22 13 7 25 182 76 123 3 159 4 106 12 112 88 50 148 156 118 
57: 5 199 13 119 57 29 82 108 90 84 196 58 115 99 11 129 120 135 41 51 3 158 32 165 42 175 117 157 113 102 2 24 25 185 4 79 111 198 106 193 67 180 81 68 40 
58: 179 64 96 106 48 35 101 170 94 9 119 81 153 122 152 140 41 132 102 199 3 104 61 34 139 160 10 161 162 149 39 183 99 13 11 113 129 141 52 83 137 117 67 2 90 85 75 24 
59: 64 47 137 132 70 2 191 179 167 106 34 41 139 113 33 96 13 135 111 162 3 88 189 11 45 107 85 157 124 51 99 108 105 115 129 43 152 123 175 63 117 
60: 32 7 146 96 113 152 12 123 38 118 67 44 122 3 40 196 184 182 84 4 108 51 107 25 161 42 35 193 117 121 43 110 129 175 13 157 149 85 11 170 102 186 160 75 
61: 9 137 41 113 187 48 22 195 85 175 64 170 81 102 193 25 70 152 2 82 11 123 182 66 115 38 184 58 139 191 42 35 129 122 19 117 176 132 106 51 1 
62: 88 96 63 163 33 23 106 170 180 119 196 129 67 83 41 13 24 140 81 122 1 142 27 38 157 42 175 2 172 35 177 156 34 52 158 110 189 127 70 145 192 178 11 191 113 82 
63: 105 5 75 52 101 129 175 167 53 140 2 161 165 152 110 113 102 189 112 84 153 135 23 67 41 122 160 183 95 89 198 118 57 13 162 26 11 85 131 3 
64: 131 192 193 152 113 3 87 102 101 95 2 24 11 178 81 198 189 99 38 194 118 106 105 196 13 129 51 12 170 41 22 16 139 
65: 97 198 82 84 113 21 43 94 124 96 98 193 189 129 3 51 35 190 15 25 33 117 63 2 161 5 41 170 42 115 156 7 1 187 106 47 74 105 152 12 67 58 16 38 177 154 
66: 95 193 36 83 63 157 24 84 41 40 59 2 94 51 198 180 64 194 85 52 112 106 58 82 3 153 175 96 118 33 29 18 62 122 67 110 13 113 81 
67: 125 153 162 41 129 124 106 105 113 13 193 81 199 143 82 139 107 2 101 52 19 11 25 8 123 96 192 88 119 38 7 179 67 145 170 16 51 1 85 136 110 198 89 58 185 
68: 91 121 129 12 195 175 115 50 7 11 198 88 81 63 197 149 116 59 193 113 102 72 112 38 75 180 64 2 24 13 41 106 156 40 127 43 51 194 10 196 82 3 165 170 167 107 98 122 152 191 96 157 
69: 186 25 126 11 58 189 148 198 88 41 106 196 169 110 165 118 75 124 129 86 116 113 82 117 153 38 187 73 102 96 170 152 1 104 7 48 122 70 190 175 85 139 67 101 42 2 3 105 185 158 
70: 18 64 113 67 81 34 41 13 3 39 58 118 57 193 157 29 106 117 63 91 7 105 167 2 73 96 137 12 185 196 51 122 198 186 68 89 152 11 160 70 170 26 183 180 75 120 38 181 129 
71: 184 95 119 2 13 11 82 7 98 156 52 8 48 152 19 46 159 67 102 158 199 139 112 111 35 118 3 129 58 65 136 38 36 51 47 63 122 84 105 177 120 196 34 153 44 106 41 64 113 83 
72: 150 58 42 132 185 170 172 178 24 160 25 74 168 57 3 198 189 133 115 162 52 59 99 175 41 180 154 81 113 129 5 68 96 108 118 149 140 11 2 165 64 21 122 153 101 106 13 
73: 136 159 156 8 193 59 70 170 163 35 129 106 147 113 2 139 3 105 195 177 24 67 96 198 52 1 68 51 108 143 182 38 13 101 145 157 
74: 148 88 16 38 185 175 70 169 113 62 84 2 198 26 81 95 99 3 11 7 112 152 42 85 65 129 96 67 73 98 83 106 184 13 41 102 180 34 154 71 31 
75: 200 118 139 13 61 149 52 180 31 33 105 67 41 157 99 74 43 26 2 1 122 58 158 34 8 83 63 113 169 5 185 12 25 68 117 110 132 75 198 102 124 35 170 81 153 106 
76: 124 64 1 73 123 198 29 33 111 199 99 139 75 170 167 57 11 93 180 51 179 152 38 153 110 196 31 21 105 121 175 50 9 149 45 13 102 2 115 18 117 113 106 193 67 
77: 47 63 190 177 101 29 17 149 67 173 25 118 11 3 102 137 145 33 106 113 31 57 129 152 81 16 110 13 198 174 58 117 1 46 161 12 153 74 75 
78: 195 129 43 70 13 198 75 23 2 41 191 85 113 62 46 152 99 118 5 193 106 137 105 25 180 34 40 102 79 52 24 162 170 117 3 189 175 73 58 124 159 88 26 67 92 
79: 59 198 32 89 51 41 185 106 124 180 102 152 8 11 165 167 67 129 160 2 34 175 146 85 16 77 170 113 57 189 91 84 110 153 35 101 13 183 
80: 23 7 180 106 156 179 35 153 105 65 129 96 84 48 3 99 85 41 25 29 42 52 67 64 113 167 20 147 26 185 152 117 11 13 2 198 149 34 12 82 91 70 
81: 43 41 99 150 110 26 8 111 101 102 180 147 5 129 139 106 193 184 3 13 89 46 81 179 107 152 112 33 70 132 170 118 85 117 161 38 11 141 1 174 113 2 168 173 31 
82: 196 154 189 12 110 81 113 36 102 88 180 26 94 85 170 79 174 132 34 4 43 173 41 152 2 73 99 124 193 84 3 21 153 106 107 9 118 190 129 52 75 105 134 67 
83: 39 122 89 95 13 137 68 162 5 190 124 177 41 67 105 43 106 185 81 161 110 3 82 118 4 156 175 165 1 101 193 100 11 170 88 183 70 129 102 198 7 63 113 
84: 74 64 23 113 51 118 102 106 110 63 12 81 164 152 17 33 27 50 170 185 129 67 24 132 119 198 182 168 153 122 193 2 156 29 11 86 
85: 36 129 41 101 195 13 191 185 63 180 189 170 3 84 43 106 17 198 110 187 85 75 175 113 83 34 11 117 23 149 38 193 153 91 165 105 2 118 152 32 200 
86: 112 157 13 199 152 3 136 11 106 94 44 149 58 193 187 41 147 52 51 22 170 8 118 108 45 110 61 35 173 88 140 119 113 102 19 129 84 67 85 198 83 12 42 153 29 16 164 
87: 187 169 101 76 11 129 190 79 110 193 73 3 196 177 170 96 34 165 176 106 113 9 46 40 134 122 67 156 64 82 189 140 1 52 198 63 13 149 41 4 152 
88: 17 116 189 162 68 117 28 74 157 3 9 96 180 198 38 106 63 94 32 139 175 124 11 13 33 102 113 101 165 35 87 62 81 41 70 105 190 129 99 67 7 64 123 
89: 121 124 117 185 184 177 170 48 5 193 94 106 160 179 81 2 108 118 122 41 42 63 67 34 38 110 198 153 101 113 72 64 13 123 161 11 40 169 82 152 175 137 
90: 53 81 113 40 179 157 59 142 178 3 85 139 41 2 35 11 12 149 115 129 25 5 4 180 24 193 153 106 58 123 198 51 34 170 165 29 13 82 33 
91: 29 161 113 70 152 185 94 189 24 118 45 96 35 9 193 15 194 188 67 19 196 162 46 195 12 44 145 101 5 2 119 163 58 34 167 74 7 51 106 120 89 129 173 13 18 81 33 159 122 183 154 41 38 75 62 42 110 
92: 197 81 189 105 11 118 149 133 75 129 152 79 52 8 63 139 167 170 168 41 10 84 3 101 198 106 99 126 5 12 65 169 45 199 89 61 117 85 156 112 163 110 162 
93: 180 175 62 79 108 157 101 186 63 85 47 106 3 11 105 92 5 13 29 153 8 165 38 56 169 2 192 64 129 113 149 152 198 174 84 118 49 82 99 75 199 86 
94: 40 195 170 163 61 196 64 113 180 29 57 13 62 101 106 158 33 174 3 129 58 122 105 88 25 5 182 48 110 198 82 35 127 38 12 
95: 154 101 149 108 124 38 48 102 41 99 139 162 189 5 16 169 65 170 63 183 39 81 106 195 89 135 43 198 113 3 152 13 
96: 140 190 51 170 13 73 33 115 85 161 185 26 121 113 101 198 38 164 112 11 152 58 81 106 129 12 189 2 174 105 47 86 3 
97: 73 185 26 36 88 111 129 117 34 106 11 19 141 12 115 16 20 122 168 156 43 132 102 68 58 123 89 153 38 8 67 17 96 74 51 81 196 59 113 63 170 24 192 152 3 118 14 4 
98: 79 41 189 1 11 13 148 113 95 81 38 192 143 101 160 75 89 82 106 5 96 165 180 119 152 129 84 93 153 108 63 74 177 184 120 2 170 
99: 109 11 71 33 190 2 110 67 152 132 13 117 41 162 84 189 51 153 73 82 34 124 89 53 113 101 198 160 105 129 15 58 70 139 196 170 96 95 52 59 118 6 43 
100: 138 3 57 159 175 40 124 189 152 4 47 193 9 99 90 153 181 167 113 169 51 180 194 67 129 108 33 62 11 198 149 139 170 196 63 41 89 162 8 118 106 13 43 38 84 81 75 48 
101: 87 57 2 34 99 127 183 84 81 186 200 72 122 113 123 95 52 63 193 82 76 35 101 22 139 38 42 147 70 64 153 93 110 41 119 194 142 11 129 124 152 162 114 164 16 85 30 106 13 3 51 198 
102: 22 1 143 139 113 15 101 41 198 109 96 110 64 43 68 175 167 67 100 16 195 106 129 35 7 74 152 33 108 196 81 13 34 51 63 9 73 11 25 38 193 123 84 135 124 
103: 159 62 149 175 158 4 156 85 29 120 26 160 45 189 193 35 70 13 124 113 42 17 67 152 41 102 24 25 106 11 101 81 168 184 179 129 94 161 170 3 180 36 38 99 51 
104: 45 99 98 108 25 198 175 180 64 1 106 81 2 58 38 129 113 84 89 139 123 162 101 193 196 13 155 11 152 164 119 51 75 63 124 27 184 110 43 
105: 14 137 153 152 156 196 85 118 198 41 81 7 48 173 2 113 11 34 189 5 83 180 67 74 9 64 17 84 13 106 193 43 162 129 52 124 3 70 95 135 
106: 158 48 11 58 25 113 67 42 196 180 170 153 141 1 33 186 157 13 84 198 34 57 156 81 189 149 105 117 139 110 68 193 101 75 167 2 140 83 160 5 22 82 179 187 129 41 
107: 156 183 11 193 149 52 96 35 57 27 170 75 152 2 190 110 3 13 102 113 146 17 164 179 7 157 43 132 82 12 180 106 101 42 167 84 64 129 117 38 58 72 1 41 
108: 67 106 124 35 162 84 41 96 94 132 129 186 63 17 8 113 170 133 192 199 2 81 180 13 184 152 194 123 38 5 25 11 33 76 122 185 198 52 179 101 
109: 146 137 11 199 82 4 120 49 74 12 106 185 129 13 84 170 72 23 132 149 63 180 192 123 119 68 165 159 175 198 38 152 162 67 25 17 81 174 189 169 85 102 2 113 101 3 
110: 160 129 117 81 170 175 198 152 42 70 58 2 106 108 189 11 73 26 105 176 40 25 177 1 110 146 67 41 34 99 185 96 180 140 118 33 124 113 
111: 116 27 199 123 43 113 149 137 193 41 11 184 84 25 2 7 153 129 101 96 115 175 106 185 99 51 147 119 94 82 110 192 108 179 58 34 157 13 
112: 142 118 38 150 84 98 101 117 175 152 102 41 2 146 194 177 51 105 132 14 186 140 195 7 13 129 81 43 74 82 190 106 100 167 170 1 168 94 11 157 3 198 50 108 85 63 47 124 113 58 6 110 
113: 174 33 64 102 161 148 153 84 157 83 154 3 10 45 180 168 118 16 96 106 13 193 198 129 105 11 68 81 169 152 113 85 82 199 99 12 2 38 
114: 44 6 123 61 2 102 82 11 17 196 75 40 45 189 3 35 41 106 84 180 110 198 34 23 51 4 67 162 129 81 113 128 191 101 13 
115: 62 157 70 67 13 169 135 170 19 2 14 74 113 102 182 43 176 139 41 175 160 132 88 129 84 95 189 199 124 117 34 177 106 146 186 165 152 31 61 196 118 1 11 108 
116: 54 120 61 8 129 67 172 102 166 13 198 158 68 179 185 117 162 51 38 72 88 184 152 110 193 33 58 75 25 64 4 12 1 101 195 2 18 170 11 84 144 81 180 122 85 177 175 113 123 
117: 51 40 33 149 147 63 52 35 11 74 25 113 180 105 152 106 129 150 41 8 95 81 42 70 20 195 75 124 56 121 198 12 153 137 196 177 102 170 87 
118: 16 163 63 38 8 162 11 106 196 47 81 180 2 85 185 194 129 152 190 112 193 189 156 52 176 13 110 113 9 198 67 102 90 153 73 95 58 25 21 19 170 
119: 10 81 152 13 40 194 101 58 137 2 70 99 106 5 143 38 85 187 7 110 29 47 52 118 134 124 96 113 120 93 16 119 189 190 35 121 34 117 59 196 105 132 129 198 153 8 
120: 166 169 192 177 124 85 123 193 76 129 52 81 79 102 2 139 152 119 63 5 44 190 22 13 161 199 25 41 94 113 118 137 57 45 12 185 54 134 110 3 96 198 173 43 89 23 127 101 33 149 
121: 76 61 117 198 40 90 196 106 175 189 177 13 67 157 129 25 192 82 152 113 47 184 2 194 108 123 89 174 118 79 1 96 71 86 70 46 170 119 
122: 80 117 59 33 169 63 115 11 198 119 7 187 113 129 122 139 8 79 81 175 184 101 13 118 106 24 95 180 96 67 25 99 162 51 43 22 52 34 105 153 132 15 102 177 136 94 84 170 
123: 75 2 196 153 193 82 94 81 72 35 152 70 13 157 129 58 140 38 160 90 101 12 162 139 52 107 185 3 64 180 106 165 8 95 198 126 105 67 113 175 118 41 122 
124: 129 41 58 101 16 121 17 106 11 3 198 113 135 148 110 152 162 13 123 175 96 139 85 192 2 189 36 149 15 73 102 
125: 134 152 51 95 102 12 7 41 118 85 160 11 148 180 25 24 73 43 106 82 3 84 129 153 170 88 59 105 165 199 185 6 72 5 117 76 113 34 174 198 94 
126: 34 124 110 33 119 51 4 108 22 175 139 142 83 25 21 27 84 32 40 102 12 118 11 185 16 129 29 180 193 5 19 41 2 106 13 113 198 87 195 14 153 146 189 105 1 67 73 177 3 
127: 2 53 82 81 94 16 149 189 106 193 66 180 5 152 129 113 55 178 166 122 169 118 3 67 191 117 12 42 51 41 199 196 198 160 170 57 9 11 167 105 175 96 102 93 195 13 153 24 19 
128: 162 106 163 170 43 156 121 13 198 152 83 58 34 94 3 180 129 101 22 33 191 2 189 84 195 99 98 174 54 193 38 118 85 67 153 150 42 134 81 113 122 146 5 199 119 87 17 75 4 
129: 119 110 123 43 8 13 70 33 32 132 106 20 57 11 107 198 113 175 96 118 84 63 170 186 94 78 3 42 153 15 143 2 51 116 34 129 87 85 22 41 71 
130: 82 172 185 178 113 16 38 115 33 175 170 102 117 153 11 35 13 180 57 3 61 85 96 70 24 83 41 174 108 145 9 182 43 110 75 158 84 52 23 196 106 5 167 2 50 
131: 149 123 122 81 63 7 2 198 118 11 96 88 101 40 70 170 73 67 13 193 196 106 124 12 165 131 108 129 16 86 41 42 85 113 180 24 51 160 177 72 186 
132: 151 153 188 13 51 140 34 5 175 157 89 198 2 152 132 179 189 59 8 63 162 196 111 185 139 113 38 23 101 149 123 52 180 11 102 186 70 118 122 172 88 145 129 124 
133: 8 120 153 67 99 79 193 159 189 13 29 15 124 122 157 70 57 11 12 197 169 162 182 89 3 107 175 2 87 81 10 198 65 127 5 113 42 102 185 34 98 129 75 
134: 183 12 41 156 193 165 174 117 159 3 5 84 113 162 170 186 180 51 74 175 129 34 198 89 43 42 13 1 118 67 45 106 11 189 153 70 35 88 94 26 149 2 
135: 56 81 105 129 34 139 61 23 157 106 126 2 15 5 14 32 7 13 137 63 21 122 167 99 180 175 119 152 41 187 120 70 189 94 124 10 113 153 184 38 85 46 31 67 11 193 68 19 
136: 169 100 3 29 105 159 111 88 188 68 90 118 156 51 58 196 67 33 198 185 63 102 149 84 116 25 106 152 5 113 110 162 194 13 123 137 193 129 157 153 38 11 17 57 133 101 132 139 
137: 26 74 31 124 68 193 180 118 51 157 198 146 2 99 102 106 84 110 149 161 98 139 185 13 88 52 189 113 33 17 168 38 4 174 117 11 152 82 58 43 156 75 70 12 1 
138: 120 5 12 196 163 67 185 57 157 37 41 198 193 17 81 64 186 13 10 154 151 113 34 152 84 190 68 160 106 14 122 195 93 110 192 129 189 11 156 75 88 4 94 187 162 2 99 3 
139: 157 68 163 190 106 99 101 1 38 122 41 94 64 102 113 96 91 88 79 154 108 155 69 148 12 129 55 67 11 105 189 42 81 72 3 165 139 2 17 51 118 161 198 34 33 92 124 175 63 116 132 87 
140: 175 154 152 129 160 34 29 149 162 19 177 117 96 113 190 193 13 105 42 180 47 110 196 51 198 12 55 156 2 25 33 83 81 170 3 108 101 102 189 169 115 106 11 120 133 
141: 15 51 9 58 113 143 70 43 1 159 74 85 65 129 153 35 81 3 13 189 123 86 180 198 106 7 38 135 41 50 96 101 36 152 2 165 67 170 34 118 175 89 149 
142: 167 36 41 108 67 133 3 164 99 154 113 101 5 182 13 193 34 117 156 180 12 38 51 42 123 153 162 46 68 74 85 11 33 129 161 2 95 58 81 106 96 118 141 
143: 185 157 12 102 113 11 123 86 75 139 13 140 129 191 94 40 62 198 193 14 170 3 178 153 36 63 41 81 169 70 34 122 95 183 35 50 120 67 51 110 96 163 57 152 38 106 22 
144: 164 198 63 189 101 62 72 1 81 57 126 11 94 2 188 68 154 3 109 96 174 92 118 111 169 13 182 167 129 105 64 85 99 26 124 15 19 43 5 113 106 170 41 12 183 74 
145: 122 198 159 102 33 41 110 106 124 19 88 191 58 129 178 2 63 11 194 67 44 170 101 3 113 157 38 27 13 179 12 139 177 51 94 108 128 50 
146: 72 193 27 180 29 110 101 115 75 53 120 106 124 102 168 31 81 82 123 198 9 84 38 57 119 185 118 59 18 113 129 19 13 139 2 8 41 107 85 3 199 196 94 11 163 122 146 149 88 
147: 70 52 33 46 102 51 38 106 156 92 198 112 174 118 180 88 135 96 13 41 113 117 12 24 160 81 132 120 170 99 59 63 95 74 67 94 62 151 148 2 128 159 84 25 110 43 196 136 192 152 
148: 143 102 123 85 106 99 88 153 170 34 3 193 129 149 105 176 42 57 29 73 2 93 162 92 198 9 113 119 135 13 58 83 67 89 51 1 
149: 190 3 96 199 67 188 89 63 60 193 153 2 41 183 129 25 124 15 122 19 119 11 106 39 81 84 110 29 159 83 113 13 152 170 108 194 70 198 139 12 85 105 
150: 13 96 106 67 71 51 11 58 156 189 2 196 113 136 25 195 33 24 161 81 124 12 84 129 179 190 23 68 17 3 180 57 37 63 73 193 52 184 7 198 102 61 117 105 168 
151: 107 58 113 29 126 185 170 160 118 143 198 85 194 104 22 75 102 41 3 38 189 148 11 187 12 5 139 193 96 67 175 19 47 153 106 83 101 116 123 196 
152: 144 187 38 195 196 85 129 74 119 135 29 3 165 106 101 90 50 102 113 124 82 152 121 149 96 39 167 162 57 177 41 139 70 112 198 193 192 25 111 68 182 16 118 185 13 153 67 132 
153: 170 173 24 198 4 189 64 193 3 38 13 122 180 106 9 129 149 85 83 96 169 25 81 137 105 84 59 133 113 184 94 157 41 
154: 115 185 159 40 170 2 11 13 70 177 119 58 45 42 123 118 163 180 129 193 25 184 122 3 106 194 107 41 75 187 113 43 110 83 149 35 190 76 12 1 
155: 193 57 118 81 190 153 189 36 135 146 125 11 169 162 17 13 4 178 106 160 192 107 198 68 156 43 93 48 29 152 129 167 85 88 117 168 12 5 35 163 121 38 113 45 2 137 
156: 86 135 152 4 34 129 8 108 15 67 23 24 113 13 159 99 163 43 154 94 51 132 96 2 16 106 180 38 118 12 5 58 101 11 198 146 33 
157: 139 29 193 189 120 135 198 179 94 113 96 98 183 13 124 51 2 68 129 156 106 70 67 4 196 122 34 177 152 89 138 118 175 102 58 105 
158: 77 134 139 92 113 59 153 170 2 129 179 89 91 101 51 102 117 158 157 20 42 35 67 82 180 13 63 96 149 3 41 198 68 118 70 189 95 33 193 81 11 50 177 
159: 103 58 106 119 161 67 41 73 105 196 129 162 122 38 192 34 92 198 3 123 113 102 99 1 12 51 169 82 177 4 153 63 26 183 84 180 117 163 
160: 132 199 3 180 2 118 58 182 51 159 42 101 67 120 41 102 89 5 19 106 82 66 94 124 81 198 185 190 105 110 170 115 13 152 40 12 11 113 129 63 119 62 88 
161: 155 161 7 12 173 34 3 67 118 51 149 101 17 196 58 102 113 85 38 148 62 5 198 191 129 122 50 117 90 120 139 75 29 41 11 13 82 96 185 137 63 68 106 1 99 45 
162: 35 39 85 153 13 165 120 24 124 11 51 44 147 42 179 2 94 186 123 38 84 122 162 29 106 159 12 170 157 158 58 113 189 16 146 41 61 9 67 184 178 101 129 118 3 152 96 
163: 84 24 79 57 70 180 123 113 94 11 82 41 58 45 118 102 129 149 12 81 177 105 161 13 139 190 176 152 42 196 3 22 162 51 67 88 110 157 73 124 43 101 106 
164: 137 70 110 62 84 180 51 193 115 177 181 73 4 195 17 31 38 67 83 162 132 43 101 129 64 139 13 41 167 146 198 7 79 113 199 170 35 2 11 185 85 33 98 12 81 52 99 26 
165: 177 139 118 153 84 94 67 157 124 190 46 131 112 156 102 79 179 23 43 113 62 61 41 189 95 57 105 13 175 167 152 101 161 19 168 81 88 191 29 64 137 129 178 117 3 2 52 162 193 85 106 
166: 192 113 129 101 105 124 122 12 41 62 171 94 3 51 153 106 157 118 34 49 161 19 43 2 1 64 72 7 67 194 52 117 158 29 13 160 179 196 167 39 5 152 110 88 
167: 182 11 13 190 110 67 152 12 74 101 156 193 124 159 129 113 7 196 197 64 106 73 41 5 84 81 153 198 50 102 118 175 8 17 40 191 38 86 162 139 3 2 179 170 85 93 149 
168: 161 183 83 167 127 152 106 154 64 184 96 129 94 72 38 123 105 11 7 101 159 198 189 42 186 74 34 2 58 25 102 81 149 21 139 193 170 35 13 113 5 153 148 43 163 84 41 
169: 3 89 123 129 94 162 38 179 181 13 175 198 40 59 41 93 183 11 26 121 105 88 117 156 192 178 124 189 58 35 193 185 113 17 84 106 9 149 159 2 163 170 165 4 52 
170: 52 46 86 84 157 85 81 8 190 118 111 108 3 113 189 154 94 12 170 50 26 22 89 160 79 140 57 156 17 174 163 120 176 117 67 9 182 187 100 129 58 152 64 13 193 106 198 68 41 153 42 
171: 31 67 2 113 62 58 29 193 85 41 96 25 104 165 3 13 117 129 196 198 64 139 105 63 175 189 22 82 152 119 149 170 194 52 12 101 84 40 93 102 
172: 173 113 41 98 1 119 116 110 13 189 81 62 129 174 118 152 102 70 35 71 158 29 193 34 2 3 117 51 12 166 168 91 182 161 124 11 76 
173: 63 45 160 180 2 12 102 170 35 176 139 189 145 188 149 58 146 184 175 129 34 124 93 172 106 96 110 13 112 177 185 11 118 75 41 162 17 51 99 190 198 193 182 196 113 123 33 152 
174: 130 4 3 129 63 164 41 105 11 158 106 169 184 143 189 2 196 197 13 177 33 12 53 124 68 47 178 157 108 153 134 110 122 152 67 93 87 191 81 154 52 118 24 36 180 117 185 
175: 118 96 42 16 92 85 94 57 153 33 84 149 71 106 186 25 129 156 58 14 105 29 159 13 198 44 139 41 52 45 88 193 154 122 81 148 191 117 137 170 101 2 43 11 113 
176: 49 118 96 177 119 19 110 2 51 38 42 198 153 139 152 32 90 91 11 7 70 3 113 68 12 105 81 123 29 24 101 25 21 106 124 137 13 74 179 
177: 128 51 148 70 96 3 137 113 81 34 43 160 129 124 188 35 139 41 25 193 11 170 189 83 58 147 198 12 122 123 162 75 152 64 82 121 118 110 62 61 183 57 13 156 84 38 2 
178: 101 26 105 122 13 189 3 156 125 98 152 35 175 119 12 85 113 110 21 198 57 76 99 67 118 170 142 81 163 102 185 51 70 129 8 193 33 106 182 192 5 186 
179: 181 3 51 23 153 45 157 90 67 43 142 99 165 24 182 179 79 180 2 5 87 113 63 152 7 129 13 120 100 64 185 133 70 189 34 199 170 81 105 96 106 86 175 
180: 33 106 11 74 105 13 134 113 64 8 67 52 1 18 41 156 38 133 81 167 88 24 158 187 164 139 100 129 193 12 58 2 160 137 131 47 169 45 120 124 163 101 62 51 117 110 
181: 104 154 34 139 117 175 180 72 79 84 125 43 119 172 111 26 112 102 85 193 75 124 105 5 2 152 174 110 101 41 195 133 187 11 63 10 16 99 163 40 106 17 38 
182: 126 110 152 12 8 193 189 67 74 129 43 11 174 3 127 113 198 96 81 170 22 120 79 84 61 72 52 153 175 101 13 102 41 108 106 27 177 196 118 180 167 62 5 85 35 34 24 115 
183: 71 106 40 99 105 96 82 102 49 70 198 191 146 2 194 31 10 13 187 175 129 165 84 113 168 137 58 164 67 180 47 159 117 197 110 73 161 177 25 41 51 
184: 96 35 29 112 162 124 198 64 52 117 63 11 199 177 38 82 110 44 180 106 170 2 13 4 163 88 152 90 33 171 113 132 149 75 169 122 31 17 129 154 141 98 160 85 118 81 5 51 3 28 156 26 102 182 
185: 152 13 8 190 9 62 17 110 12 198 162 96 36 28 81 106 70 170 89 116 149 90 5 193 42 135 117 3 105 157 113 180 41 82 22 67 24 16 
186: 189 185 117 136 173 11 175 152 67 26 81 35 13 68 156 135 168 2 33 106 157 92 12 56 95 105 118 193 198 128 170 59 129 75 102 94 1 
187: 30 13 34 68 61 161 106 75 57 50 162 105 175 118 19 191 72 117 181 44 2 160 43 24 11 193 93 51 139 71 96 180 3 81 179 149 146 185 114 170 157 159 113 42 101 122 110 25 102 39 99 12 29 189 129 
188: 94 152 33 82 111 185 196 129 146 156 2 63 109 17 41 5 190 81 51 126 8 135 101 122 85 189 113 13 170 115 88 34 175 87 106 193 96 124 11 153 42 40 178 3 157 15 119 
189: 165 102 163 43 99 70 52 13 153 58 7 196 1 193 90 170 139 67 129 23 61 185 4 2 34 157 162 101 156 198 113 96 118 11 159 45 175 3 106 41 110 
190: 100 139 108 170 154 13 193 117 84 67 189 40 198 182 3 149 25 168 41 2 152 106 73 129 63 11 50 196 102 86 113 96 
191: 114 163 162 96 87 85 180 15 81 132 94 40 99 106 67 152 161 14 11 174 52 41 129 12 198 4 113 160 13 84 117 135 16 124 70 153 179 51 105 118 154 
192: 60 168 2 12 108 170 101 33 173 129 58 96 51 34 43 180 106 126 189 177 165 39 140 38 35 133 27 13 182 41 179 84 85 139 198 161 11 178 123 67 196 113 7 42 
193: 176 117 124 153 105 178 3 82 129 113 81 170 106 139 13 12 84 85 196 26 137 112 24 108 152 62 34 149 8 19 96 184 199 156 119 182 143 163 68 2 198 64 111 
194: 12 18 186 113 13 122 165 168 47 11 193 96 19 179 129 50 90 108 57 181 189 182 198 153 106 124 105 194 72 104 3 25 7 157 1 82 176 45 70 52 148 102 2 64 
195: 20 88 102 2 137 193 165 115 41 35 139 141 123 13 122 170 12 196 113 119 70 81 67 62 117 1 76 82 180 118 105 106 29 112 96 25 197 124 120 153 192 3 58 163 43 152 129 24 157 149 169 
196: 19 90 96 26 179 198 173 157 113 124 67 129 11 196 139 99 101 118 117 47 170 50 105 84 180 5 41 32 175 25 8 1 109 122 13 106 51 38 187 68 64 153 85 
197: 106 32 139 62 100 113 122 119 127 163 29 70 118 13 38 153 60 3 82 129 152 117 198 160 19 193 16 5 99 162 134 58 96 8 169 159 180 2 176 165 
198: 55 105 124 139 51 70 3 148 158 67 180 174 16 113 156 115 153 167 193 2 162 149 38 14 42 13 106 22 35 81 184 175 108 123 185 33 96 165 140 41 157 
199: 127 124 152 113 183 29 1 25 96 63 189 129 2 3 9 11 17 67 64 102 165 173 117 112 41 110 106 198 140 101 108 139 118 84 42 180 52 105 21 13 
200: 81 183 152 129 117 149 7 124 38 33 180 5 153 106 167 193 123 113 102 25 179 17 63 64 196 110 175 8 42 199 157 105 13 51 12 182 88 36 82 68 89 94 4 67 14 3 75 
1: 166 121 137 27 144 194 33 87 112 102 126 107 116 61 17 195 38 83 106 81 55 180 148 54 15 104 77 186 76 75 22 110 65 189 69 24 50 98 67 13 29 141 196 73 26 39 49 62 159 154 172 199 115 139 161 134 46 
2: 168 162 16 4 91 188 12 1 98 39 190 116 134 22 36 23 109 90 15 123 52 120 70 56 51 183 118 198 85 66 166 5 14 96 25 139 193 69 78 175 108 48 113 32 150 81 49 195 79 73 115 135 167 172 13 197 53 184 8 165 131 46 38 10 169 112 19 35 179 17 148 145 124 155 144 107 130 132 105 84 137 58 180 149 156 62 11 21 177 106 160 121 119 41 187 68 164 3 71 54 138 158 104 80 82 67 93 110 27 111 140 126 2 7 154 173 37 133 181 89 194 33 171 101 114 157 128 59 146 61 147 176 186 50 6 42 99 75 26 65 142 174 45 28 192 189 129 29 199 76 47 141 44 57 72 63 74 24 64 40 127 
3: 141 69 41 193 70 68 113 30 134 90 71 95 165 55 120 148 85 5 140 18 197 64 96 149 74 194 138 152 107 142 178 112 151 177 139 77 133 78 145 22 57 179 63 198 8 54 160 58 158 143 20 9 199 136 162 195 51 10 185 47 172 190 167 166 92 65 45 184 159 97 82 3 72 44 109 123 73 60 42 127 105 56 188 174 176 94 128 40 171 86 43 83 124 33 80 153 23 4 125 87 187 101 27 163 88 100 182 189 14 16 46 126 66 15 81 170 130 150 24 93 103 12 161 154 39 114 200 129 144 36 59 6 26 11 53 146 169 
4: 37 169 82 189 16 156 114 21 24 126 30 184 97 2 138 60 57 155 100 128 103 157 137 83 15 116 56 109 11 27 19 174 159 90 18 164 20 200 153 47 32 87 13 191 25 48 26 
5: 130 160 161 184 95 25 17 23 98 94 166 179 188 19 90 72 156 167 120 125 178 75 63 78 4 151 108 92 197 3 46 32 105 182 185 6 93 200 24 136 168 181 127 49 51 9 155 21 65 36 89 138 106 43 126 29 15 14 133 128 81 33 135 196 20 83 132 142 91 134 144 119 57 
6: 125 112 114 99 49 
7: 44 7 102 17 42 176 166 70 69 49 65 122 88 135 26 200 67 21 141 111 10 107 125 168 131 167 164 74 56 112 48 161 51 179 189 194 16 80 23 83 71 105 41 39 192 34 47 150 91 119 15 29 68 33 60 5 
8: 119 92 200 156 167 23 73 31 117 15 197 146 16 118 28 67 37 9 71 170 180 54 100 86 182 132 185 46 188 79 116 193 30 108 53 93 123 34 196 122 97 75 81 18 17 178 129 133 
9: 148 49 169 17 58 15 21 100 31 127 153 141 130 162 118 185 87 88 9 102 199 91 76 82 170 146 40 34 105 61 
10: 68 92 135 138 58 133 183 10 19 181 113 41 54 119 
11: 58 139 46 70 100 126 105 140 57 129 189 138 164 113 74 76 24 44 92 122 80 45 61 18 116 199 50 84 107 182 130 51 59 176 161 188 62 158 60 67 163 101 112 1 89 175 180 111 30 137 36 33 154 64 98 3 177 191 85 150 168 72 69 117 110 97 11 108 86 83 160 32 155 136 173 181 114 28 187 40 8 15 106 190 25 186 142 6 34 38 99 151 109 47 29 145 115 27 172 194 149 162 124 55 192 102 132 9 93 71 156 41 26 184 144 118 31 49 196 133 143 79 88 131 103 22 127 68 96 169 104 135 90 87 56 43 19 125 146 81 14 174 167 134 63 53 77 21 
12: 32 156 4 174 12 70 84 126 125 39 97 127 60 75 28 6 113 46 142 182 91 18 86 191 3 123 154 45 185 36 42 137 187 64 90 159 8 145 27 50 150 21 134 116 80 1 166 162 178 38 192 43 138 164 172 77 167 65 52 82 161 92 37 195 40 155 30 177 41 120 23 170 117 14 143 193 33 139 151 10 147 22 200 26 176 131 31 47 171 109 53 149 68 133 160 180 35 144 96 163 55 94 15 186 19 56 107 173 140 194 
13: 72 2 26 200 5 103 152 14 186 28 126 129 38 37 11 108 138 96 141 192 156 144 188 153 123 197 109 27 132 105 59 81 167 147 121 115 104 169 83 114 55 79 44 148 101 16 119 67 98 46 127 99 73 178 140 107 166 170 91 33 54 90 47 154 194 187 94 70 41 143 179 10 122 191 128 163 183 13 12 63 180 34 177 176 22 142 89 50 95 145 131 162 31 77 120 78 184 60 66 36 58 134 64 43 30 49 48 7 116 185 15 76 80 56 9 42 6 158 182 87 68 195 136 164 19 74 118 51 133 190 157 199 112 3 113 1 8 21 52 23 165 171 149 124 86 57 45 196 75 88 62 17 146 135 32 175 53 93 71 20 111 85 161 155 198 100 35 168 193 130 24 137 174 160 102 173 189 172 106 40 150 
14: 52 34 143 135 175 200 138 97 31 191 126 43 198 112 47 115 105 
15: 8 91 28 191 65 122 20 19 133 135 102 156 188 129 3 32 99 149 27 51 144 25 124 141 
16: 64 130 95 4 156 36 79 181 198 13 74 175 6 77 44 113 131 67 49 126 1 3 54 102 28 162 185 42 97 86 152 31 119 12 191 197 47 127 101 65 124 118 
17: 138 23 107 181 97 155 1 103 150 124 37 41 77 35 137 28 84 161 173 105 40 139 7 185 16 85 169 128 20 108 167 109 199 200 184 164 136 114 170 188 88 
18: 180 116 24 194 76 91 66 146 70 
19: 126 115 135 38 8 35 149 67 176 127 145 118 197 43 187 29 166 22 86 144 61 160 194 7 36 51 56 193 41 11 91 165 97 16 3 45 71 146 140 42 4 151 196 
20: 117 158 129 97 80 195 
21: 65 135 50 72 178 25 26 82 118 176 16 76 126 168 199 18 
22: 198 3 44 163 151 122 16 64 128 129 61 106 56 120 171 4 101 182 35 36 13 126 45 185 143 86 170 42 102 
23: 9 165 135 84 19 18 109 62 63 189 40 130 179 132 5 150 114 85 38 156 120 21 46 32 27 78 12 80 
24: 103 179 4 42 11 193 78 62 180 45 163 125 131 150 30 176 122 31 10 64 17 68 174 72 18 73 185 35 56 162 19 153 187 48 195 15 91 2 66 90 156 182 130 57 84 97 26 147 58 53 127 13 37 
25: 26 150 94 168 199 102 154 187 50 34 122 44 104 80 108 27 125 57 19 31 118 77 15 65 41 126 149 110 183 171 78 56 140 147 136 153 28 90 195 8 7 72 106 190 29 196 5 176 200 109 116 75 120 61 60 194 177 35 175 39 152 67 69 18 117 17 111 42 121 103 25 
26: 96 36 11 134 14 81 186 184 63 74 70 97 55 47 45 103 80 82 75 110 170 164 43 78 193 181 196 159 169 144 178 137 
27: 84 146 182 126 107 38 62 192 145 111 104 23 30 13 
28: 184 49 15 88 51 185 22 
29: 119 171 152 148 47 161 41 103 126 176 11 162 77 90 151 199 84 157 57 16 22 155 36 80 133 195 48 93 1 165 44 25 50 86 76 66 146 20 34 184 175 18 166 172 46 94 140 197 70 136 187 32 149 91 
30: 101 187 
31: 184 77 23 183 75 164 135 137 74 76 30 115 44 48 146 54 43 81 171 
32: 135 126 50 79 176 8 57 196 11 197 129 88 45 85 15 56 13 43 31 60 
33: 31 145 53 200 17 178 10 122 126 158 32 139 174 76 75 100 22 77 116 120 175 99 129 137 128 84 2 164 156 142 65 81 21 36 4 91 173 108 192 130 188 13 113 66 136 59 186 117 147 96 110 150 28 62 90 106 94 140 102 16 184 14 198 88 29 7 180 
34: 132 128 32 135 58 188 38 13 156 125 79 8 99 78 177 27 74 29 159 53 44 48 110 166 21 1 138 139 115 11 129 172 89 43 46 42 140 141 148 9 51 173 40 10 90 134 97 59 30 181 187 62 133 5 75 19 168 54 143 91 101 14 119 80 157 17 189 22 111 47 55 71 102 106 12 87 182 122 4 114 18 70 16 85 37 193 82 161 105 192 179 142 126 
35: 33 16 61 1 192 71 60 108 154 5 178 168 123 143 29 114 173 198 195 117 155 134 94 43 119 90 164 141 172 20 169 91 86 40 9 65 24 75 34 54 28 58 62 107 88 15 44 35 80 130 101 186 158 73 102 14 45 79 184 103 17 182 30 177 162 
36: 82 97 142 174 66 8 143 124 71 185 200 103 155 141 85 
37: 138 9 150 38 
38: 118 104 109 64 136 130 76 53 97 145 32 132 26 24 139 123 11 40 142 184 108 141 70 159 85 60 94 50 20 9 101 143 192 146 49 161 44 156 21 167 176 113 197 14 198 2 27 96 5 103 93 180 116 39 200 8 18 65 30 61 37 48 88 153 13 95 69 119 177 100 10 155 102 81 196 107 128 169 33 168 71 137 135 74 181 162 73 147 164 68 98 89 112 152 91 12 62 151 67 7 
39: 58 40 152 27 50 162 70 192 187 95 166 149 83 
40: 191 160 90 121 5 110 100 169 44 22 60 45 55 188 190 181 68 87 114 41 24 66 119 167 126 183 89 143 57 26 78 50 171 154 32 28 13 117 11 131 94 
41: 16 98 65 45 151 26 53 36 158 30 165 195 89 14 173 168 124 171 103 189 166 177 167 23 32 72 196 159 183 100 175 38 62 90 39 4 99 125 143 41 198 170 91 127 87 1 31 152 22 145 74 86 92 81 182 188 153 130 111 105 146 7 57 42 43 59 15 126 131 135 64 138 52 80 83 78 192 85 50 63 147 82 169 144 55 9 68 139 163 199 17 154 54 185 134 180 123 6 88 25 162 35 120 3 24 181 46 70 161 106 69 2 28 67 56 66 160 110 115 117 114 51 79 71 12 129 47 107 20 142 108 34 101 95 141 174 33 58 172 112 18 149 49 61 190 164 40 102 191 75 44 
42: 198 139 176 162 21 192 30 69 148 168 51 131 74 110 13 185 3 17 160 86 19 127 103 53 89 188 60 57 142 175 52 41 134 163 91 107 101 50 158 5 72 154 140 199 117 65 170 24 80 55 62 44 129 61 133 128 106 6 26 38 187 200 34 
43: 156 32 15 36 128 99 95 34 165 122 102 189 28 187 27 181 20 60 68 75 155 45 19 137 65 192 42 43 104 100 125 111 182 177 130 16 147 78 3 29 107 163 141 144 112 195 154 164 83 82 31 120 129 179 85 166 59 97 134 175 40 115 105 35 168 81 
44: 21 86 71 162 15 187 60 175 91 145 120 184 52 114 
45: 189 18 161 180 39 92 173 22 163 113 49 120 103 3 59 4 114 91 86 134 24 154 155 175 194 179 76 104 
46: 81 71 142 121 78 91 165 170 29 147 135 12 77 38 42 87 54 
47: 121 100 65 5 37 96 16 112 174 118 119 49 71 17 93 180 194 196 183 151 140 59 77 
48: 94 106 89 58 100 80 105 155 95 61 1 71 69 2 
49: 109 166 183 93 13 176 
50: 68 194 21 56 190 161 76 196 25 43 170 145 141 143 167 187 158 33 54 130 112 84 152 53 
51: 166 163 139 22 112 64 40 187 57 183 143 159 59 61 97 101 33 67 122 191 188 48 1 178 131 16 114 192 162 66 27 200 132 157 180 2 96 116 70 8 47 176 15 13 141 136 79 39 148 198 99 184 126 76 142 173 104 156 150 125 145 34 91 46 134 147 161 90 36 160 140 158 42 164 179 86 29 60 73 71 5 172 68 41 4 111 196 84 129 31 102 23 177 100 127 103 137 49 53 65 117 
52: 12 169 108 150 118 15 23 86 105 122 194 14 26 120 199 67 117 175 73 184 52 41 174 24 137 66 189 191 180 147 130 40 119 43 80 92 71 62 63 53 164 99 132 75 78 182 87 101 58 166 6 123 107 165 171 55 16 72 18 82 170 
53: 63 99 27 8 127 38 6 174 146 90 
54: 128 120 116 
55: 139 12 140 127 198 
56: 7 93 117 186 135 
57: 130 41 57 16 94 143 19 36 5 129 127 165 138 136 144 170 22 187 107 27 175 8 150 53 63 38 146 34 155 133 194 76 100 79 120 148 106 163 177 52 152 70 50 72 178 77 101 28 
58: 41 195 71 107 192 78 189 99 27 38 90 128 163 150 162 175 156 45 67 148 161 51 36 77 157 52 96 154 43 16 86 20 32 104 173 111 106 91 145 118 40 28 168 124 177 18 69 110 48 97 72 151 17 169 57 61 141 75 19 159 23 170 119 116 197 34 142 50 123 136 70 171 94 112 66 160 65 180 183 30 54 137 8 
59: 119 169 132 14 125 153 97 122 99 147 186 36 25 72 73 146 68 66 90 158 79 
60: 197 149 192 
61: 162 116 58 56 150 165 189 31 55 130 49 187 38 114 47 94 121 182 43 86 177 92 1 115 135 75 12 
62: 171 160 78 49 93 7 172 91 144 103 94 147 66 8 185 74 143 177 195 161 166 16 5 180 193 100 164 182 88 56 165 51 197 38 115 
63: 131 93 52 44 104 6 89 8 129 109 190 160 158 32 200 70 48 174 41 22 144 179 97 88 118 43 33 7 83 150 136 50 29 1 139 184 147 37 149 71 135 77 117 95 181 84 101 62 199 108 112 161 5 132 122 188 120 92 39 143 98 65 26 68 145 66 100 171 102 159 85 16 17 75 59 15 87 12 173 
64: 11 107 55 12 58 39 139 116 113 164 171 29 70 46 179 89 102 180 76 13 3 170 193 153 56 196 16 71 80 61 4 52 168 165 94 184 66 199 84 177 68 194 47 15 24 144 166 44 25 36 21 104 101 72 138 93 42 105 123 200 167 87 88 23 59 
65: 95 39 74 49 71 80 133 21 92 32 141 36 
66: 160 127 61 30 
67: 42 82 192 198 41 69 26 7 126 199 45 80 51 47 162 66 182 71 48 196 189 180 151 152 50 109 127 178 57 38 158 185 5 200 9 174 79 83 18 21 89 150 164 135 179 63 166 44 34 65 77 14 123 86 171 131 190 67 186 11 100 128 105 103 62 73 139 23 33 8 142 147 3 24 84 35 76 91 160 15 28 118 36 70 99 78 60 27 145 114 17 12 29 143 167 54 31 165 43 2 116 87 133 88 55 148 156 110 30 58 138 191 102 4 32 157 195 183 159 122 161 115 136 121 141 74 134 39 97 16 13 170 106 75 149 163 108 
68: 113 72 75 144 174 155 43 97 116 176 138 157 136 200 102 150 193 57 158 38 88 106 109 28 161 70 142 186 13 21 170 73 49 135 137 83 187 20 139 196 152 44 11 3 
69: 139 29 
70: 121 131 194 183 33 2 172 185 158 143 91 39 177 73 130 8 3 105 4 115 88 99 62 78 110 81 83 47 191 53 103 154 133 46 189 50 129 157 101 134 132 179 163 69 27 197 9 123 137 176 141 119 7 74 135 164 117 198 80 149 178 152 70 59 5 61 195 147 
71: 74 51 150 172 129 22 121 175 47 187 99 183 
72: 17 101 107 182 139 187 123 27 36 168 109 21 68 131 125 166 181 144 116 23 55 8 38 4 89 194 146 
73: 45 159 118 74 163 131 70 99 124 150 164 126 69 76 31 125 190 6 148 29 102 82 33 96 78 110 38 167 183 87 21 97 
74: 98 91 77 109 8 28 72 180 43 117 176 6 47 17 65 14 167 182 24 55 144 134 15 168 142 141 115 31 97 105 152 147 75 88 112 26 21 7 46 137 102 84 
75: 98 154 173 92 10 22 38 100 186 184 50 133 63 77 55 93 200 75 16 35 42 151 91 11 146 28 31 68 116 106 1 137 114 69 85 130 9 24 21 161 138 76 107 187 58 177 104 70 117 17 60 82 181 78 128 143 123 
76: 172 154 125 108 120 48 56 101 33 13 178 24 195 87 121 
77: 19 79 158 
78: 129 27 52 
79: 92 120 40 181 170 25 122 35 139 133 78 36 93 163 82 165 121 164 87 182 57 179 98 
80: 5 122 
81: 177 19 68 2 54 35 14 12 144 114 149 47 100 122 50 41 178 89 180 46 101 98 179 6 164 110 81 139 5 106 140 102 62 187 84 103 141 53 105 167 57 26 33 109 186 31 108 191 170 49 160 58 10 38 30 120 168 95 172 44 88 119 195 28 90 40 83 9 55 74 155 182 153 21 42 97 142 16 17 25 113 123 184 1 175 117 198 64 23 146 36 20 150 43 174 147 165 104 29 116 11 27 77 135 158 128 32 131 185 118 61 133 8 3 67 138 96 75 34 70 4 176 72 66 24 193 91 18 15 143 188 112 92 163 127 82 200 
82: 121 194 57 112 12 161 171 30 65 114 123 125 193 109 197 93 71 39 146 35 177 66 160 11 42 101 69 25 98 45 137 23 99 49 185 188 195 89 90 54 80 184 113 127 158 200 111 43 106 152 94 61 16 87 13 68 18 17 62 8 24 31 159 7 183 107 50 29 6 83 67 163 130 
83: 154 177 62 22 48 151 1 58 85 168 164 42 66 153 128 140 148 30 75 113 50 106 10 86 105 71 149 45 130 17 126 74 23 
84: 167 98 60 112 137 130 82 56 125 105 115 129 146 159 17 71 99 42 191 86 126 190 57 149 116 101 74 102 106 136 128 39 113 162 2 199 80 79 111 193 41 1 100 104 85 192 183 168 164 4 108 177 38 107 40 18 48 14 171 109 150 54 122 65 93 47 46 181 16 182 29 21 114 24 28 175 19 92 7 52 196 153 43 134 138 63 147 169 66 170 11 165 163 
85: 96 112 144 44 7 74 6 181 3 16 170 103 26 193 78 113 69 125 192 196 67 148 81 82 12 90 49 23 128 46 39 40 162 167 182 161 43 54 38 93 130 17 119 153 59 66 188 129 184 105 30 142 118 58 22 135 146 34 191 171 15 101 85 149 5 141 20 36 2 155 42 41 79 178 131 116 60 164 63 175 165 92 37 109 151 80 152 86 124 61 120 51 
86: 96 93 190 84 170 179 141 69 131 121 143 167 156 
87: 41 64 191 133 174 26 117 30 88 42 139 27 128 126 129 188 179 101 
88: 69 86 42 139 8 184 51 83 46 56 146 94 55 1 25 132 200 115 188 59 116 145 47 52 6 165 78 74 160 30 82 22 136 137 138 67 44 12 134 166 13 163 155 169 97 131 175 180 148 125 195 68 147 19 62 
89: 46 170 79 24 100 17 148 141 50 28 134 32 33 63 2 169 95 104 158 149 200 11 160 36 67 5 70 6 121 47 91 83 120 133 81 132 97 99 98 42 92 185 157 39 
90: 152 6 100 11 36 121 123 189 43 19 118 185 136 179 194 161 57 196 5 58 16 184 176 9 
91: 49 70 79 172 176 25 85 139 41 158 80 51 68 
92: 186 34 78 147 144 158 93 139 159 148 175 33 11 
93: 35 187 51 119 169 76 138 148 11 173 155 98 36 167 171 127 174 101 47 20 
94: 147 108 157 39 88 169 156 123 65 86 163 1 54 40 82 138 144 128 170 7 103 127 89 6 122 139 186 55 166 146 135 35 168 53 153 129 52 111 125 160 50 143 191 32 112 134 27 66 165 145 200 120 162 91 175 58 188 
95: 98 14 11 6 22 41 64 29 122 147 105 165 99 101 125 45 74 142 71 63 26 24 117 158 83 115 37 143 186 118 123 66 
96: 194 168 183 162 191 129 143 102 98 141 195 42 72 120 190 107 69 46 13 15 151 192 147 173 152 5 91 198 11 97 74 58 65 127 99 55 113 8 17 199 153 68 40 111 59 177 60 66 110 67 185 157 161 119 19 139 176 88 130 189 182 144 179 73 23 70 122 39 188 158 10 1 124 149 175 87 80 156 171 108 53 18 34 121 50 150 187 41 140 193 131 3 6 49 196 142 62 197 184 
97: 65 
98: 172 74 5 157 128 71 133 28 65 104 137 112 43 164 41 178 51 68 184 31 
99: 173 95 74 101 148 29 119 156 147 57 20 191 181 19 135 10 183 92 189 111 40 81 49 103 139 75 59 104 100 13 197 179 53 196 138 187 142 7 41 164 52 33 12 24 46 93 1 133 72 110 58 30 55 113 144 78 137 128 51 64 76 80 178 25 122 161 18 88 159 82 50 
100: 136 179 13 180 47 197 102 30 29 32 37 42 112 83 170 190 
101: 24 128 63 79 2 19 165 111 96 38 8 14 142 122 123 120 92 131 107 199 167 163 144 168 151 56 12 152 51 55 103 182 188 64 83 156 77 91 116 171 189 158 164 166 10 112 9 44 27 162 23 85 181 160 94 98 109 41 26 72 132 17 124 43 21 140 3 67 18 101 161 145 22 196 40 102 108 20 46 106 48 73 187 180 81 146 136 119 89 139 4 15 88 5 104 95 13 175 34 87 35 1 37 69 29 114 176 99 49 141 192 58 93 31 178 
102: 125 20 3 88 79 126 57 130 46 120 22 38 190 107 8 52 167 184 136 30 58 181 118 112 139 14 161 76 18 32 194 109 9 145 152 116 60 113 151 124 49 159 84 165 199 157 81 69 137 43 34 61 187 17 1 6 147 117 63 114 78 160 173 158 86 36 127 178 150 189 97 83 140 82 122 71 75 172 163 103 183 95 115 11 74 143 4 51 171 148 77 132 182 168 12 186 146 29 26 195 68 200 7 64 133 47 
103: 28 159 
104: 25 42 27 58 171 194 55 69 151 181 
105: 193 64 93 196 136 34 39 30 119 88 94 139 198 18 6 21 122 3 183 123 168 82 144 19 67 140 99 195 117 180 110 163 25 55 23 45 113 4 35 48 53 38 37 106 16 70 65 20 186 27 83 32 127 71 187 148 200 43 178 159 135 153 26 85 181 73 169 24 160 8 194 41 166 112 149 56 179 69 126 191 199 36 174 92 75 80 12 165 78 150 125 175 185 96 59 157 171 176 76 63 
106: 9 70 67 190 14 136 84 170 162 175 75 109 17 115 156 146 110 105 180 198 8 192 97 25 157 53 94 51 50 114 152 126 27 128 187 2 135 45 62 191 11 163 139 89 80 32 159 36 168 30 90 130 46 38 151 125 148 85 155 178 47 13 112 29 79 59 194 188 92 49 21 181 39 55 76 165 98 144 96 91 40 186 167 138 48 169 104 129 131 73 193 111 119 87 143 127 57 154 122 44 82 43 108 83 150 173 3 160 161 86 52 118 33 189 100 149 142 23 31 103 58 19 147 184 174 124 64 77 199 61 182 69 195 4 137 117 134 113 81 78 200 18 72 71 179 37 5 24 7 22 196 153 15 20 93 166 123 54 121 102 26 65 74 56 101 95 68 28 6 10 140 141 88 145 107 183 176 185 42 66 197 
107: 82 123 129 81 154 133 60 3 67 146 59 155 68 151 
108: 1 193 48 93 60 190 174 112 194 98 32 59 3 140 86 36 73 20 121 142 22 131 57 182 199 7 95 72 43 89 28 42 156 110 145 198 102 104 139 192 170 111 100 115 126 130 12 149 38 45 
109: 144 196 102 188 99 
110: 33 28 116 60 126 178 184 15 185 114 102 30 92 69 187 63 111 146 189 66 7 76 101 21 84 137 138 129 145 86 16 91 41 104 120 87 107 11 99 174 180 130 164 118 140 167 199 106 81 75 181 200 83 173 77 5 18 177 94 39 10 67 160 79 143 172 154 163 176 119 149 147 9 89 183 85 4 20 124 182 166 26 37 46 112 82 3 62 136 45 110 32 
111: 16 71 59 10 57 170 181 97 144 76 37 188 136 31 132 43 152 81 52 193 1 4 
112: 20 118 74 184 199 193 7 13 66 28 81 181 63 37 152 6 56 92 48 71 96 173 147 9 165 5 195 68 86 
113: 6 74 68 108 189 138 192 71 172 200 59 117 140 170 143 62 124 164 67 91 184 73 90 160 165 84 31 152 56 113 179 141 69 102 2 27 122 147 48 158 52 128 16 132 7 30 111 19 175 169 32 115 142 110 8 47 98 14 65 45 79 106 40 10 167 97 177 195 109 77 114 36 130 23 125 63 105 190 104 12 42 139 75 176 166 61 21 107 188 81 144 148 5 17 60 118 126 101 20 187 44 121 145 137 185 153 99 11 100 193 146 198 29 70 136 127 89 180 38 183 182 13 157 54 154 96 24 22 162 131 120 35 50 197 135 88 93 149 191 134 156 37 199 4 194 64 123 103 161 80 94 155 196 86 49 119 129 83 25 133 151 46 173 51 66 82 78 116 53 76 1 178 34 15 95 159 33 39 87 55 171 150 3 168 112 9 58 163 85 28 72 57 43 
114: 187 101 191 
115: 188 29 97 96 44 76 90 34 59 61 53 182 65 195 57 68 41 42 19 164 140 160 130 198 20 146 122 72 111 3 9 23 52 45 154 
116: 69 56 139 8 136 18 129 151 88 39 1 172 68 185 111 
117: 193 27 4 81 130 60 161 172 174 147 70 191 47 175 69 36 106 125 89 181 51 44 37 185 50 53 155 180 97 10 119 142 65 29 196 42 186 8 5 187 92 88 110 150 166 158 137 43 30 77 35 75 80 25 107 99 159 61 170 199 3 57 38 21 190 134 116 112 171 183 122 20 184 2 115 48 78 195 197 127 140 59 55 121 76 33 85 200 13 41 165 58 6 169 24 
118: 182 75 64 51 37 141 131 47 93 110 89 134 146 157 21 49 40 162 16 42 119 13 63 158 147 44 81 172 50 125 121 78 176 86 163 3 128 177 99 9 173 1 41 85 60 25 191 136 174 69 154 152 46 2 170 166 39 187 167 127 123 132 54 115 17 29 10 161 30 122 165 84 33 4 22 34 23 139 120 196 83 100 72 197 112 178 186 11 151 129 160 184 199 66 71 105 113 189 14 126 144 19 91 92 27 97 195 82 56 8 156 52 142 70 155 36 12 28 137 77 175 
119: 146 197 34 67 120 193 135 172 126 171 149 98 109 57 128 71 176 119 20 121 58 101 24 159 154 12 122 27 1 62 18 195 178 86 22 181 104 152 188 91 160 84 148 111 129 
120: 146 160 147 162 195 170 38 116 109 180 135 41 91 19 57 119 161 71 51 55 179 103 133 1 140 98 157 21 143 70 182 28 138 
121: 2 169 128 27 117 45 177 96 76 124 16 60 155 14 68 119 152 89 
122: 128 16 149 135 159 197 83 68 153 53 47 41 58 29 161 131 62 178 143 89 11 70 61 71 38 10 87 91 174 14 75 116 122 194 6 50 43 8 166 196 146 175 187 188 3 25 13 184 63 132 101 157 66 195 139 60 123 133 154 84 162 2 36 138 28 72 127 108 177 69 42 94 97 145 
123: 116 143 32 97 59 60 61 131 90 102 42 54 4 151 33 159 132 154 176 26 168 56 121 55 162 146 141 9 12 18 45 169 124 101 53 136 163 111 11 177 25 28 173 37 51 19 20 34 88 104 142 10 39 29 47 109 129 17 148 52 108 198 15 120 31 195 67 192 114 200 89 76 38 49 40 
124: 200 37 83 103 149 120 180 104 46 35 32 181 88 163 139 115 172 199 102 112 137 126 198 16 53 150 24 188 133 22 20 160 75 144 157 65 145 167 79 29 177 146 44 194 105 43 101 135 15 131 55 95 89 119 21 195 78 176 174 23 191 196 67 132 152 162 193 173 100 108 5 184 27 169 117 165 9 52 166 69 59 12 82 110 99 76 
125: 178 181 155 67 
126: 135 188 92 123 151 46 144 10 9 50 6 69 192 182 
127: 11 133 197 62 94 39 101 52 19 168 68 53 182 49 120 22 199 
128: 114 186 145 147 177 
129: 72 194 128 1 9 100 175 143 86 182 126 111 7 136 145 80 200 47 186 14 26 24 68 129 2 167 153 46 35 20 118 42 154 23 70 113 27 191 61 183 180 93 51 98 32 3 30 142 107 17 188 120 165 152 60 96 189 148 199 109 190 50 161 41 122 78 67 97 121 144 159 71 40 58 82 45 79 15 34 171 59 54 119 166 65 13 37 106 169 8 77 160 22 29 12 123 105 164 162 116 192 187 33 179 43 6 11 62 69 4 132 88 56 184 196 102 108 138 115 38 141 168 146 21 158 48 134 103 125 53 52 149 117 16 92 84 127 39 19 174 131 139 157 150 163 99 177 110 195 10 28 172 178 81 85 18 44 90 55 112 57 83 133 74 156 49 197 94 101 193 170 173 135 104 63 64 114 73 155 31 140 87 25 91 124 
130: 174 
131: 42 24 131 165 180 63 64 
132: 99 122 23 47 156 119 25 9 31 75 97 164 53 59 184 136 52 112 58 132 72 84 61 191 115 152 139 82 81 129 107 108 17 109 147 160 
133: 72 136 38 3 15 37 92 153 20 181 179 29 192 142 8 180 140 108 31 41 
134: 119 21 197 120 180 82 158 13 41 9 174 87 128 29 4 50 125 
135: 19 186 191 147 141 14 152 31 185 188 59 49 155 95 148 63 102 105 57 115 157 124 32 156 30 27 
136: 71 150 67 122 147 86 186 73 
137: 119 136 61 31 4 165 135 176 155 89 58 117 153 180 109 37 177 193 59 26 195 24 30 111 105 77 45 183 6 161 36 78 120 83 175 27 70 164 
138: 157 100 
139: 196 106 61 132 152 181 58 104 39 115 64 23 10 95 92 30 161 54 135 139 4 69 145 5 167 171 75 21 18 199 168 81 67 1 176 26 99 32 44 102 122 189 124 180 73 88 158 17 40 45 165 197 52 177 59 187 137 126 193 143 198 175 71 31 192 101 146 190 6 151 173 46 19 20 149 53 163 136 42 28 120 100 12 123 195 15 76 164 90 157 
140: 46 143 86 192 63 110 58 112 198 199 4 62 21 36 170 123 15 87 72 106 132 96 
141: 47 195 97 58 43 142 81 106 38 20 8 184 36 14 
142: 1 178 44 179 101 126 46 90 12 48 28 62 112 
143: 67 119 49 151 174 31 21 73 141 193 129 102 13 54 98 148 
144: 116 35 152 
145: 27 173 62 67 77 40 9 132 19 130 73 42 91 10 
146: 156 146 17 115 79 7 112 187 155 1 107 110 60 18 164 173 126 29 37 188 9 128 183 137 30 162 48 109 
147: 162 177 80 41 32 40 101 81 43 111 117 73 86 16 
148: 151 39 175 168 147 69 56 194 198 8 125 177 161 124 7 98 139 113 74 
149: 175 103 17 161 86 193 184 14 198 93 136 77 124 120 152 106 146 4 173 141 90 109 68 169 80 48 95 167 168 8 148 117 195 87 75 30 28 163 2 158 53 127 111 185 153 37 40 76 60 32 72 107 39 41 137 23 25 171 100 187 36 154 46 200 85 38 140 132 92 134 58 190 131 
150: 128 2 117 81 112 72 
151: 147 138 13 132 
152: 178 143 69 52 135 128 123 12 124 7 84 105 15 77 26 78 17 141 93 51 79 46 179 19 14 191 200 112 155 132 63 59 70 80 100 188 149 103 186 55 152 102 27 166 97 23 172 121 3 173 118 49 9 40 35 101 171 37 39 29 64 4 28 25 127 18 58 147 74 182 125 137 193 8 98 76 157 99 168 38 89 65 190 68 116 119 32 71 61 160 181 176 36 48 156 104 167 53 60 184 199 96 140 82 50 45 107 42 136 5 92 6 108 81 87 162 115 170 86 138 21 109 195 95 165 91 174 197 177 110 113 117 54 163 120 33 85 185 
153: 165 51 82 8 23 189 111 142 99 11 50 67 106 166 152 148 6 25 182 45 84 77 46 66 69 133 126 22 19 127 72 149 195 191 89 176 105 79 39 43 97 80 30 130 47 168 36 52 155 143 2 134 132 48 123 129 118 31 44 58 71 125 90 1 151 196 93 119 175 7 29 101 198 128 10 63 188 159 162 174 17 135 193 86 100 122 141 158 113 76 13 179 28 55 53 98 194 136 21 170 167 85 117 200 197 12 20 75 42 
154: 8 174 91 170 139 190 18 31 19 72 181 55 14 184 74 82 168 191 39 142 4 65 138 113 156 144 140 52 175 95 
155: 139 104 15 161 
156: 175 178 7 180 193 92 118 189 186 169 128 155 22 36 31 46 50 17 177 167 56 188 38 97 142 170 134 80 165 105 71 150 138 54 147 68 15 106 140 35 84 24 62 65 157 83 47 137 103 39 73 87 37 184 198 136 107 
157: 189 153 70 39 90 86 174 194 145 48 88 59 24 137 166 31 60 165 185 196 75 27 136 57 162 123 66 138 51 133 158 187 170 163 16 93 132 23 198 135 186 143 111 106 62 68 113 112 179 73 50 107 121 188 52 195 200 43 53 115 139 
158: 75 172 166 116 174 130 15 69 62 198 31 57 158 162 3 180 94 9 71 103 106 
159: 42 147 167 31 154 73 52 133 160 71 162 156 187 91 183 175 197 145 56 136 39 54 169 168 141 51 134 109 100 28 78 8 149 45 189 103 
160: 22 131 99 49 115 26 170 60 173 147 125 103 63 25 35 177 138 53 184 123 89 98 106 127 166 41 191 54 72 70 197 155 180 140 79 58 30 187 151 110 
161: 165 137 42 166 113 10 103 54 183 161 142 120 139 38 17 191 163 18 45 77 63 172 60 25 65 81 96 35 37 192 159 44 150 89 187 4 1 16 58 83 91 168 
162: 88 63 177 48 6 132 123 165 118 30 136 122 105 78 72 49 184 134 36 32 34 109 148 59 198 187 12 173 162 67 104 159 197 42 28 155 164 152 142 14 124 83 92 99 185 35 27 95 9 91 138 114 189 191 116 167 133 41 101 108 163 44 169 100 58 140 128 
163: 9 36 146 41 91 168 143 155 197 38 159 169 48 94 47 180 52 21 181 27 138 139 73 156 128 62 184 170 191 154 40 189 92 178 195 45 118 193 55 
164: 101 142 107 174 104 11 86 25 183 180 84 96 144 
165: 49 72 57 15 79 171 69 85 93 36 115 169 33 199 87 125 152 21 83 131 198 18 50 98 90 42 24 179 88 194 192 197 68 56 54 195 23 35 183 26 123 63 109 162 43 139 141 134 189 
166: 172 116 127 120 
167: 91 130 63 36 127 112 59 168 102 70 76 79 106 198 200 135 33 5 8 24 68 182 107 180 100 26 92 166 155 152 40 80 164 144 165 12 31 10 142 
168: 137 165 172 192 190 81 155 183 92 72 194 112 97 45 150 103 84 38 186 20 146 54 113 1 
169: 47 74 127 153 87 13 155 95 20 133 89 93 174 34 69 3 26 113 115 122 195 144 109 75 184 120 197 143 28 100 159 180 92 140 136 
170: 95 45 189 3 87 182 94 81 89 116 98 75 58 9 72 16 62 65 97 73 179 195 24 100 32 109 118 127 193 56 192 140 134 196 131 51 15 185 18 99 177 64 43 115 55 188 86 6 160 171 187 190 103 143 128 175 78 67 60 17 76 147 2 21 154 170 27 122 54 129 169 107 141 125 162 82 47 186 106 23 167 173 108 84 22 10 83 1 36 184 13 19 112 79 30 158 145 149 121 168 70 42 68 148 130 178 61 40 110 151 39 69 92 144 164 90 14 96 85 117 153 
171: 166 46 184 56 29 15 
172: 62 116 132 13 181 51 130 72 173 15 6 
173: 192 39 86 91 52 199 77 23 196 186 82 81 120 32 105 161 7 153 50 172 
174: 198 20 82 137 125 181 81 191 93 96 109 144 52 182 50 121 77 128 130 94 170 134 172 43 11 34 147 113 
175: 104 109 121 179 182 134 111 69 88 169 83 60 63 72 76 78 115 165 79 47 2 62 66 198 112 32 186 59 123 124 102 141 171 26 116 39 157 7 68 20 178 173 110 85 200 188 53 189 122 29 103 40 100 133 93 51 139 126 34 4 61 151 89 167 31 187 181 127 129 183 13 57 23 196 74 135 45 52 130 6 8 132 140 
176: 173 194 197 87 61 163 38 115 28 26 110 118 148 11 15 51 170 193 
177: 115 120 122 157 71 14 39 22 183 4 20 182 89 50 145 126 98 110 73 174 152 42 6 158 164 159 46 176 121 192 37 65 140 62 131 154 163 8 44 32 173 2 77 52 117 29 83 112 116 87 33 7 184 53 165 
178: 162 11 31 174 192 40 155 165 143 169 193 28 72 64 34 130 145 188 127 62 35 90 33 
179: 192 150 167 145 76 5 187 67 51 116 111 169 42 90 89 107 162 165 106 176 196 11 39 59 35 191 81 103 194 200 132 108 158 48 157 27 179 166 80 58 
180: 146 62 104 163 118 68 192 78 74 158 85 113 100 137 79 125 114 66 174 200 98 50 80 197 199 57 187 88 35 37 10 90 105 147 141 173 142 127 109 29 182 53 185 135 1 82 72 159 154 123 128 108 183 46 36 81 130 43 156 134 76 5 18 179 126 181 3 55 191 117 30 116 110 140 103 15 94 70 153 184 44 52 40 132 150 198 131 122 24 106 164 107 75 160 196 16 195 93 
181: 70 187 8 100 46 164 169 37 194 179 
182: 13 60 184 193 133 61 142 144 46 15 54 190 194 44 160 152 33 173 1 56 179 130 29 84 94 200 5 170 172 3 38 192 115 23 53 28 73 178 167 
183: 79 37 29 177 49 169 101 28 107 157 83 159 91 199 149 70 168 63 58 95 200 25 4 144 143 50 134 
184: 13 74 154 108 15 103 153 61 42 121 31 162 116 89 150 60 41 19 193 98 104 3 173 168 174 198 81 122 111 135 71 
185: 123 126 111 2 83 9 198 125 130 75 79 57 23 108 16 27 151 89 69 97 33 84 110 133 1 36 173 116 188 178 120 80 137 152 164 70 14 52 13 53 45 136 186 160 72 34 154 85 161 74 109 138 169 35 179 132 91 189 67 146 118 96 8 174 56 3 187 24 11 143 
186: 106 38 10 168 132 115 138 178 101 32 60 162 129 194 175 108 131 134 112 93 70 69 
187: 183 22 181 135 45 106 152 15 196 86 36 119 32 69 151 61 138 5 65 85 154 170 13 122 180 87 
188: 25 91 132 173 136 149 144 33 16 177 19 
189: 17 54 28 140 85 133 72 110 106 31 127 153 53 139 194 59 95 79 92 22 78 190 174 27 135 19 39 172 162 45 109 158 36 12 25 199 23 43 29 144 69 182 105 165 13 141 177 115 99 132 150 118 51 38 55 188 47 114 56 7 8 134 119 64 98 87 91 42 20 169 96 155 137 103 88 124 173 121 128 157 138 171 170 62 34 178 187 126 63 100 15 168 179 151 1 192 65 4 82 186 
190: 167 188 1 154 69 99 118 12 88 139 165 160 77 119 163 65 96 107 138 83 173 140 150 170 41 33 112 120 53 2 185 82 87 155 149 
191: 19 161 114 1 183 78 7 59 128 127 52 68 61 85 175 145 6 9 62 167 53 165 5 187 174 25 143 35 
192: 37 20 10 36 152 28 64 138 67 97 120 111 12 98 40 169 14 155 195 121 50 24 124 159 178 19 108 93 109 62 147 166 
193: 5 190 13 170 195 91 168 87 68 153 30 57 37 26 137 60 177 128 200 152 23 4 2 19 116 33 175 106 105 198 100 138 135 111 148 82 73 167 86 85 104 101 154 70 47 173 51 118 66 131 90 25 172 120 158 146 127 15 180 197 81 126 61 102 143 64 89 133 42 194 113 65 27 83 164 171 107 189 48 76 151 140 10 12 149 14 78 46 29 123 150 182 169 142 11 185 6 186 38 178 103 21 16 165 7 43 84 136 188 181 31 67 134 157 187 155 
194: 100 118 22 16 145 119 171 68 91 53 26 108 101 36 112 183 37 151 44 154 17 27 13 1 121 149 64 194 66 136 166 48 
195: 181 46 85 95 138 128 68 152 20 164 102 61 112 54 150 73 116 15 91 126 94 117 47 127 78 
196: 94 62 31 150 41 48 102 152 196 117 14 5 119 161 118 6 12 188 104 40 57 182 33 167 132 193 114 34 190 192 195 140 100 115 146 3 174 157 171 127 130 136 23 68 166 69 147 99 64 173 71 200 70 106 123 131 163 159 97 138 20 50 76 38 121 189 91 151 17 87 54 60 105 82 
197: 48 68 22 195 32 174 133 183 6 167 92 
198: 149 74 117 193 144 108 92 112 110 189 21 25 63 4 152 168 40 84 31 48 7 134 43 57 123 20 138 93 100 55 28 169 147 2 145 186 69 73 131 161 5 39 136 143 139 150 9 178 44 190 1 148 160 64 182 51 159 197 67 79 171 16 42 164 104 99 68 141 32 137 170 124 45 118 6 35 192 41 83 8 50 127 89 72 101 66 70 177 65 155 191 194 146 122 23 109 75 173 129 114 90 3 116 87 132 196 156 105 183 175 85 88 86 120 113 157 80 26 78 37 46 29 140 94 119 121 199 36 49 47 126 24 76 12 102 11 30 77 185 95 151 167 125 133 106 184 158 176 128 96 153 56 
199: 86 52 193 113 108 20 179 3 164 184 125 48 115 92 146 160 76 120 41 128 111 127 28 58 71 57 67 109 24 46 149 200 42 49 7 93 17 
200: 85 101 48 20 49 29 75 



Updated preference list above: can be reinput into program.
Duration_ModCreation_milliseconds: 607
Duration_GetSolution_milliseconds: 11
Duration_CollectRes_milliseconds: 0

RawResults: 
168 48 68 111 7 172 38 58 90 145 92 61 27 141 171 147 199 21 188 93 11 28 83 117 25 4 135 57 69 66 98 110 178 42 191 65 24 37 89 123 133 153 113 41 108 1 102 194 6 99 85 78 50 46 163 198 5 179 64 32 9 88 105 131 97 95 125 91 186 18 184 150 136 148 200 124 47 195 59 23 43 196 39 74 36 112 187 17 121 53 29 197 180 40 154 140 73 79 109 138 87 22 159 45 14 158 156 67 146 160 116 142 174 44 62 54 51 16 10 166 76 80 75 129 134 34 2 162 119 82 149 151 8 183 56 169 26 120 157 175 15 167 185 164 122 72 70 143 190 13 107 144 170 115 193 86 139 77 103 132 155 35 84 137 177 192 182 161 3 52 31 173 63 130 118 49 128 101 181 33 104 126 71 96 152 189 30 94 165 100 114 60 176 12 20 19 106 55 127 81 

Duration_Total_milliseconds: 2214

exitCode 0
code/Main_GS completed
