200
1: 159 133 51 93 136 46 8 125 10 142 76 129 41 72 43 174 38 7 30 135 22 95 186 177 167 163 62 181 65 172 40 14 198 
2: 71 69 168 163 191 199 62 104 193 177 74 129 142 64 178 134 108 18 111 54 76 93 31 96 68 132 151 138 70 159 79 87 100 15 11 118 1 116 
3: 50 73 129 153 134 45 178 140 56 90 186 76 167 19 110 117 163 131 14 82 37 1 53 106 159 23 184 16 70 172 36 155 41 78 38 69 93 157 
4: 125 65 45 11 181 93 199 69 163 51 193 73 59 178 44 153 159 142 168 78 14 17 179 82 174 173 20 134 128 
5: 11 95 79 31 151 181 86 168 54 167 76 163 67 138 126 178 128 73 147 59 14 13 200 132 36 1 199 182 192 43 26 172 63 
6: 198 140 104 125 153 82 131 98 117 175 148 118 179 123 163 155 17 165 4 156 178 172 39 43 65 110 126 
7: 55 136 11 76 182 44 79 186 74 15 7 52 159 53 110 177 95 89 134 99 26 142 43 100 138 155 111 153 173 
8: 60 193 9 142 93 147 194 15 95 14 153 45 175 26 172 73 90 196 156 69 21 134 138 155 46 178 
9: 162 7 62 148 69 134 109 16 159 11 126 197 76 177 93 56 15 59 153 131 79 163 110 142 95 181 14 168 
10: 133 2 126 186 104 56 181 43 100 197 54 101 16 182 134 46 178 36 115 163 85 172 136 157 111 90 24 91 117 153 
11: 39 117 177 119 104 163 167 184 178 78 14 128 18 85 13 138 126 131 27 134 146 26 137 181 172 156 148 130 69 159 22 129 153 125 105 70 79 65 147 110 150 
12: 49 172 100 199 112 163 136 122 90 153 45 104 28 132 8 134 135 167 47 143 14 17 140 43 117 7 182 91 159 2 175 144 179 64 79 73 178 
13: 129 136 93 72 159 76 181 153 90 178 73 7 177 184 144 191 14 79 193 81 117 146 172 44 89 163 188 80 43 118 179 15 107 70 99 182 138 45 
14: 177 18 66 89 140 104 183 2 159 65 31 184 69 82 131 40 106 154 97 181 194 136 125 16 76 198 59 122 156 71 153 93 7 39 172 
15: 77 117 15 14 30 153 181 56 177 103 165 21 159 118 79 143 110 163 175 38 126 54 127 138 18 197 184 58 135 194 22 178 
16: 114 11 96 34 104 188 76 53 140 153 178 132 31 175 68 163 199 73 82 187 10 14 29 168 111 134 194 18 177 43 
17: 26 163 175 182 156 178 48 124 137 21 68 18 153 86 138 174 6 45 30 159 35 15 150 16 43 110 96 46 11 172 134 
18: 179 83 78 157 140 148 132 36 156 45 153 137 61 15 125 182 34 76 26 109 181 11 79 133 14 66 122 134 43 93 95 138 
19: 42 36 95 197 132 62 142 55 53 56 70 91 87 172 22 125 93 129 163 193 18 69 82 64 182 117 31 16 178 131 73 
20: 29 168 182 129 172 44 111 167 8 131 43 177 110 66 74 54 26 69 53 48 154 46 138 80 78 153 79 71 156 163 142 178 117 193 23 86 88 
21: 84 7 28 181 134 153 82 93 14 69 168 182 11 31 155 156 120 15 104 197 116 129 140 79 76 6 131 149 159 194 160 165 17 174 68 
22: 17 14 134 54 127 26 40 120 151 174 18 117 153 25 82 103 131 90 11 136 79 159 148 63 172 198 45 61 36 88 75 46 73 116 56 163 
23: 140 95 45 132 117 66 82 116 56 14 172 28 136 76 156 43 173 179 137 182 26 60 199 142 16 159 
24: 36 149 111 54 186 80 78 104 114 65 126 133 172 45 110 185 31 140 97 62 182 159 151 16 51 163 14 142 79 100 193 96 153 74 
25: 156 148 37 149 159 16 129 14 182 15 43 132 66 78 60 93 196 135 117 40 22 39 172 194 99 116 189 29 163 89 199 75 178 70 131 128 174 167 186 
26: 152 29 178 81 133 135 134 163 24 105 7 132 153 119 159 156 53 157 155 68 140 181 138 167 129 89 4 1 193 117 136 46 111 18 182 137 73 14 78 
27: 80 197 74 14 173 18 26 177 128 71 82 11 73 90 163 132 35 62 126 100 142 109 159 69 45 138 194 104 36 76 153 23 140 16 89 
28: 134 16 60 43 7 189 23 118 153 15 76 156 163 26 168 116 54 22 79 136 144 36 155 17 18 93 37 14 177 173 29 
29: 127 155 116 194 32 146 24 43 178 54 73 14 182 53 199 18 117 9 118 159 93 66 197 62 200 168 153 
30: 35 39 69 56 43 153 160 15 22 16 14 163 73 182 86 44 150 59 178 134 54 66 146 172 
31: 82 53 122 137 24 56 62 59 125 159 35 73 26 126 118 140 15 23 163 100 153 173 45 193 18 54 199 14 123 46 76 72 60 
32: 9 26 173 43 79 138 183 126 181 152 11 13 193 117 150 33 46 119 90 82 64 135 14 104 163 53 54 40 45 83 88 182 172 
33: 105 95 24 14 45 26 149 36 59 186 27 140 68 177 78 194 76 3 30 153 111 119 167 184 18 123 181 5 199 166 15 28 43 54 56 197 175 172 11 126 
34: 43 74 85 82 167 107 159 64 108 163 45 186 199 178 134 22 95 168 26 53 54 181 38 149 78 189 173 130 142 18 138 9 14 184 126 90 154 136 70 89 
35: 103 11 138 199 9 159 64 22 163 59 126 167 181 134 18 142 177 43 151 29 111 104 41 131 155 8 24 137 132 157 26 
36: 181 85 7 60 134 1 151 188 53 66 45 95 22 167 69 138 186 174 104 129 43 136 93 149 140 199 133 108 8 55 116 
37: 56 152 125 44 86 84 168 43 178 16 159 176 200 17 96 12 78 179 172 154 134 111 69 95 163 
38: 28 126 134 105 163 138 129 132 98 136 175 130 172 198 10 95 91 45 165 69 43 99 182 181 53 36 116 96 180 156 56 
39: 126 11 7 53 46 132 153 13 99 76 36 181 198 84 35 45 21 134 182 23 24 163 69 95 56 140 199 79 143 117 43 41 
40: 51 172 90 11 163 197 108 126 30 134 138 79 136 153 88 144 46 18 13 168 137 95 131 159 73 104 53 93 140 62 
41: 107 64 140 53 142 51 163 185 80 159 79 179 146 181 173 149 155 131 59 178 168 120 54 89 46 76 78 136 18 186 137 93 75 
42: 33 62 66 35 13 26 135 7 25 126 70 53 132 17 194 59 134 165 14 157 140 90 
43: 116 84 78 181 43 134 83 144 138 26 14 81 133 127 104 115 156 64 46 24 66 117 149 53 140 56 4 182 163 125 9 180 126 172 22 58 
44: 136 53 149 76 155 182 45 200 127 95 39 18 40 35 132 134 70 147 69 119 140 37 29 156 165 193 163 96 61 88 117 
45: 1 163 57 142 166 15 89 151 69 159 140 52 184 110 167 20 76 8 134 194 22 103 165 153 200 180 197 43 18 139 45 178 132 59 83 14 6 26 
46: 79 178 34 141 1 66 62 134 43 26 142 155 199 153 197 150 182 129 156 39 181 159 73 163 149 110 118 93 184 104 131 
47: 108 16 182 37 200 18 163 93 125 44 149 23 173 148 35 134 199 140 117 184 167 22 60 178 36 46 26 126 
48: 186 43 193 50 135 46 79 129 73 200 148 70 159 178 14 142 153 198 31 45 62 132 82 20 163 173 179 126 
49: 66 86 18 16 69 163 138 14 167 159 133 150 140 198 134 50 117 22 193 132 148 43 79 1 
50: 151 64 82 48 182 46 15 73 123 178 56 79 40 132 53 142 43 117 172 18 26 80 137 76 181 14 65 62 199 159 104 
51: 34 53 76 48 133 163 18 146 199 134 79 178 182 54 200 43 184 93 98 69 111 181 80 14 167 
52: 30 100 140 11 109 177 181 7 90 117 167 14 42 129 138 130 154 184 29 43 194 152 111 17 23 168 182 13 45 4 18 58 69 54 9 173 163 126 15 
53: 172 156 69 198 101 175 91 93 2 46 168 135 134 136 163 181 60 155 182 43 149 79 105 73 159 41 49 80 89 18 178 131 
54: 10 174 22 45 133 127 163 181 43 93 92 44 73 76 9 11 95 28 37 79 168 110 117 194 175 186 136 131 178 196 141 80 
55: 144 45 189 166 101 35 132 168 9 32 163 134 13 106 69 181 95 175 138 72 104 148 62 38 28 191 159 56 60 178 86 152 199 182 26 16 36 93 193 155 194 143 43 
56: 57 165 22 26 163 43 181 93 70 182 41 146 65 111 141 16 18 86 14 
57: 86 60 172 117 129 153 78 79 26 189 20 193 69 34 51 92 111 154 55 132 126 175 65 134 14 66 44 136 95 181 18 8 
58: 99 23 172 43 14 178 184 189 21 73 173 129 53 56 84 163 157 71 132 59 152 18 181 26 140 70 7 168 93 136 74 182 95 24 
59: 19 26 9 43 27 111 70 16 140 118 14 200 59 76 36 178 79 136 117 85 22 194 134 150 126 45 54 153 18 163 78 75 
60: 106 73 115 31 163 177 56 46 52 62 54 159 117 87 155 138 172 147 26 143 197 178 9 23 43 
61: 96 93 44 7 111 147 135 178 189 159 138 80 131 173 125 142 14 62 120 46 149 58 140 53 155 114 134 185 
62: 146 127 76 155 166 152 12 197 156 157 116 122 138 36 22 173 44 178 53 189 78 186 194 18 199 43 165 174 
63: 193 76 70 126 177 125 43 159 45 23 48 142 174 112 134 100 93 103 167 163 18 89 197 95 53 111 130 96 61 39 138 190 90 73 137 
64: 187 26 68 137 31 135 52 142 43 62 61 41 13 75 15 149 184 21 73 134 66 111 16 163 125 196 93 89 140 82 181 53 91 117 80 144 104 
65: 122 154 32 181 149 62 132 36 72 45 73 93 29 167 60 14 118 54 142 178 65 69 117 52 125 76 126 26 6 197 137 172 186 5 11 
66: 81 23 61 26 69 65 153 36 118 140 160 54 76 9 148 132 165 182 125 42 131 59 70 79 117 134 129 53 136 172 164 159 138 173 104 43 149 44 
67: 185 178 199 26 75 56 196 189 104 173 163 36 95 93 78 138 149 117 45 79 28 48 129 109 57 90 53 73 128 43 96 98 146 6 168 194 31 
68: 8 159 74 79 153 194 71 82 200 104 45 141 64 14 73 134 149 69 110 65 129 146 131 26 197 92 198 11 163 
69: 139 184 22 15 40 154 117 16 181 79 74 140 153 9 189 166 69 159 76 28 32 182 68 55 149 59 14 167 116 155 136 58 142 43 50 78 131 163 198 123 
70: 16 163 66 104 168 46 2 59 13 18 80 183 23 118 153 31 134 189 41 194 79 200 69 21 141 82 126 117 115 26 132 199 44 83 53 154 29 
71: 115 199 79 54 140 117 154 56 14 84 16 78 46 80 173 167 60 116 59 26 139 198 118 163 182 36 179 134 95 9 155 146 86 181 43 159 45 125 
72: 7 159 177 96 136 142 99 9 64 69 163 62 167 173 82 43 25 100 148 129 147 6 132 140 172 153 39 138 11 54 92 14 
73: 73 76 181 159 88 40 69 136 156 62 7 38 139 30 34 81 200 14 153 43 100 80 65 199 26 4 134 140 182 117 177 126 59 95 
74: 173 65 44 122 62 166 131 194 163 40 24 140 46 181 177 115 9 183 178 199 74 129 14 175 182 118 26 
75: 155 182 35 168 151 152 69 14 46 34 17 181 29 104 18 10 172 84 149 76 197 138 108 137 141 13 11 93 87 178 129 30 
76: 14 131 36 99 129 132 118 175 104 11 26 153 193 184 137 172 65 155 43 46 163 109 181 142 166 134 168 159 173 125 
77: 171 163 177 122 181 53 6 155 21 13 62 168 11 138 100 199 109 130 78 76 127 134 19 179 80 178 54 146 46 18 35 66 
78: 37 198 15 184 69 51 11 64 131 167 53 66 68 43 136 159 117 193 26 153 16 181 13 
79: 117 36 16 140 11 14 155 18 187 37 13 6 198 93 30 82 90 130 149 73 132 186 95 163 136 138 152 45 134 181 70 96 178 43 7 91 21 191 177 
80: 104 73 14 26 118 185 100 43 182 61 175 66 139 193 140 117 167 131 69 155 163 62 196 134 54 15 176 135 
81: 93 194 16 178 26 15 155 135 54 14 86 165 168 45 30 116 90 134 160 64 177 44 56 197 28 163 100 73 18 11 174 115 95 118 113 172 181 129 52 
82: 53 79 129 14 159 182 183 132 69 60 18 93 134 107 73 177 198 153 86 178 149 137 43 16 5 123 7 
83: 20 136 9 127 36 80 140 168 132 86 163 73 59 16 156 58 134 195 56 178 35 54 14 61 46 137 25 151 126 69 
84: 38 131 134 18 135 40 126 182 22 132 63 100 73 16 45 79 137 181 20 54 153 179 93 69 176 163 159 74 178 
85: 22 95 186 7 153 104 26 66 16 53 141 189 63 14 135 117 126 69 74 31 178 154 43 182 159 175 70 18 
86: 154 30 110 138 18 24 179 52 172 123 134 159 167 85 14 36 95 48 126 184 87 60 163 54 135 43 26 175 
87: 184 132 198 16 150 46 1 53 167 79 195 43 11 129 178 149 128 144 15 64 34 100 137 31 140 179 73 72 33 26 142 138 186 12 2 182 163 
88: 137 45 72 2 76 150 81 134 104 33 132 125 80 66 149 46 78 53 184 65 117 82 14 18 69 37 120 44 148 181 165 129 
89: 44 53 62 96 172 73 167 151 71 189 64 30 178 63 118 159 18 70 140 45 134 66 168 198 132 26 138 35 54 65 
90: 58 142 159 91 181 96 35 11 26 93 65 43 184 151 104 126 45 117 64 134 15 82 129 136 174 132 98 163 182 199 177 
91: 2 90 45 193 18 64 85 21 36 101 132 172 131 82 129 95 25 100 168 78 199 38 70 51 159 68 89 184 181 74 16 163 
92: 3 14 41 163 167 154 117 105 196 132 73 15 181 186 174 43 96 175 54 159 85 136 26 40 140 155 104 24 118 
93: 170 18 73 53 116 4 117 95 138 137 168 101 104 155 70 43 64 14 31 98 26 173 62 163 44 92 22 
94: 74 7 62 16 66 90 69 75 5 41 58 172 45 44 39 57 163 178 67 73 136 155 140 34 185 138 117 68 21 
95: 153 178 100 23 140 68 18 76 85 134 66 96 182 125 132 104 54 69 80 73 163 173 172 43 
96: 145 182 136 117 177 13 47 154 45 15 174 73 39 193 172 155 26 191 151 14 56 65 143 95 76 163 66 46 178 79 69 158 138 
97: 91 21 100 111 15 132 81 182 123 39 140 45 46 127 93 33 78 163 18 167 79 197 35 13 165 199 186 146 89 86 87 172 181 11 178 
98: 46 150 163 184 79 167 126 31 165 59 26 19 168 90 181 45 58 178 35 177 1 159 80 117 43 140 76 9 
99: 131 134 29 79 163 149 26 174 100 22 14 147 73 111 86 186 95 11 138 53 177 123 76 194 
100: 83 173 69 15 88 167 184 178 133 26 172 64 109 183 66 14 198 36 153 166 35 140 163 82 40 111 45 117 20 129 126 78 
101: 101 155 26 14 184 66 68 25 104 16 54 153 62 61 168 31 117 45 174 129 30 76 163 86 138 22 123 193 132 82 53 43 18 93 172 69 57 
102: 21 163 134 45 159 72 111 138 4 175 65 46 178 73 117 129 181 136 93 198 153 131 195 200 168 
103: 70 189 159 48 199 186 95 1 196 46 128 15 132 98 14 173 85 43 168 96 163 73 45 127 134 178 112 53 76 117 181 62 129 2 100 3 182 177 
104: 167 118 200 80 139 14 129 179 78 65 53 132 117 97 134 163 43 142 46 172 59 93 21 91 76 126 
105: 76 146 140 163 88 93 178 16 142 132 46 95 149 184 126 69 82 118 111 172 175 186 78 26 110 79 167 
106: 168 82 173 122 159 138 45 185 54 75 139 178 20 76 93 14 136 181 142 73 175 133 70 200 140 69 86 46 108 163 80 152 
107: 197 115 78 4 142 141 156 136 16 167 35 177 117 45 7 22 135 151 41 110 73 181 120 153 122 149 178 194 53 95 123 11 179 70 46 23 159 111 
108: 4 69 16 159 79 54 53 142 76 172 84 104 89 9 163 134 46 117 34 184 200 128 43 56 177 
109: 176 134 123 159 87 93 68 163 43 167 38 84 70 151 59 18 198 117 178 113 126 132 128 
110: 165 95 159 43 169 59 64 75 73 93 135 154 163 153 15 22 20 24 56 100 90 134 84 172 178 179 132 89 181 11 16 136 55 
111: 178 76 153 167 129 56 179 181 10 4 51 148 131 117 134 11 44 79 48 163 199 159 87 35 172 140 26 53 64 156 18 71 
112: 15 199 142 11 149 138 76 73 126 129 135 41 68 189 95 182 45 134 188 177 200 163 46 136 26 185 140 53 18 44 14 181 167 
113: 180 181 163 76 197 123 93 149 140 148 159 60 165 189 46 172 177 95 69 18 156 79 74 14 78 54 21 71 51 
114: 78 130 35 132 184 175 45 129 18 155 159 182 69 108 1 90 178 93 134 46 141 111 92 43 117 194 56 172 138 66 14 
115: 160 138 1 157 159 43 134 5 62 14 167 52 56 26 72 11 66 153 118 89 163 78 175 181 141 177 193 125 
116: 157 100 121 52 140 81 43 72 18 66 116 59 175 142 11 153 132 45 172 8 14 124 79 184 95 9 163 168 62 86 70 53 
117: 123 181 7 140 43 126 172 76 182 134 8 23 111 68 163 35 149 54 173 128 184 46 17 193 62 66 60 110 64 135 151 36 
118: 5 11 90 50 200 175 140 52 95 178 156 111 146 133 155 62 68 182 128 73 60 107 199 14 184 2 168 193 149 51 54 46 163 194 173 172 126 26 138 
119: 130 200 172 56 69 61 134 137 26 12 18 123 177 73 95 131 153 168 39 14 182 63 147 93 11 43 1 9 53 76 
120: 118 38 1 104 163 117 189 85 134 154 138 66 96 140 69 136 76 178 60 24 151 43 181 196 14 22 110 179 123 165 
121: 63 88 163 193 10 23 31 172 28 89 46 76 116 159 117 127 45 151 14 104 143 66 181 135 153 199 138 152 182 179 187 129 134 100 198 200 178 64 
122: 69 43 153 53 163 181 154 89 106 51 134 133 22 132 13 11 70 178 111 59 92 167 177 193 199 125 73 172 173 82 104 119 136 47 
123: 85 149 5 15 167 54 144 44 159 30 73 14 72 172 153 181 62 134 56 127 43 198 136 11 132 148 142 182 117 116 69 163 76 51 82 95 155 
124: 23 70 16 54 93 117 73 138 148 2 15 163 173 153 136 24 134 43 14 122 183 172 39 174 175 126 
125: 148 181 78 163 136 73 122 15 194 138 175 129 139 198 167 200 19 74 157 104 43 95 82 35 96 1 156 177 87 134 
126: 164 95 171 194 153 125 53 172 136 155 18 112 186 43 98 26 73 87 199 7 13 140 116 82 76 141 142 2 24 90 166 79 159 200 149 
127: 90 76 178 39 134 182 135 129 79 14 100 26 89 74 43 80 17 163 36 68 73 200 177 151 133 78 117 116 159 46 31 20 65 181 22 132 18 82 165 149 
128: 18 173 135 174 159 37 136 134 13 152 146 14 138 69 108 80 178 73 172 31 165 66 93 30 163 26 76 129 44 95 56 79 140 153 149 181 84 200 
129: 110 134 108 136 69 11 43 18 167 117 133 66 96 114 34 140 53 155 153 14 151 72 175 178 181 41 142 
130: 128 172 132 146 98 72 118 182 104 23 93 134 166 150 136 123 50 199 7 44 186 126 11 133 76 168 74 155 54 178 43 26 181 22 62 48 86 105 159 90 194 
131: 87 163 178 32 79 35 85 11 82 59 18 117 26 54 93 69 14 194 78 193 1 104 118 159 149 140 110 56 36 185 45 65 106 43 116 182 25 
132: 64 126 148 172 134 149 80 179 167 178 138 199 90 175 43 93 163 104 152 73 100 79 140 4 95 24 54 136 197 65 31 
133: 199 146 27 73 93 126 53 43 175 163 166 18 159 179 45 44 131 72 11 142 74 59 197 75 124 79 122 129 87 198 117 4 178 
134: 163 41 46 136 134 53 159 184 23 96 177 76 198 186 165 31 73 117 
135: 161 12 26 175 163 167 172 137 159 149 14 104 85 123 73 72 155 134 153 82 43 178 126 11 122 65 117 
136: 143 111 126 63 172 140 76 175 33 78 142 21 26 69 153 56 103 46 181 136 23 178 125 163 67 15 59 129 44 112 30 9 18 
137: 27 79 163 45 82 21 149 18 89 73 14 36 28 43 140 100 7 118 104 65 177 16 26 
138: 32 146 29 87 182 122 14 135 88 72 198 176 159 1 143 136 184 140 43 163 185 45 153 59 51 89 46 152 111 181 64 129 50 
139: 88 43 58 159 78 79 118 14 100 13 186 117 75 134 69 53 194 163 167 113 11 149 184 45 74 166 46 106 126 177 84 89 
140: 75 105 91 17 40 149 11 52 46 155 62 86 110 167 163 138 168 197 16 64 65 10 166 140 24 53 43 47 14 126 45 175 135 178 159 59 
141: 97 126 132 176 14 155 91 131 117 186 13 148 73 163 100 113 182 140 12 130 168 82 152 16 88 98 78 104 177 193 159 
142: 113 118 149 163 104 117 91 199 56 23 153 126 18 14 134 70 38 143 168 59 43 62 132 93 57 136 140 173 
143: 94 188 39 194 107 140 177 30 109 3 54 14 163 118 40 69 200 82 172 197 79 153 181 155 136 154 129 178 23 111 48 186 104 168 131 138 98 73 53 11 36 
144: 188 194 79 90 136 14 46 163 34 22 2 73 167 16 28 89 26 18 181 149 69 126 197 138 174 189 128 50 93 51 178 68 134 
145: 67 149 41 89 3 35 13 138 181 45 148 76 168 134 86 4 142 193 132 117 167 14 173 177 18 163 7 66 165 
146: 112 62 14 65 140 123 57 16 46 153 7 194 61 186 11 60 45 172 110 117 107 100 76 156 163 18 29 27 137 200 198 159 111 59 178 73 135 125 134 
147: 65 181 172 45 182 151 197 178 18 69 118 79 179 54 117 86 132 73 140 189 136 43 53 148 14 154 
148: 141 172 30 169 76 113 137 98 54 181 136 143 134 100 35 142 177 21 129 117 88 37 116 140 79 
149: 24 152 178 100 156 135 14 28 60 153 129 7 95 15 16 80 54 35 125 182 133 93 186 2 50 198 147 163 41 68 104 193 
150: 92 90 163 93 129 117 46 120 155 73 16 82 107 65 200 142 96 11 104 29 7 56 76 21 89 85 146 134 1 
151: 149 62 45 34 119 159 1 44 25 163 141 134 146 72 104 73 56 172 53 43 169 178 129 35 177 80 88 85 13 50 93 68 
152: 174 93 3 177 66 173 140 123 167 132 43 35 30 10 18 181 153 135 78 96 81 172 154 65 159 27 79 12 178 45 88 85 
153: 72 11 14 159 76 153 69 117 119 111 18 134 176 78 59 43 163 50 167 115 46 174 61 16 173 199 45 
154: 138 104 45 43 46 80 53 159 64 140 56 62 126 76 18 69 148 1 194 199 167 34 134 131 177 178 16 175 100 198 163 122 172 153 14 72 197 132 
155: 6 53 153 194 74 117 9 182 97 135 4 125 173 134 15 150 152 64 43 114 66 31 181 167 59 18 186 143 82 26 163 62 159 98 185 138 140 200 104 198 69 
156: 169 45 96 110 86 135 11 181 155 153 154 53 67 195 95 24 123 109 14 186 80 178 22 18 197 76 167 13 148 47 113 
157: 47 93 156 46 43 163 14 51 134 29 138 16 176 79 140 95 70 135 178 45 35 18 22 78 123 182 167 73 26 
158: 132 194 123 80 163 185 26 90 53 29 153 159 182 39 167 138 24 76 134 46 62 186 78 148 178 7 73 85 135 15 111 181 
159: 192 44 119 73 15 177 186 29 62 41 88 114 90 132 181 72 137 136 117 43 131 134 13 69 45 95 64 193 104 14 22 155 129 53 23 79 
160: 166 56 163 54 95 107 179 14 68 89 167 156 74 62 151 134 155 39 93 43 53 33 168 136 22 178 149 18 137 157 58 38 197 124 70 97 142 175 159 73 
161: 25 118 178 117 72 163 104 142 66 131 73 43 200 29 54 45 37 165 177 198 134 137 136 123 174 34 138 181 84 199 93 76 78 168 151 79 69 193 154 
162: 182 43 153 163 24 14 138 12 123 73 128 178 119 149 5 84 172 76 56 15 156 132 95 80 90 46 89 21 35 
163: 41 104 56 116 197 140 58 153 186 60 149 85 132 168 163 16 110 86 43 50 67 117 178 76 90 133 25 165 79 15 11 14 
164: 62 41 153 138 59 120 174 163 159 137 179 64 111 14 15 69 65 200 86 168 90 131 58 22 165 9 129 43 70 132 118 193 100 117 178 
165: 135 104 100 69 137 54 153 88 127 66 178 163 59 133 141 36 68 109 199 172 117 181 35 95 43 76 198 
166: 120 66 80 24 56 134 140 110 53 14 181 175 62 48 143 177 7 90 178 26 131 44 1 200 72 54 76 117 69 146 
167: 158 126 33 197 129 85 70 181 172 134 64 78 142 100 40 138 178 68 176 
168: 150 172 200 116 199 87 117 137 194 197 147 140 178 163 177 18 23 26 96 30 142 38 24 46 132 8 153 11 76 14 84 
169: 124 163 15 194 7 168 26 1 181 165 148 155 14 68 46 16 180 179 69 93 123 140 82 153 136 172 76 117 78 177 43 127 56 189 133 137 
170: 45 66 44 41 28 159 26 153 18 142 149 9 131 92 59 125 65 31 163 126 148 56 181 117 23 94 123 14 151 96 33 194 62 178 140 36 
171: 111 156 172 151 128 155 194 26 65 143 75 152 66 174 153 33 69 43 140 186 87 134 126 116 181 163 182 159 18 
172: 119 134 156 58 147 99 95 135 46 14 66 189 69 41 53 30 59 136 45 181 43 125 172 1 21 86 54 159 76 
173: 175 186 178 4 44 99 60 16 174 142 167 40 10 132 64 14 194 189 135 111 156 123 136 134 46 73 31 80 155 65 26 18 172 
174: 100 132 26 136 126 110 45 17 79 181 16 53 39 117 15 165 96 82 149 35 134 175 80 13 90 43 109 56 163 168 155 140 74 52 9 54 
175: 98 107 14 163 177 186 87 11 131 46 44 53 78 10 26 13 45 178 73 16 141 104 159 132 70 31 133 1 199 172 175 
176: 59 48 86 8 163 80 22 167 45 76 16 51 137 134 149 6 148 46 30 85 178 26 93 82 57 140 155 53 159 135 73 181 66 35 14 133 95 61 199 39 29 153 
177: 52 87 16 62 69 142 118 41 125 111 153 136 163 38 132 43 156 178 168 54 14 78 70 117 82 76 140 66 149 64 46 199 86 175 165 134 141 48 
178: 40 43 168 173 53 14 59 172 159 62 186 36 66 141 126 134 194 16 2 181 89 46 60 68 88 125 163 90 142 138 114 95 15 179 
179: 89 167 94 26 15 11 87 134 163 179 18 148 76 181 73 172 111 56 43 16 178 138 159 95 23 
180: 68 159 82 53 181 163 75 178 43 60 164 172 189 11 126 18 137 148 55 25 138 110 15 140 153 200 100 14 173 184 179 56 26 
181: 31 179 28 137 134 156 138 90 75 167 97 18 117 175 11 182 1 45 157 163 172 43 26 46 
182: 109 72 133 178 59 168 192 89 43 61 163 35 69 126 41 111 177 186 117 142 68 45 18 123 54 131 159 182 53 132 11 79 129 184 158 151 
183: 48 167 126 199 182 15 26 165 33 197 35 115 43 178 78 1 18 70 181 172 173 75 4 163 117 65 133 
184: 200 20 159 44 26 142 90 126 129 78 56 23 186 178 149 135 43 40 15 13 184 163 93 156 182 145 24 123 11 196 194 
185: 194 56 182 73 131 178 26 133 154 149 54 95 186 69 195 16 38 117 18 21 65 146 163 93 193 86 53 198 62 125 36 
186: 121 147 76 54 125 38 149 21 179 153 173 30 56 117 81 140 193 64 26 73 159 181 53 14 134 163 126 184 
187: 95 142 11 66 153 88 79 45 111 138 131 59 65 132 72 149 181 117 156 93 143 134 136 7 113 123 137 155 43 56 135 16 62 73 159 74 163 
188: 147 134 122 43 117 156 172 15 79 104 76 177 137 120 69 86 143 200 163 55 159 1 126 167 73 89 133 75 64 138 153 93 116 178 29 35 
189: 61 11 131 163 159 95 14 128 18 1 199 58 153 146 133 167 116 60 179 41 134 194 181 155 104 178 73 26 132 98 195 
190: 13 182 104 112 179 163 95 149 117 187 56 140 53 59 100 126 134 35 9 39 11 168 159 172 153 185 110 129 178 
191: 183 83 176 126 69 186 163 175 65 95 15 24 173 92 79 70 78 153 118 108 134 189 155 54 57 172 159 129 194 104 142 72 100 59 73 164 117 36 178 14 64 
192: 190 93 43 182 157 59 54 14 13 53 98 189 159 18 163 66 95 86 76 134 11 79 
193: 102 24 199 153 159 173 43 53 189 167 194 26 125 92 79 138 98 14 134 18 54 178 73 111 90 142 45 163 1 72 63 66 
194: 54 136 151 152 43 31 100 132 79 177 70 25 181 199 178 95 46 74 39 41 93 138 118 129 113 80 147 45 200 182 
195: 196 147 198 53 31 63 5 197 131 39 117 26 184 126 172 181 167 159 66 78 138 151 163 76 
196: 142 110 153 65 198 107 55 117 41 104 155 182 22 43 167 134 10 126 181 45 177 135 159 
197: 191 132 175 179 46 111 153 26 140 137 168 117 18 70 69 76 38 172 30 159 96 24 126 167 14 60 122 115 182 16 59 86 163 131 9 177 
198: 195 133 134 178 156 51 123 193 73 117 132 16 163 125 15 153 136 173 7 155 69 43 4 169 27 141 46 26 200 
199: 12 14 133 54 26 71 53 153 43 41 138 189 93 18 194 198 118 182 178 13 46 117 60 167 23 95 165 79 45 77 160 181 76 163 51 1 
200: 189 46 76 104 109 173 53 14 155 36 179 42 26 35 116 99 69 199 182 98 163 86 142 87 172 121 
1: 150 120 36 189 26 193 103 199 175 119 166 5 151 49 169 172 46 138 87 114 188 125 154 131 183 2 98 3 181 115 45 
2: 149 103 124 87 53 178 118 10 14 88 144 126 70 12 91 
3: 33 103 145 143 152 92 
4: 145 133 73 43 52 6 102 198 107 26 111 173 155 132 183 93 108 
5: 123 65 82 162 195 115 33 94 118 
6: 17 67 79 72 65 21 176 45 77 155 
7: 28 126 82 150 9 21 85 52 26 169 1 130 149 14 145 13 7 58 158 107 36 12 117 137 94 73 166 146 39 42 79 187 198 61 72 
8: 176 168 116 36 12 117 1 35 20 57 45 68 
9: 54 116 43 60 55 66 108 74 69 52 170 119 197 155 174 71 59 83 72 164 8 190 98 136 35 29 34 32 
10: 140 196 121 1 38 173 16 152 111 175 75 54 
11: 192 168 81 182 78 22 52 131 133 111 16 110 115 79 2 190 54 90 9 189 140 40 35 97 153 39 76 119 18 146 4 184 179 175 156 72 129 118 87 27 65 112 32 187 99 75 135 181 130 107 123 139 21 116 143 163 122 150 68 7 17 77 33 180 5 
12: 141 162 119 152 87 135 62 37 199 
13: 79 126 97 5 175 42 139 141 122 52 70 11 192 96 156 32 151 128 77 75 174 55 145 39 159 40 78 184 64 199 190 
14: 144 137 34 106 48 124 1 80 51 33 118 129 200 86 193 57 192 156 180 42 142 121 197 178 99 16 82 170 71 12 114 32 140 157 199 176 138 123 30 45 28 74 24 52 11 61 153 160 73 5 177 85 29 131 115 81 135 162 18 101 50 173 13 127 15 186 145 31 68 27 56 96 103 83 147 25 191 159 128 72 88 149 104 116 175 22 79 4 75 139 141 43 163 100 166 164 146 93 119 154 112 58 49 21 3 23 189 26 59 169 69 92 172 65 9 113 8 120 143 168 76 
15: 180 30 15 69 164 158 123 7 174 87 81 31 155 179 33 96 78 64 97 149 191 125 103 162 45 52 8 28 13 124 183 184 90 92 21 17 163 110 50 18 188 159 25 178 169 2 198 136 9 80 100 112 
16: 56 82 169 174 153 144 64 108 24 87 27 59 81 173 124 140 3 28 176 107 91 187 79 175 110 25 71 185 154 141 47 197 10 179 150 146 37 83 105 137 23 84 157 85 14 55 17 9 198 163 177 149 30 78 94 101 19 49 178 69 70 
17: 75 12 127 28 37 6 42 117 140 4 174 52 21 22 
18: 88 160 97 179 137 28 127 193 91 50 144 85 145 19 173 197 180 59 119 41 63 2 44 51 11 156 75 112 146 77 114 57 53 29 89 147 152 79 171 47 35 199 17 34 153 22 33 157 86 70 136 82 16 113 131 101 155 111 45 26 84 116 56 182 126 168 129 181 189 62 170 49 81 154 95 185 93 109 31 40 58 142 14 192 133 27 52 15 183 128 
19: 98 77 3 125 59 
20: 45 100 84 57 184 106 110 4 127 48 83 
21: 64 17 97 77 70 113 15 79 137 185 91 8 136 148 104 186 94 172 58 150 162 39 102 
22: 84 196 122 176 34 164 101 25 110 130 45 30 54 36 159 120 99 15 43 144 56 107 156 127 35 47 19 69 59 93 157 11 28 49 1 62 160 85 
23: 28 52 199 20 3 39 143 184 31 142 121 136 117 95 107 70 168 58 27 159 179 130 63 66 170 134 47 60 124 
24: 33 86 39 74 168 156 43 120 35 92 58 124 110 162 140 158 184 132 197 26 126 31 166 10 193 29 191 149 
25: 22 163 180 72 151 194 131 83 101 91 42 161 
26: 197 118 87 100 193 22 144 179 85 170 180 158 32 127 65 115 80 74 90 111 23 137 200 42 66 174 166 5 89 8 64 18 33 46 45 135 55 176 70 131 186 27 60 198 136 173 112 181 11 31 189 101 81 50 56 86 20 96 99 7 175 184 168 59 43 183 58 67 119 78 73 92 128 169 171 57 105 71 195 68 93 199 28 35 34 155 126 157 130 98 185 47 76 17 
27: 133 146 59 152 11 198 33 137 
28: 33 149 21 67 69 54 170 81 144 181 23 12 137 121 55 38 
29: 99 75 65 159 44 16 138 52 35 161 25 28 188 146 70 150 176 158 26 157 20 
30: 186 148 81 89 17 197 136 168 1 33 101 176 152 15 143 79 123 86 75 40 172 73 128 52 
31: 21 173 70 64 19 121 101 134 87 16 98 48 195 155 67 175 5 14 2 128 24 60 93 132 194 127 85 170 181 
32: 29 131 69 65 55 138 
33: 160 32 97 171 87 88 167 183 170 136 42 
34: 87 18 154 57 46 73 144 129 161 94 108 16 151 75 51 
35: 157 107 188 149 75 148 176 97 165 47 44 151 162 55 31 111 39 77 90 200 114 117 183 17 27 145 98 100 152 190 42 83 182 131 89 125 174 30 
36: 76 38 66 19 71 10 117 137 185 39 47 79 5 143 22 191 91 170 65 165 100 33 200 131 3 55 178 27 127 83 18 86 67 62 28 59 24 
37: 44 3 25 79 148 54 88 161 47 128 28 78 
38: 34 120 3 186 185 160 142 73 177 15 55 91 109 1 168 197 84 
39: 25 195 127 63 46 97 96 194 94 190 158 44 160 176 72 143 30 174 14 119 124 6 11 
40: 25 84 92 143 32 44 14 173 50 167 74 140 73 100 1 69 184 22 178 
41: 177 196 94 39 53 107 134 64 3 145 199 129 194 70 56 149 35 182 164 1 170 92 172 112 189 159 163 
42: 66 200 52 19 
43: 188 45 180 125 12 79 124 20 101 109 85 67 171 157 66 174 193 30 177 115 187 52 165 49 92 25 69 63 98 137 194 39 160 114 18 133 147 117 56 90 95 127 108 130 104 62 198 87 71 13 76 152 120 169 78 178 72 17 73 7 55 162 129 155 164 51 139 43 161 126 153 179 10 6 1 116 135 28 35 80 196 59 172 23 103 199 38 142 36 54 46 138 53 159 154 163 110 64 131 182 181 86 32 5 123 192 29 58 60 50 93 48 33 122 151 37 16 82 183 184 132 119 140 34 
44: 159 166 81 54 123 133 62 74 175 170 151 94 61 30 93 112 130 111 66 4 128 57 173 136 37 88 7 70 184 13 20 47 89 
45: 8 27 89 194 196 96 193 157 84 156 199 161 59 48 101 131 67 31 44 181 121 32 140 81 94 98 138 97 54 12 33 116 100 145 174 175 182 103 133 45 176 152 71 23 107 18 4 63 17 34 106 153 79 65 147 146 159 91 172 68 139 13 52 39 88 36 137 22 55 3 102 112 90 187 24 38 151 154 114 170 
46: 176 50 144 88 181 199 96 39 71 200 61 127 102 158 107 139 175 106 31 197 97 77 117 154 168 10 22 169 20 162 47 172 87 17 198 74 150 121 48 177 114 113 75 83 178 32 108 112 140 134 138 76 43 136 118 53 104 41 103 173 157 40 1 26 60 146 70 153 105 8 194 98 
47: 122 96 12 140 156 157 
48: 176 143 111 166 51 67 130 103 20 86 17 50 177 63 183 
49: 53 12 
50: 163 49 151 118 149 153 48 138 69 144 130 3 
51: 57 144 138 41 176 24 157 198 123 4 122 113 1 91 199 111 118 78 40 
52: 174 116 118 140 81 60 115 65 86 45 64 7 177 
53: 151 26 58 103 51 190 154 16 172 61 42 99 66 67 20 200 70 155 133 85 63 129 176 41 134 116 7 143 3 139 77 104 50 64 87 119 34 166 62 19 126 193 39 111 195 174 158 160 140 29 107 182 40 175 199 89 192 43 32 44 122 147 156 88 36 112 78 180 178 38 108 159 185 93 31 101 186 82 
54: 81 160 66 5 84 172 199 130 89 10 59 166 2 113 191 174 30 95 192 71 77 182 22 52 132 33 72 148 83 28 20 186 65 165 106 193 147 185 60 51 41 123 143 92 29 177 32 108 15 101 80 24 124 34 118 117 149 131 161 31 86 194 
55: 196 57 110 180 69 36 19 188 7 
56: 31 150 115 22 123 58 23 39 55 71 184 114 96 163 187 174 9 83 67 38 19 108 131 142 180 160 119 10 151 170 33 166 50 43 186 30 179 190 162 60 136 185 154 110 169 128 111 3 81 15 37 
57: 101 191 67 146 94 45 176 142 56 
58: 15 94 61 43 83 139 160 163 98 69 189 52 164 172 90 
59: 5 98 165 45 31 197 4 14 35 41 33 155 170 136 182 104 192 30 164 131 187 70 109 66 59 116 42 69 138 172 140 133 71 9 110 142 83 178 190 191 146 58 73 122 153 176 
60: 118 55 149 28 82 25 36 71 31 117 178 86 163 57 65 197 189 53 173 180 113 199 146 23 47 120 8 
61: 44 119 22 63 176 18 80 146 66 182 83 153 101 64 189 
62: 42 2 159 89 170 178 40 50 72 177 146 61 158 60 103 9 94 166 65 155 151 154 24 118 77 187 48 80 46 19 185 1 27 64 101 142 55 160 74 140 29 117 115 116 93 73 123 130 31 164 
63: 85 5 195 22 193 119 84 89 136 121 
64: 154 90 155 164 100 50 138 35 32 173 34 87 177 41 89 43 188 110 159 68 167 191 72 117 93 186 19 91 111 2 78 121 12 81 140 132 
65: 196 74 183 191 65 132 173 171 140 135 6 104 14 164 131 127 152 185 76 66 146 102 96 88 73 56 137 11 150 4 57 1 68 170 90 89 187 50 24 147 
66: 165 25 42 96 177 100 195 129 170 101 20 192 36 166 78 121 187 145 64 178 115 155 80 114 70 120 85 128 30 172 176 14 152 95 29 161 116 57 171 23 88 117 94 18 193 77 89 46 43 49 
67: 156 136 94 163 5 145 
68: 78 101 165 21 95 69 109 149 178 144 151 91 169 64 127 17 16 160 26 2 33 112 167 118 182 117 94 180 
69: 191 120 100 2 80 68 36 113 27 8 88 38 65 9 177 95 159 131 114 51 21 52 4 143 78 20 123 136 106 55 66 82 169 165 96 198 49 14 75 45 172 144 119 171 154 155 72 182 197 108 147 164 3 161 200 105 57 69 153 139 101 37 44 185 53 30 39 188 128 85 94 83 11 70 129 73 166 19 84 122 
70: 34 79 191 197 13 42 177 25 142 106 89 66 167 183 44 175 59 109 85 48 122 58 19 107 164 160 2 116 3 93 56 91 63 11 194 124 157 103 
71: 27 20 111 14 113 68 58 89 199 2 
72: 65 87 129 130 13 55 166 135 1 193 159 133 182 154 191 102 31 123 151 187 116 115 138 88 161 153 
73: 27 191 4 31 193 26 92 158 48 175 186 162 144 151 89 107 135 8 189 50 106 110 125 96 161 187 127 112 132 54 160 46 84 198 93 3 58 150 102 185 29 126 159 80 133 157 128 118 83 134 22 13 143 176 179 124 68 65 188 123 94 16 12 79 146 95 87 53 147 30 81 141 137 63 173 19 103 5 60 67 64 99 119 122 40 82 73 
74: 68 133 2 85 174 58 34 7 139 125 20 24 130 113 74 155 160 187 91 84 127 69 194 27 94 
75: 25 110 183 133 181 94 180 67 139 171 59 106 41 188 22 64 140 
76: 39 148 66 103 158 28 5 14 95 77 1 59 136 130 21 197 45 18 163 75 127 169 179 162 153 62 106 145 69 16 195 150 63 44 27 161 128 120 126 9 2 111 177 108 104 176 156 119 188 186 65 13 113 98 99 121 146 165 154 101 88 96 31 7 41 172 200 3 54 33 51 166 134 73 50 117 192 199 23 168 123 112 105 
77: 199 15 
78: 104 183 4 3 24 43 169 131 191 34 26 69 33 167 158 141 136 139 125 91 113 157 184 152 20 115 62 107 127 37 41 25 11 77 59 105 153 18 161 100 71 175 195 97 67 177 88 57 114 
79: 191 21 69 148 2 139 59 132 143 22 116 82 194 7 147 187 13 70 137 99 51 9 192 127 84 152 131 182 66 133 96 163 111 50 98 68 157 40 188 49 20 15 128 5 39 159 41 97 48 11 54 87 53 71 57 24 18 144 113 32 67 199 105 108 193 174 12 28 126 161 46 
80: 61 51 156 176 149 128 64 83 95 41 13 158 173 70 98 50 154 162 88 127 53 104 166 24 73 71 194 106 20 151 132 54 174 77 27 
81: 43 152 186 73 88 116 97 13 26 66 
82: 131 79 70 176 68 88 126 101 22 27 4 91 105 127 125 100 106 21 6 169 50 122 150 16 155 14 137 48 64 123 143 135 90 177 174 180 34 19 23 141 72 3 32 31 
83: 18 32 191 45 70 43 100 
84: 109 168 161 110 39 75 58 71 162 128 43 37 139 108 21 
85: 135 131 152 151 167 34 95 163 91 11 92 176 158 103 10 86 120 59 150 36 123 
86: 145 37 172 185 20 49 71 97 56 30 176 55 140 156 200 101 163 82 130 197 177 99 17 147 116 106 5 192 83 164 188 81 57 
87: 168 133 75 126 60 138 19 125 86 171 175 200 111 2 109 177 97 179 131 
88: 100 105 121 138 148 22 44 165 32 40 141 20 151 187 152 178 159 73 139 
89: 41 14 144 26 178 138 13 97 182 160 108 63 150 162 127 122 110 139 145 121 25 91 27 45 34 137 53 64 7 115 188 179 
90: 34 193 10 13 94 91 27 118 178 114 63 163 164 3 81 8 159 79 184 150 132 174 40 98 12 110 32 162 181 166 126 158 130 52 144 42 67 22 127 
91: 79 38 10 19 104 141 12 64 140 142 90 53 97 
92: 193 122 57 54 170 93 68 72 191 114 150 
93: 61 47 132 84 40 1 113 104 90 53 124 151 114 2 36 109 152 67 128 64 110 131 4 160 185 54 63 133 194 142 101 19 55 176 169 97 130 3 28 106 8 9 14 79 149 187 188 192 13 144 184 56 51 65 199 29 21 46 150 58 25 105 161 82 18 75 41 119 102 157 81 
94: 179 170 143 
95: 81 44 9 79 128 85 8 93 67 5 159 125 33 192 185 119 157 71 86 132 107 179 123 162 73 165 19 105 172 58 36 54 38 194 118 57 116 191 126 149 103 55 1 113 37 34 176 178 160 112 156 18 39 63 40 91 199 189 23 96 110 7 190 99 187 
96: 24 150 37 170 168 92 103 89 79 17 120 16 197 38 90 63 2 67 44 72 156 174 125 95 152 134 129 61 
97: 155 24 14 181 160 104 141 
98: 126 141 200 193 93 155 6 189 103 130 90 51 148 67 143 38 192 175 
99: 39 200 38 76 7 25 173 172 72 13 58 
100: 81 103 95 97 72 7 84 148 139 110 164 77 2 149 194 12 99 10 73 141 190 167 132 24 191 154 137 116 31 127 80 146 27 87 121 165 91 180 52 63 174 
101: 10 53 55 91 93 101 
102: 193 
103: 15 45 22 63 136 35 
104: 121 165 43 200 150 131 6 161 88 68 108 175 188 46 135 67 75 120 27 149 14 93 90 50 11 32 12 2 36 137 24 154 163 66 155 130 141 125 191 196 92 35 10 21 70 40 159 122 189 190 16 95 101 76 85 142 151 132 143 64 55 80 
105: 53 26 130 11 38 92 140 33 
106: 139 3 14 122 55 131 60 
107: 34 146 143 118 160 82 175 13 196 150 41 
108: 128 114 34 129 40 106 75 191 36 2 47 
109: 76 200 77 156 143 9 52 67 174 18 165 27 100 182 
110: 156 86 9 20 7 180 163 24 107 117 190 146 3 17 15 45 11 196 46 120 174 140 131 68 6 166 54 105 129 
111: 187 193 136 105 102 24 7 179 26 10 182 35 97 2 143 114 99 100 59 51 173 63 61 122 118 64 117 20 153 37 146 52 177 107 33 158 138 56 16 57 164 197 171 
112: 12 63 126 190 103 136 146 
113: 148 139 109 141 156 187 81 194 142 
114: 159 178 129 24 61 155 16 
115: 81 43 60 10 197 70 107 183 153 74 71 
116: 188 127 171 36 23 69 189 200 126 38 22 131 71 93 28 62 168 25 81 21 2 148 123 29 121 116 163 43 
117: 191 153 65 92 155 71 181 185 109 141 150 96 94 190 170 142 183 131 114 198 145 10 111 19 139 20 133 135 22 120 49 147 88 163 52 50 23 85 43 3 90 93 104 57 166 196 164 98 78 59 29 25 108 107 129 100 26 146 102 182 187 12 32 159 66 161 13 60 123 6 197 70 134 174 124 188 127 80 101 121 169 186 54 168 11 15 199 47 195 177 64 73 69 165 39 44 67 148 103 79 
118: 74 15 29 143 70 65 2 199 46 115 104 76 177 66 191 164 6 131 89 92 28 71 147 80 31 139 194 13 137 59 142 161 130 81 105 120 
119: 32 26 44 151 33 153 162 11 159 122 172 
120: 188 88 61 150 21 22 107 41 164 166 
121: 116 200 186 
122: 62 12 106 188 138 74 124 135 107 133 77 18 31 125 14 154 197 65 
123: 101 169 152 130 69 86 161 33 135 119 146 162 158 107 120 99 6 109 170 97 113 198 182 173 82 184 31 50 157 187 156 117 
124: 17 160 133 116 169 
125: 155 193 61 6 47 115 149 14 19 11 177 122 66 31 186 18 198 126 185 1 95 43 63 146 65 37 71 76 64 172 136 170 178 88 4 
126: 38 171 183 48 117 11 144 42 98 40 65 59 6 197 170 84 86 57 105 10 139 154 132 63 100 196 178 83 140 15 85 136 35 190 90 5 174 133 191 33 188 124 31 32 52 180 142 43 104 186 73 118 167 195 184 47 130 109 34 135 141 27 182 9 112 70 24 39 
127: 121 169 22 165 43 83 103 77 97 62 54 44 123 15 29 
128: 108 67 25 171 103 144 5 87 109 27 4 189 162 118 117 11 130 
129: 19 125 3 127 2 20 91 76 67 167 82 128 68 74 72 149 143 90 182 36 164 100 148 26 150 57 111 25 103 184 48 102 101 138 114 190 151 81 58 11 121 191 21 104 75 133 46 159 194 112 87 136 66 88 38 1 52 13 
130: 63 38 34 11 79 141 52 114 77 119 
131: 182 80 119 91 25 161 53 141 19 21 61 3 14 175 41 143 78 46 166 68 66 74 187 54 84 170 159 197 195 76 154 9 111 102 69 35 11 40 22 164 133 185 6 20 189 99 
132: 116 76 35 18 152 57 79 82 122 19 84 90 23 123 141 104 65 154 49 147 114 44 27 105 42 55 39 87 16 168 187 177 92 58 189 173 26 109 162 159 70 66 91 174 97 198 89 50 145 38 88 197 72 5 2 25 164 182 12 130 45 175 194 127 163 110 103 142 83 101 48 95 158 
133: 106 176 18 182 24 185 43 149 122 129 100 26 199 127 183 198 51 169 175 130 1 118 188 163 189 36 54 49 165 10 
134: 112 108 121 187 144 120 8 109 76 89 146 189 114 84 46 190 35 139 36 166 51 102 181 130 45 158 68 73 81 145 21 90 103 83 186 193 55 160 167 99 7 154 115 63 18 151 79 159 66 196 61 71 173 171 150 155 17 127 57 111 44 157 95 124 174 123 188 43 88 64 70 104 11 153 80 132 59 4 117 38 47 40 16 86 161 128 129 135 119 12 198 176 42 191 192 177 125 2 22 39 179 178 9 34 3 142 49 53 77 37 122 134 148 110 82 26 10 172 30 28 
135: 25 187 173 12 85 138 81 80 140 149 112 127 86 1 184 61 84 32 196 172 146 128 48 15 26 53 110 42 64 176 156 117 121 107 152 155 157 158 165 
136: 66 22 187 169 120 160 69 107 58 54 57 161 96 194 110 41 134 177 123 59 7 12 147 173 36 73 136 102 126 142 174 38 34 92 128 198 94 159 122 72 78 172 125 28 148 13 83 132 106 138 144 124 1 79 90 129 26 112 53 143 14 40 10 130 23 44 
137: 93 160 23 75 187 119 40 63 65 64 76 26 35 161 165 148 31 197 180 168 146 159 87 17 181 169 135 83 188 84 164 11 82 50 18 41 176 88 
138: 99 11 63 114 187 161 93 181 20 121 162 180 49 36 102 199 167 55 101 26 179 27 143 67 87 188 158 8 89 77 15 38 66 144 178 13 61 112 7 86 94 155 43 17 145 60 62 32 125 132 75 72 194 140 2 124 106 157 40 34 164 5 118 96 115 193 52 128 120 35 79 18 195 154 
139: 106 71 45 104 80 125 73 69 
140: 176 49 106 43 190 140 111 52 66 89 80 112 157 3 27 24 71 44 147 72 16 155 33 116 74 94 138 45 171 79 113 177 21 87 180 26 170 95 18 132 31 166 58 40 131 39 41 146 136 186 12 97 69 105 168 61 174 117 137 120 118 64 100 14 83 197 42 163 128 36 129 143 148 154 142 47 98 169 6 73 126 92 59 141 152 23 
141: 126 68 177 151 56 70 175 115 198 114 178 75 165 107 85 46 54 148 
142: 41 50 35 184 104 23 145 8 69 76 200 48 27 148 191 72 7 161 61 129 160 126 34 170 177 20 168 167 116 64 45 65 150 46 2 123 108 63 133 105 136 178 182 173 4 87 187 112 24 9 107 19 1 90 193 106 196 
143: 138 39 188 166 187 60 121 12 15 142 171 148 155 55 96 136 
144: 12 28 64 123 40 43 13 87 55 
145: 184 96 
146: 68 71 133 30 189 128 97 51 41 185 77 138 118 13 166 67 105 11 29 151 130 150 56 62 
147: 186 5 60 195 8 44 61 99 119 172 168 72 194 11 149 188 
148: 147 158 9 123 145 154 66 170 111 18 124 48 25 180 176 55 113 88 72 169 11 49 179 132 156 6 141 22 47 125 
149: 79 128 135 68 105 126 44 65 160 127 61 88 145 46 140 117 34 47 43 99 107 82 66 41 187 174 69 185 64 176 33 184 75 36 112 163 162 113 144 67 137 53 21 177 190 132 25 170 118 131 87 24 139 142 186 123 151 
150: 49 32 155 11 59 98 88 30 46 87 130 17 168 
151: 171 22 35 161 117 96 170 194 45 129 90 120 109 5 83 160 195 121 107 2 75 182 127 89 36 24 147 50 
152: 32 106 171 149 79 121 128 37 138 132 52 75 55 141 155 62 194 58 26 
153: 107 10 72 122 138 40 146 177 18 193 170 27 69 143 199 21 66 136 156 163 85 196 13 84 15 189 33 135 165 126 121 9 12 48 24 176 123 169 186 30 46 168 164 57 119 197 190 153 14 28 78 115 16 17 8 7 82 171 76 29 26 198 124 68 70 101 39 111 191 152 73 100 158 155 102 59 162 187 31 142 45 149 188 11 6 22 4 110 3 20 180 116 129 128 154 95 
154: 161 34 156 69 14 92 85 71 143 147 52 65 122 57 110 96 20 37 120 152 70 185 86 
155: 60 143 29 76 129 69 62 135 55 187 94 200 156 198 141 80 28 169 118 3 96 41 173 8 61 6 191 53 71 160 196 140 150 130 46 21 81 92 7 189 79 159 114 77 176 101 35 93 174 44 26 171 126 123 75 
156: 46 157 28 187 160 18 26 173 73 149 146 113 21 198 171 23 62 38 8 184 44 11 172 188 6 14 111 177 83 118 17 107 181 162 53 125 43 20 25 
157: 42 26 18 35 125 192 115 181 62 58 3 10 160 116 
158: 96 182 167 
159: 102 186 45 146 68 37 189 109 103 76 138 134 176 180 12 195 184 127 78 2 35 114 73 98 3 188 82 196 179 91 126 46 172 160 193 15 84 66 158 24 13 14 133 141 178 22 60 175 4 128 48 190 34 153 191 31 197 154 108 25 111 71 171 131 170 140 11 29 90 187 155 55 123 130 41 23 7 85 40 115 89 164 110 21 152 113 9 53 17 63 182 27 107 72 50 121 92 139 192 135 151 69 26 49 61 86 106 1 
160: 199 66 21 30 81 115 
161: 135 
162: 9 
163: 155 25 16 133 41 153 30 117 31 45 74 104 70 27 142 19 121 116 158 137 43 26 32 169 69 163 176 34 99 48 77 143 39 63 67 92 139 120 187 164 110 157 171 54 149 186 72 168 184 174 100 86 192 154 95 11 189 59 24 71 165 15 3 5 135 17 51 188 1 79 140 177 55 35 162 182 180 90 144 141 13 9 113 38 178 118 160 60 122 52 132 37 96 199 123 191 193 175 190 102 138 128 181 103 87 197 127 98 136 105 4 76 200 111 151 20 12 46 6 124 47 94 146 93 28 150 22 170 58 40 53 161 10 198 56 64 49 109 125 195 68 112 81 2 83 185 97 101 106 108 179 183 80 84 44 115 91 145 131 134 
164: 180 66 191 126 
165: 183 134 45 174 66 169 177 98 38 128 113 81 127 97 44 164 163 161 120 6 21 62 15 42 199 145 88 56 110 
166: 69 140 76 74 55 62 139 45 130 33 100 133 126 160 
167: 115 51 3 25 179 197 157 125 100 36 188 80 47 34 105 176 139 123 33 132 181 69 92 78 65 196 195 193 63 189 11 183 72 52 109 45 5 129 122 152 145 199 49 173 160 144 135 140 97 154 107 156 86 1 71 12 89 153 98 87 111 112 35 20 155 158 26 104 
168: 143 190 89 9 34 70 161 91 5 28 102 52 177 77 58 40 29 197 119 93 41 141 4 21 2 164 142 174 75 20 178 83 145 140 67 55 54 169 163 116 101 182 81 103 76 98 130 53 37 160 118 16 106 
169: 148 198 151 110 156 
170: 93 
171: 126 77 
172: 190 3 110 197 162 19 23 122 151 183 50 37 12 200 5 181 13 14 20 17 89 104 1 96 143 101 116 76 6 58 60 173 179 178 24 8 167 172 195 33 86 57 97 25 165 152 108 30 191 95 123 22 117 148 126 175 10 72 124 11 66 180 136 119 154 188 171 32 146 94 169 111 132 147 65 130 135 40 105 100 121 38 118 81 91 113 168 128 43 114 75 53 
173: 118 72 28 155 124 103 34 4 58 153 32 198 61 128 27 23 66 100 52 95 106 142 180 200 62 152 41 31 191 178 145 193 183 48 186 93 67 76 47 117 122 71 7 74 
174: 81 161 153 54 25 4 99 62 90 22 1 17 36 144 124 96 164 21 101 171 63 173 128 92 152 
175: 114 12 177 6 129 175 8 118 102 33 86 191 115 74 80 55 154 15 54 136 57 133 132 140 181 174 16 124 106 38 17 92 166 125 116 135 85 53 76 105 160 197 173 
176: 157 37 167 138 141 191 84 153 80 109 
177: 197 52 63 134 11 33 139 99 169 127 9 108 20 115 77 137 35 16 74 151 188 143 166 81 141 27 82 152 159 2 154 122 7 79 90 145 28 113 119 112 107 96 60 13 196 103 161 98 125 15 73 72 194 175 148 1 168 182 14 
178: 179 37 41 83 10 98 147 97 167 79 59 190 163 48 26 166 47 30 165 194 96 133 164 8 45 67 107 81 131 173 121 12 182 177 144 94 128 54 146 58 50 103 60 25 161 114 46 191 199 82 180 74 89 2 129 13 154 122 149 16 189 193 4 143 132 127 183 130 61 188 102 5 100 29 152 109 170 75 120 118 184 156 185 19 51 136 168 135 3 6 53 106 55 162 84 17 15 110 176 157 34 20 151 175 140 87 65 11 95 198 160 85 62 77 158 105 111 
179: 107 133 48 77 181 178 87 110 41 104 186 200 23 190 164 37 179 111 132 197 71 12 4 120 86 121 147 13 169 160 84 189 180 6 18 
180: 169 38 43 45 113 
181: 187 69 32 50 183 112 147 77 156 73 74 121 189 166 81 1 55 199 179 51 152 159 5 38 102 92 122 54 64 97 170 111 125 115 169 14 123 174 138 41 33 57 129 90 120 143 91 176 148 76 88 113 161 144 186 84 18 34 13 65 130 117 52 9 4 46 196 11 145 15 136 56 171 103 158 180 167 10 53 98 110 43 78 127 194 165 58 35 75 79 106 155 26 21 195 107 39 178 172 71 128 36 
182: 119 10 38 20 13 127 44 75 52 73 5 7 25 194 55 117 97 131 114 18 17 200 183 103 199 185 123 47 147 58 30 149 29 155 118 53 130 50 69 157 56 95 32 82 190 184 66 87 138 141 196 80 158 46 192 181 12 96 21 19 182 121 71 90 26 51 85 112 74 39 24 84 43 197 171 23 162 
183: 32 82 124 14 70 74 100 191 
184: 15 105 100 134 13 34 76 180 69 14 52 91 33 78 138 3 88 47 108 118 51 186 64 195 139 117 182 98 90 184 45 86 116 11 114 46 58 101 87 
185: 112 131 158 106 190 155 94 138 61 80 41 24 67 
186: 191 156 185 126 41 141 155 92 10 134 146 3 182 99 103 87 36 62 105 33 173 1 139 163 65 149 24 85 25 79 158 7 143 97 184 175 130 34 171 54 159 178 48 
187: 79 121 16 190 64 
188: 16 13 143 36 112 144 
189: 112 85 199 191 173 103 55 25 113 57 34 61 120 58 172 62 28 89 67 193 192 147 169 144 180 70 69 200 
190: 63 192 
191: 13 2 79 96 55 197 
192: 5 182 159 
193: 141 145 8 117 19 96 122 186 55 101 13 76 20 48 24 80 161 121 44 118 31 198 2 26 32 131 57 4 49 78 91 185 164 115 159 149 63 
194: 189 45 27 118 139 168 62 191 74 15 29 126 144 171 169 130 173 42 54 155 81 16 55 114 146 67 59 178 131 158 193 99 8 184 52 70 154 125 199 14 170 68 107 33 143 21 25 185 
195: 83 185 189 102 156 87 198 
196: 92 80 54 8 103 25 64 67 184 120 195 
197: 63 143 140 45 40 21 144 75 163 9 27 167 65 29 10 62 147 15 195 68 156 19 183 113 160 60 168 33 81 97 46 132 154 133 107 
198: 199 121 138 87 53 155 165 38 79 71 22 49 89 134 100 146 48 39 125 149 123 109 102 195 1 154 68 14 82 78 196 185 69 133 161 6 
199: 47 176 31 46 50 16 70 194 122 23 193 165 112 161 36 2 25 33 71 55 34 189 168 118 35 39 51 5 154 77 121 62 74 130 132 29 103 153 67 111 175 183 90 177 126 73 142 12 91 4 97 200 133 
200: 125 146 51 70 127 45 143 128 150 180 59 168 121 108 5 198 112 106 102 166 155 126 44 194 164 161 119 29 73 47 188 68 118 104 48 37 184 



Updated preference list above: can be reinput into program.
Duration_ModCreation_milliseconds: 586
Duration_GetSolution_milliseconds: 17
Duration_CollectRes_milliseconds: 0

RawResults: 
159 71 50 125 11 198 55 60 162 133 39 49 129 177 77 114 26 179 42 29 84 17 140 36 156 152 80 134 127 35 82 9 105 43 103 181 56 28 126 51 107 33 116 136 1 79 108 186 66 151 34 30 172 10 144 57 86 99 19 106 96 146 193 187 122 81 185 8 139 16 115 7 73 173 155 14 171 37 117 104 93 53 20 38 22 154 184 137 44 58 2 3 170 74 153 145 91 46 131 83 101 21 70 167 76 168 197 4 176 165 178 15 180 78 160 157 123 5 130 118 63 69 85 23 148 164 90 18 110 128 87 64 199 163 161 143 27 32 88 75 97 113 94 188 67 112 65 141 24 92 149 174 72 138 6 169 47 132 192 166 25 182 41 62 135 120 158 150 124 45 111 119 175 100 98 59 52 40 89 68 31 109 48 200 194 121 95 147 61 13 183 190 102 54 196 142 191 195 12 189 

Duration_Total_milliseconds: 1619

exitCode 0
code/Main_GS completed
