20
1: 14 9 16 13 20 15 7 1 17 6 5 12 11 8 18 4 3 19 10 2
2: 12 18 5 2 1 15 3 6 19 4 14 7 20 10 13 16 8 17 11 9
3: 7 17 2 16 8 18 5 9 6 12 11 1 4 3 10 15 14 19 20 13
4: 15 1 13 9 18 5 2 17 10 11 8 16 6 7 3 19 12 4 14 20
5: 1 2 6 15 19 16 8 3 20 13 18 10 12 14 7 11 5 17 9 4
6: 4 7 3 1 9 2 13 17 19 14 20 5 18 12 8 11 10 6 15 16
7: 18 7 1 19 3 10 20 16 15 13 9 2 11 14 4 12 6 5 17 8
8: 19 17 2 6 15 18 11 5 12 16 1 3 9 10 14 20 8 13 7 4
9: 6 10 7 15 1 19 16 14 17 11 2 9 4 20 12 13 3 8 18 5
10: 19 14 2 18 8 7 12 6 20 13 1 17 15 11 5 10 4 9 16 3
11: 10 12 17 15 6 11 7 8 14 19 3 13 16 9 1 20 2 4 5 18
12: 9 4 11 14 18 19 6 8 12 7 13 3 10 17 2 16 15 20 1 5
13: 14 11 4 3 17 16 10 9 8 12 20 13 1 7 15 19 2 6 5 18
14: 20 7 1 15 11 3 14 12 10 18 6 5 9 16 13 8 4 17 19 2
15: 5 13 9 7 16 1 4 14 8 11 15 6 2 3 10 20 18 17 12 19
16: 4 8 18 1 7 16 6 11 3 20 5 9 12 10 15 2 14 19 13 17
17: 3 13 9 2 10 19 18 6 4 14 12 5 8 16 15 17 7 20 11 1
18: 4 11 15 3 14 7 1 10 19 2 9 16 18 20 17 13 12 5 6 8
19: 19 7 11 10 4 18 17 8 1 6 3 2 13 16 15 14 9 12 20 5
20: 2 16 20 9 12 8 15 13 18 10 19 5 11 4 1 3 14 6 17 7
1: 12 2 11 9 4 10 17 16 3 6 7 20 15 14 13 8 1 18 19 5
2: 3 7 15 20 12 13 18 14 11 10 2 5 19 8 1 4 16 9 17 6
3: 17 20 10 19 16 6 15 4 8 13 1 18 7 12 14 11 9 5 2 3
4: 7 5 14 15 1 19 18 4 20 13 8 6 10 12 11 3 17 2 9 16
5: 3 19 20 12 11 10 15 14 5 9 8 1 18 17 16 6 4 2 7 13
6: 20 12 13 3 18 10 9 7 19 1 17 4 16 8 15 11 2 6 14 5
7: 8 3 1 16 6 19 9 17 11 2 7 12 14 10 15 5 20 13 18 4
8: 14 11 13 7 8 10 4 1 5 16 12 3 9 19 18 20 17 15 6 2
9: 9 4 15 12 10 20 6 5 13 17 14 11 2 19 8 7 1 16 3 18
10: 12 10 2 20 4 8 11 13 3 17 9 15 14 18 16 6 5 1 7 19
11: 17 19 14 13 12 11 5 2 16 8 1 3 15 7 6 20 18 9 4 10
12: 14 3 9 4 18 6 2 20 12 13 10 5 8 1 11 17 19 16 15 7
13: 15 19 11 14 9 5 17 18 20 3 12 6 7 2 10 8 13 16 4 1
14: 15 4 11 5 2 7 1 20 13 18 19 9 14 3 12 8 17 6 10 16
15: 9 10 19 14 2 12 8 15 1 13 3 20 7 11 4 17 16 6 18 5
16: 18 5 13 2 1 15 19 17 14 4 9 8 10 3 16 11 12 7 20 6
17: 4 15 18 6 16 1 2 10 12 5 13 9 7 11 19 14 17 8 3 20
18: 5 7 19 18 6 9 10 17 3 8 20 15 14 1 2 4 11 13 12 16
19: 1 17 19 5 7 3 2 16 18 6 11 15 10 20 9 12 13 4 14 8
20: 15 13 9 8 11 16 14 5 3 18 17 4 2 10 1 12 6 19 20 7

instance parameter information
numMenOrWomen: 20
minLenPref: 20
maxLenPref: 20
skew: 0

