20
1: 13 3 15 6 11 10 2 4 17 20 1 18 19 7 5 8 12 16 14 9
2: 11 1 13 16 9 15 3 2 7 4 19 14 18 5 10 12 6 17 20 8
3: 12 1 20 13 15 10 3 4 5 9 16 6 17 19 11 14 2 8 18 7
4: 6 16 19 14 4 20 17 18 7 5 13 8 10 12 11 15 3 9 2 1
5: 15 20 18 16 2 14 17 12 8 9 3 10 7 11 19 5 1 4 13 6
6: 9 18 11 19 13 3 17 4 16 8 5 15 14 12 7 20 1 2 6 10
7: 16 12 9 4 2 17 6 20 8 11 19 3 15 13 18 5 1 7 10 14
8: 8 6 2 14 1 18 20 10 11 13 15 7 3 4 5 9 17 19 16 12
9: 15 19 6 12 7 14 4 2 3 18 8 17 5 11 1 9 16 20 13 10
10: 3 13 16 11 10 5 6 15 1 9 2 18 4 12 20 14 8 19 7 17
11: 18 1 10 12 2 4 16 17 9 15 5 14 11 7 13 3 19 6 8 20
12: 7 10 3 15 18 2 8 14 17 4 16 1 11 20 9 19 5 6 13 12
13: 9 13 10 11 17 14 15 12 16 1 8 6 5 3 19 4 20 18 7 2
14: 14 9 15 17 4 12 3 13 19 7 6 1 10 8 16 11 5 2 20 18
15: 13 4 11 8 16 3 15 12 9 18 2 20 19 10 7 1 5 6 14 17
16: 8 6 13 1 3 4 12 18 19 17 15 5 11 7 2 10 20 16 14 9
17: 10 1 9 18 8 17 16 4 12 7 14 2 5 11 3 13 20 19 15 6
18: 4 2 10 14 11 19 1 17 6 13 16 12 18 3 5 9 8 20 7 15
19: 16 4 7 2 6 10 12 19 8 5 20 13 17 14 11 15 3 18 9 1
20: 13 18 19 8 2 5 9 16 12 6 11 7 15 1 10 17 3 20 14 4
1: 5 7 20 14 13 11 10 1 12 8 15 6 17 3 16 4 19 2 9 18
2: 6 16 13 19 17 20 12 11 15 2 4 5 1 3 10 9 14 7 8 18
3: 4 12 16 3 11 14 9 10 6 5 19 8 18 15 2 17 1 13 7 20
4: 5 11 6 12 1 10 2 16 20 3 4 8 14 15 17 7 18 13 19 9
5: 9 15 8 18 1 7 6 11 2 14 16 10 4 12 17 20 13 3 19 5
6: 13 19 3 9 15 1 18 8 11 17 6 5 20 7 2 4 16 12 10 14
7: 17 20 13 11 19 14 12 18 9 7 16 10 4 15 5 8 6 2 1 3
8: 15 5 8 17 3 7 18 6 2 20 10 12 16 1 14 11 9 13 19 4
9: 13 10 7 6 2 3 14 8 12 15 4 5 9 1 11 16 18 20 19 17
10: 15 17 8 9 13 14 20 6 1 5 10 4 18 19 3 11 16 12 2 7
11: 11 6 3 17 9 4 2 7 19 13 5 20 1 16 12 10 14 18 8 15
12: 3 13 9 18 1 16 10 2 6 4 14 5 7 12 15 8 19 17 11 20
13: 3 13 20 6 19 9 10 11 4 7 15 16 14 18 1 8 12 5 2 17
14: 10 16 11 18 4 12 7 6 19 2 1 15 20 5 8 17 13 3 14 9
15: 3 20 9 6 16 5 12 10 18 1 17 11 15 7 19 14 13 8 2 4
16: 13 14 19 20 3 7 1 12 16 4 2 9 11 18 10 6 15 17 8 5
17: 13 6 7 11 19 15 4 8 18 2 5 10 12 20 17 14 1 9 16 3
18: 3 12 16 8 4 2 15 10 13 1 5 20 7 6 19 9 14 11 17 18
19: 9 15 18 14 17 1 19 13 16 4 6 3 2 11 8 20 12 7 10 5
20: 2 17 19 14 12 15 10 1 20 18 8 6 11 4 5 9 3 7 13 16

instance parameter information
numMenOrWomen: 20
minLenPref: 20
maxLenPref: 20
skew: 0

