100
1: 2 50 90 6 88 7 87 49 17 1 73 89 82 34 93 29 32 55 28 64 11 39 42 31 80 96 3 83 54 26 16 84 92 22 85 99 72 79 53 24 57 9 63 40 35 47 23 43 38 21 98 51 75 36 27 94 65 91 60 76 37 70 59 46 68 14 67 30 95 12 78 71 41 61 69 33 18 45 48 20 25 74 4 86 5 97 10 58 81 66 44 62 13 15 8 56 19 52 100 77
2: 84 93 5 24 8 95 46 3 10 81 11 76 28 89 53 59 39 16 96 92 68 74 32 72 100 64 13 9 41 1 88 97 49 26 99 73 80 33 56 55 14 90 85 77 42 29 54 57 40 94 22 20 37 18 12 44 98 15 60 25 86 58 50 19 75 7 71 91 69 45 4 78 47 21 38 17 79 52 30 82 34 27 62 61 87 2 83 51 36 70 35 23 48 43 31 67 63 65 66 6
3: 89 86 70 87 75 49 13 44 18 65 30 21 17 7 79 62 68 12 41 14 19 22 50 3 15 37 84 51 36 6 2 42 52 31 56 59 91 5 38 16 28 64 63 76 10 81 61 43 8 80 32 4 29 24 58 47 74 83 73 97 67 9 33 90 34 100 94 35 40 39 27 72 53 23 25 93 95 46 26 11 96 85 55 92 20 71 78 54 60 48 99 57 98 69 82 66 77 88 1 45
4: 6 47 25 5 88 44 58 30 59 28 91 93 29 21 4 23 38 78 77 52 12 89 43 9 42 97 36 49 61 62 3 84 20 24 56 98 40 100 95 37 17 14 11 75 22 53 70 26 99 74 1 92 86 63 41 55 72 33 51 50 85 54 80 71 18 90 45 60 67 7 32 64 19 81 66 31 83 57 15 46 76 48 35 10 68 13 73 27 96 82 79 65 2 8 94 39 87 16 69 34
5: 1 73 47 93 98 14 25 24 66 23 20 5 96 84 81 13 11 45 35 38 10 2 44 65 34 40 74 97 58 27 78 39 52 91 83 76 19 87 79 80 72 55 82 75 71 15 17 59 85 18 61 100 50 8 6 36 99 90 69 22 43 28 30 68 21 29 33 37 77 53 51 3 86 89 56 67 63 88 70 4 49 16 94 31 62 54 95 12 64 92 57 46 9 26 7 42 32 60 41 48
6: 57 32 92 95 39 34 46 40 73 11 62 75 6 37 87 78 65 9 18 94 23 31 79 49 81 74 13 21 61 93 98 76 68 86 3 2 50 85 54 64 12 56 89 55 83 91 15 41 35 51 14 44 5 67 84 24 36 70 97 58 30 88 82 43 80 99 20 28 38 16 69 90 42 1 26 7 72 48 45 19 63 60 33 77 53 25 47 29 100 17 96 59 27 10 4 66 8 52 22 71
7: 15 27 64 95 92 58 60 18 77 83 24 3 98 7 25 56 74 6 57 13 4 19 45 17 36 47 97 20 96 54 10 38 81 32 5 68 43 50 44 1 82 26 39 76 89 66 33 40 34 48 37 2 59 84 52 73 35 9 55 16 72 46 63 41 94 79 49 80 88 69 87 78 62 100 28 86 51 11 99 23 30 93 67 85 21 14 70 65 75 91 12 8 22 29 53 31 71 42 90 61
8: 9 60 55 12 98 18 93 8 16 25 59 96 14 7 73 92 71 68 10 2 41 44 97 32 46 90 30 58 49 51 43 45 78 66 29 39 6 87 17 53 19 85 23 57 5 91 77 13 84 40 26 86 62 75 82 80 47 11 76 88 42 63 52 79 37 3 28 50 70 65 56 1 36 20 31 35 38 89 61 27 67 95 83 34 81 74 54 72 64 15 21 99 100 22 94 48 69 4 24 33
9: 40 59 31 66 28 94 48 88 25 54 58 70 38 71 26 81 69 34 18 96 7 44 52 95 29 42 27 10 67 86 37 50 100 30 53 21 83 51 90 19 80 32 46 79 57 98 75 65 77 99 39 17 82 23 2 20 62 73 3 76 60 16 36 78 6 84 11 61 97 45 47 72 92 89 93 41 64 33 91 74 9 24 5 22 56 35 4 14 12 55 15 43 87 8 49 85 63 1 68 13
10: 56 93 50 62 3 31 8 80 16 60 48 53 36 24 42 41 99 52 14 25 4 38 28 73 57 72 88 7 95 70 64 96 34 33 18 40 74 75 43 30 58 65 44 19 20 83 90 100 76 32 54 82 77 94 85 2 97 17 61 67 46 79 69 9 71 59 91 49 87 1 10 55 89 68 63 78 92 6 84 29 66 21 39 37 47 23 86 26 98 45 13 12 22 35 15 5 27 11 81 51
11: 41 16 84 59 33 99 97 96 36 76 93 81 67 77 61 95 47 21 48 74 100 54 20 34 9 3 88 40 80 90 5 87 78 8 64 86 24 71 10 26 63 2 31 62 50 30 52 92 85 53 12 94 60 32 22 49 44 13 82 66 1 29 15 56 6 65 7 79 17 69 68 91 73 70 51 43 4 19 46 37 75 89 11 25 98 55 42 83 23 39 72 14 38 45 27 18 57 28 35 58
12: 19 3 74 57 42 28 32 81 62 39 33 55 83 40 54 16 60 76 26 64 90 72 93 18 58 77 41 68 75 65 30 43 52 56 1 29 95 6 88 38 20 51 99 46 82 34 8 27 36 84 71 12 49 59 70 11 73 45 25 79 37 17 31 44 50 47 98 100 2 5 85 91 69 97 87 14 89 66 53 22 4 61 21 67 9 92 48 7 10 86 24 94 23 78 80 15 96 13 35 63
13: 99 71 38 16 85 29 15 44 12 36 2 55 98 32 69 87 59 82 3 96 34 37 70 56 53 66 75 54 65 100 52 88 8 51 64 10 27 35 48 78 50 41 1 77 95 22 24 45 68 17 90 6 14 73 76 7 20 42 92 19 89 97 93 86 91 40 83 23 21 26 43 18 81 80 47 46 31 5 25 33 30 39 72 11 13 28 67 84 63 9 79 60 61 62 4 49 57 94 74 58
14: 56 74 73 12 23 61 39 98 51 38 35 20 57 84 65 26 5 53 50 66 78 55 25 67 48 70 83 27 24 9 59 69 87 40 92 3 47 43 63 30 28 29 11 68 33 10 18 32 89 4 100 90 88 7 41 91 60 21 58 37 97 19 99 17 45 6 72 86 77 46 82 64 52 13 54 14 31 22 44 94 85 34 15 76 79 75 49 42 2 71 95 80 81 96 62 36 93 8 16 1
15: 21 80 100 30 33 70 64 13 89 78 71 52 73 16 49 92 85 29 31 93 32 62 76 88 38 12 8 55 10 58 11 37 50 28 53 56 44 46 94 45 42 39 99 86 36 82 54 34 26 5 40 1 91 41 35 23 19 61 25 43 9 96 69 15 97 51 84 81 17 27 77 83 24 22 87 79 67 75 18 63 3 7 57 2 95 59 60 98 66 6 48 20 47 90 72 68 65 4 14 74
16: 53 8 58 18 23 34 65 4 84 27 69 22 32 29 37 38 94 68 91 95 13 46 90 79 1 88 20 61 16 60 85 55 87 83 86 11 7 19 47 99 31 71 2 67 48 56 70 52 59 66 72 26 57 3 73 80 39 9 33 100 17 36 63 15 35 14 89 45 43 62 41 42 78 96 92 64 97 49 77 76 50 81 5 30 28 44 24 93 6 54 12 25 75 40 74 10 98 21 82 51
17: 72 28 89 85 81 93 73 56 84 63 64 77 1 54 34 100 6 62 46 91 48 9 15 70 23 50 86 67 43 3 47 16 69 51 74 5 29 57 41 39 66 4 33 94 79 40 44 49 13 37 87 7 12 8 14 80 11 60 27 97 32 90 88 42 65 38 98 82 75 24 61 83 76 71 96 92 59 20 58 21 18 53 17 10 30 78 35 22 26 2 55 45 68 36 19 52 25 99 95 31
18: 30 47 46 57 92 37 4 68 54 80 11 38 85 60 79 65 76 84 88 94 78 55 2 12 69 18 26 90 45 6 70 67 28 32 97 43 23 20 1 21 86 14 5 98 93 64 56 39 61 35 33 96 41 17 13 16 77 48 31 100 10 40 24 8 89 81 59 49 7 72 74 42 29 73 15 22 95 87 82 58 3 27 9 51 34 71 44 63 52 25 36 99 91 19 83 53 62 66 75 50
19: 36 27 31 95 84 47 74 52 93 67 96 76 32 50 42 40 5 56 26 63 59 71 54 97 20 6 66 88 1 94 89 35 12 68 92 83 91 55 19 69 44 4 72 53 90 70 87 21 82 78 80 49 14 61 25 65 48 39 13 9 29 43 30 60 98 3 28 33 51 57 100 86 75 37 73 85 46 7 22 64 17 81 99 10 41 38 77 24 23 15 79 45 18 62 16 2 58 34 8 11
20: 100 70 88 69 85 93 38 33 9 83 29 79 14 57 47 98 39 95 91 17 61 45 89 25 77 71 42 62 55 28 75 48 27 84 63 37 51 18 99 30 53 16 19 60 36 73 44 35 72 59 1 26 15 13 34 2 52 74 68 22 5 23 40 82 67 56 94 46 50 20 24 66 6 78 65 96 54 49 11 7 92 90 8 58 21 12 10 64 76 32 3 31 81 97 80 87 43 41 4 86
21: 90 35 33 63 78 59 50 43 72 60 8 56 91 9 25 12 57 44 71 30 16 66 39 24 51 75 55 34 45 40 38 14 21 23 95 42 5 18 94 15 32 80 89 88 48 36 27 74 46 31 6 97 29 47 84 10 79 99 98 65 37 20 19 1 61 83 69 54 7 67 76 11 4 28 85 87 2 58 81 52 70 86 17 49 96 13 92 82 93 100 3 41 53 73 62 22 77 26 64 68
22: 9 75 78 2 43 94 38 12 17 63 27 13 4 24 60 39 51 62 42 86 8 73 54 55 20 14 65 15 71 96 48 23 72 91 26 19 74 87 53 81 45 92 5 36 1 37 79 95 21 100 67 46 3 30 56 31 83 18 99 90 76 88 28 84 7 89 98 11 40 29 68 82 59 64 10 77 52 35 61 44 80 49 50 16 32 69 41 47 58 6 25 93 34 70 33 97 66 22 57 85
23: 93 33 98 74 52 6 8 17 57 96 5 43 92 9 54 95 39 26 97 53 28 65 83 36 80 87 7 79 48 100 66 68 35 44 91 72 34 23 10 24 69 84 50 67 42 71 94 58 47 49 11 77 51 16 62 1 22 82 63 37 4 15 59 46 70 41 60 90 45 64 89 38 32 13 85 27 14 29 30 21 40 75 78 99 56 31 88 76 55 19 81 3 73 2 61 20 86 18 12 25
24: 60 49 2 98 48 24 35 74 96 52 69 16 20 67 29 14 61 7 32 11 39 34 17 46 71 9 10 83 40 95 5 15 89 64 45 28 13 73 12 68 77 21 19 85 41 42 70 72 58 30 79 53 90 36 75 91 93 65 99 76 82 66 86 59 81 92 78 47 54 100 87 44 80 51 26 3 97 23 57 94 25 31 8 37 4 38 55 62 56 27 6 1 18 84 43 22 88 33 50 63
25: 17 63 96 70 48 34 77 78 25 31 4 14 72 79 36 69 12 86 98 83 73 80 22 91 54 74 35 32 53 8 38 6 49 59 81 68 28 27 2 88 18 89 62 13 24 29 60 40 43 92 82 19 66 75 11 16 7 93 45 41 26 3 90 84 47 39 50 23 94 33 21 20 44 5 51 71 76 56 85 61 37 42 1 57 15 67 58 97 9 64 95 46 52 30 87 55 100 10 65 99
26: 65 18 83 3 85 10 79 59 36 98 12 41 82 69 80 77 39 47 55 97 4 26 91 8 15 23 25 35 27 92 78 67 70 74 52 54 1 58 22 86 31 89 6 64 16 72 73 87 100 95 68 28 57 88 17 46 96 44 94 42 53 51 29 13 2 34 45 99 24 33 21 20 32 62 56 66 38 63 60 14 76 84 49 7 37 71 93 43 50 11 48 9 19 30 75 81 90 61 40 5
27: 80 72 87 23 1 70 93 27 75 79 33 85 71 62 50 60 54 43 5 57 34 44 2 3 9 63 65 22 17 69 64 41 49 99 98 18 74 61 25 68 48 6 12 32 15 94 11 100 46 42 76 81 29 36 90 28 30 78 58 47 26 88 95 19 40 4 77 13 97 52 67 37 89 82 59 7 31 96 83 91 55 66 92 35 39 56 24 73 84 8 20 53 45 21 16 51 14 86 38 10
28: 60 49 63 57 36 69 37 14 46 67 30 22 66 70 1 42 100 73 34 20 61 58 56 84 55 86 79 98 27 68 62 5 35 97 29 82 6 4 59 9 47 81 24 33 28 96 16 51 41 8 18 44 95 23 91 93 19 45 10 88 40 65 25 99 89 76 11 54 50 3 64 75 32 43 92 12 80 94 15 52 77 48 53 26 74 17 90 21 7 72 39 85 71 2 13 31 38 78 87 83
29: 10 44 47 20 69 74 73 55 57 3 21 82 81 58 95 48 40 12 94 79 31 42 68 15 62 27 93 89 39 32 86 5 97 35 91 52 38 90 45 98 24 46 25 23 22 72 41 96 63 43 85 4 53 49 16 71 92 51 26 8 61 78 1 60 29 34 56 87 77 7 54 14 30 100 6 59 11 88 83 70 66 19 76 50 37 13 64 18 99 80 17 36 33 67 28 9 75 65 2 84
30: 98 26 43 51 21 89 91 65 64 85 12 78 94 15 24 54 80 13 53 48 76 83 16 30 68 14 93 36 8 40 49 52 11 50 95 28 96 6 69 27 38 88 10 90 100 44 61 22 74 99 4 7 60 39 67 82 58 2 42 41 5 63 62 31 9 87 92 29 46 71 55 79 73 66 77 59 72 75 19 84 23 47 25 33 37 20 18 81 3 45 97 35 56 57 17 1 32 86 70 34
31: 20 40 75 66 4 95 8 86 38 45 36 85 27 21 80 26 96 15 5 88 37 98 94 72 93 57 7 91 68 83 49 65 3 28 1 77 17 89 64 59 34 100 29 92 99 54 48 71 53 10 56 41 67 35 23 32 11 69 62 90 9 19 31 50 55 43 63 24 73 84 6 61 47 97 12 25 78 18 52 44 39 30 2 82 46 70 16 76 60 14 81 33 42 51 79 87 58 74 22 13
32: 13 18 72 99 51 63 91 26 94 9 78 56 25 46 15 73 62 39 83 97 23 50 70 74 92 75 81 98 49 60 53 37 2 79 19 5 93 67 66 85 31 84 32 45 52 71 22 48 21 44 42 40 20 82 57 27 65 4 59 64 12 36 54 30 38 47 43 6 90 58 87 77 95 61 68 33 86 3 11 7 100 17 16 1 69 14 76 34 29 89 10 41 96 80 24 8 88 35 55 28
33: 41 85 33 6 19 34 31 56 81 8 4 92 63 32 52 76 44 3 40 90 1 26 29 99 89 72 86 69 62 16 94 46 17 2 21 61 60 45 48 91 80 24 74 53 58 23 12 47 15 30 97 25 82 88 84 43 78 75 51 77 11 42 59 71 27 70 38 65 10 7 14 37 64 93 36 9 96 28 22 95 87 79 50 35 54 68 18 20 98 5 100 66 73 57 67 13 49 55 39 83
34: 84 63 73 85 100 51 96 17 25 99 2 93 58 40 97 75 9 59 46 53 80 28 82 10 38 48 67 71 41 1 14 94 68 86 3 45 5 62 13 50 78 74 88 23 18 89 49 37 21 24 29 6 69 26 36 79 65 81 4 43 31 56 66 8 72 77 61 15 64 76 44 34 20 92 57 35 87 39 22 7 16 83 19 11 95 47 90 91 70 32 12 42 30 55 60 27 98 33 54 52
35: 14 69 68 60 36 34 38 48 90 47 42 45 87 56 83 26 53 79 85 13 39 61 6 52 22 49 88 31 73 20 98 37 23 57 63 50 11 51 78 71 55 40 24 93 62 92 74 25 82 32 21 46 1 94 95 2 16 30 80 35 67 75 27 70 41 10 58 99 43 66 12 86 8 91 9 64 76 81 72 77 44 3 18 84 15 28 19 65 4 29 96 89 17 59 54 33 5 7 97 100
36: 14 88 63 90 52 29 25 48 45 91 42 9 57 59 94 98 28 85 60 30 7 38 5 1 32 51 71 54 31 86 87 66 15 23 2 72 92 96 61 62 8 39 37 77 50 4 40 24 97 55 69 41 81 82 95 75 16 17 93 89 26 20 76 67 99 22 13 49 68 18 65 79 12 36 47 83 3 34 53 43 100 27 58 70 80 33 10 6 44 73 78 84 19 64 21 35 56 46 74 11
37: 92 50 45 100 29 15 22 76 39 68 63 91 23 36 48 16 11 2 62 4 13 7 77 49 12 90 61 24 19 67 34 46 75 71 54 40 95 81 89 21 94 25 53 1 59 35 79 85 69 31 74 64 60 41 18 93 47 66 84 96 8 43 98 20 42 37 51 57 99 87 72 56 17 78 86 27 3 80 88 26 65 97 70 10 52 73 58 28 14 5 83 33 55 82 32 44 9 30 38 6
38: 4 53 2 34 74 44 76 51 71 30 14 58 25 65 26 16 64 55 88 79 52 17 83 97 86 15 47 43 85 24 29 21 49 41 93 50 100 59 84 46 37 32 48 10 82 13 45 42 33 99 66 91 5 28 68 96 77 19 12 57 72 8 35 39 1 27 87 18 38 73 3 78 92 40 62 70 69 80 81 94 67 6 11 61 56 89 31 95 36 60 23 63 75 22 54 7 9 20 90 98
39: 38 35 34 96 49 28 46 37 52 41 44 72 93 45 82 25 40 6 7 68 29 56 76 59 58 99 97 92 65 73 11 80 32 61 86 47 43 26 31 53 77 79 19 15 54 84 13 67 23 63 100 69 70 74 8 57 81 50 94 83 22 87 85 30 1 66 89 95 36 10 9 98 20 2 88 78 91 5 18 90 71 39 75 17 4 3 27 12 48 64 62 55 42 33 16 24 51 14 21 60
40: 37 89 81 75 24 86 68 2 38 94 19 39 27 10 3 95 36 42 73 6 12 16 87 97 100 93 15 23 17 53 56 55 29 78 82 88 28 40 30 22 25 49 34 74 44 60 71 59 80 65 1 33 41 66 20 91 76 58 85 13 72 32 52 61 54 69 45 48 99 50 79 9 77 43 14 35 4 51 90 64 5 7 21 26 96 47 63 92 18 70 67 62 11 46 98 8 84 57 31 83
41: 6 77 38 32 7 97 61 29 13 27 94 44 26 93 56 35 22 9 74 51 87 86 66 24 4 88 20 55 34 72 46 99 43 53 71 1 82 85 31 54 16 8 70 96 78 57 95 36 15 28 33 37 42 23 100 50 75 80 84 92 39 52 58 2 30 3 41 68 17 65 83 81 19 60 14 59 64 12 98 18 21 48 11 79 5 89 73 45 69 91 90 40 76 25 67 63 49 62 10 47
42: 53 10 1 4 29 41 96 44 57 83 14 46 55 74 70 32 45 16 13 18 58 9 93 39 69 81 79 78 75 24 94 12 51 37 27 85 21 99 8 17 38 47 67 65 68 15 52 54 49 22 48 23 86 42 43 64 19 92 89 87 60 3 84 2 100 76 35 62 7 33 36 5 88 72 40 98 11 91 82 6 56 26 66 90 95 28 63 61 71 25 31 34 97 50 73 59 80 30 77 20
43: 64 57 85 22 24 95 89 12 14 100 19 40 69 36 7 38 58 15 48 53 2 31 91 30 11 82 46 1 26 96 79 87 90 77 6 10 42 16 49 3 54 73 75 45 28 47 44 61 51 72 33 55 76 20 4 65 93 8 88 83 25 29 9 70 94 17 35 86 43 37 81 62 13 18 68 67 98 63 92 39 27 23 50 34 59 41 52 74 80 60 56 71 32 5 97 21 99 84 78 66
44: 61 72 89 68 29 78 52 9 93 86 66 69 83 41 64 58 85 70 21 34 47 38 36 2 100 90 65 87 97 77 25 75 76 20 28 92 56 43 27 44 6 42 37 19 51 39 82 99 53 91 95 40 48 88 74 3 18 62 98 49 10 15 80 13 5 22 33 73 7 50 16 45 8 59 94 24 96 4 14 11 54 63 60 57 30 55 12 46 81 26 23 79 35 67 31 17 32 84 71 1
45: 67 61 88 100 8 16 56 10 14 90 25 51 93 71 52 37 59 94 64 24 73 45 3 54 42 78 53 96 15 26 22 62 95 33 38 79 72 76 34 2 13 23 35 19 91 97 82 47 80 98 49 75 68 27 87 74 63 50 65 28 18 5 85 92 83 77 20 46 58 21 44 9 48 12 40 86 39 60 84 32 7 17 11 69 70 81 99 36 31 1 57 89 29 55 41 4 66 6 30 43
46: 8 37 53 72 96 14 49 71 5 33 34 73 92 79 58 68 30 4 63 46 98 93 17 50 19 84 9 25 28 1 42 35 64 66 87 80 24 21 16 74 27 82 40 81 32 78 47 62 75 44 48 91 99 2 7 89 52 55 77 88 10 51 45 20 97 85 76 6 57 23 95 41 12 83 22 65 43 61 94 100 90 70 18 26 39 31 29 3 11 60 38 59 36 86 67 13 54 69 56 15
47: 62 26 4 7 66 2 99 55 42 5 27 45 84 56 12 34 44 50 14 29 64 10 24 68 51 22 18 25 46 57 28 90 72 94 47 39 38 30 91 19 32 52 89 81 8 60 35 97 79 6 49 58 71 76 48 13 17 83 92 11 96 87 75 15 41 85 93 53 74 37 69 78 65 86 16 88 67 100 31 77 63 82 61 3 40 95 98 59 23 80 43 33 9 20 36 54 21 73 70 1
48: 97 71 74 18 77 31 15 5 59 86 29 61 50 16 3 36 51 35 65 13 100 95 82 44 98 47 63 46 73 93 79 60 54 34 27 53 1 42 52 6 25 2 81 87 21 38 76 75 40 62 67 30 92 23 56 89 26 58 55 12 4 19 8 48 99 22 80 49 64 28 94 9 37 20 68 41 96 10 90 39 17 91 88 85 66 11 14 24 33 32 43 7 45 70 69 83 78 84 72 57
49: 72 79 31 1 73 100 77 21 12 30 58 16 33 94 80 24 65 18 23 97 45 96 67 90 99 46 44 61 92 5 55 26 13 15 38 42 91 37 40 22 8 93 32 39 64 57 48 51 76 41 86 63 17 6 60 54 84 56 19 11 87 49 7 28 27 88 59 68 66 89 71 29 25 53 35 70 34 2 10 20 3 14 36 83 98 78 62 81 9 85 47 75 50 43 69 95 74 4 82 52
50: 95 93 28 86 23 54 36 98 76 46 85 90 53 66 59 67 63 15 41 62 5 70 8 82 11 9 89 71 20 48 81 30 99 51 65 91 16 64 21 84 56 78 57 12 58 13 79 32 6 80 47 34 75 18 74 87 4 97 29 94 49 10 88 27 22 68 42 19 73 37 17 96 38 1 25 14 45 69 43 100 26 50 83 2 33 52 39 3 77 35 72 55 61 60 44 7 92 24 40 31
51: 93 7 91 62 54 68 60 3 61 63 11 18 82 81 57 86 37 92 28 22 34 88 55 72 13 79 41 44 14 47 33 9 20 96 5 38 67 32 74 10 15 87 94 84 48 77 78 45 58 43 16 40 52 89 49 97 12 64 95 36 73 30 90 25 71 21 29 98 17 100 1 76 19 83 42 75 24 51 85 99 65 56 59 31 80 4 66 35 46 2 69 53 50 70 8 39 27 23 26 6
52: 82 23 15 26 42 81 72 68 92 27 31 79 73 38 20 77 40 24 74 96 45 6 87 91 63 90 55 35 17 52 59 84 3 78 100 14 57 83 99 44 21 64 36 9 71 88 28 95 33 25 7 37 98 50 97 48 62 39 54 2 93 34 76 30 60 47 86 49 53 22 41 46 69 5 65 56 1 43 16 8 94 70 75 89 58 13 4 19 18 51 80 67 32 11 66 85 12 10 61 29
53: 69 53 8 27 52 28 54 76 42 14 73 84 23 45 98 41 64 10 90 56 3 32 29 67 11 68 37 63 33 59 71 21 2 70 17 48 50 62 100 40 19 89 7 16 60 6 66 78 34 74 61 26 43 88 94 83 95 91 15 24 81 30 46 79 86 97 96 20 57 85 72 4 18 93 31 35 5 99 12 58 1 44 87 80 47 22 77 55 51 65 38 13 75 92 82 36 39 25 49 9
54: 12 60 90 10 21 99 78 37 44 63 42 28 82 71 40 70 91 9 65 77 79 94 7 66 8 38 14 62 58 25 51 96 13 6 32 86 18 48 100 59 88 89 50 81 39 93 85 76 67 15 17 73 30 35 72 54 41 34 69 3 27 97 95 16 23 24 46 83 26 64 84 11 75 49 57 43 4 33 74 31 61 80 87 5 52 20 45 36 19 68 2 98 29 56 47 1 53 22 55 92
55: 32 81 38 50 54 82 88 9 75 72 56 2 83 99 61 76 87 40 71 62 78 28 7 46 36 51 65 17 39 10 33 90 80 22 48 15 63 34 21 41 11 60 96 19 18 67 55 58 57 98 44 69 25 97 8 42 6 73 89 31 64 45 12 53 85 13 70 77 95 43 4 20 26 5 91 27 94 47 1 16 100 35 29 79 30 68 74 14 66 92 49 23 24 37 3 84 93 86 52 59
56: 97 82 86 93 67 51 98 90 58 80 21 29 76 62 84 88 14 44 89 49 66 31 52 91 87 33 37 46 92 54 8 83 63 20 57 59 71 47 56 25 96 16 11 24 18 2 45 26 23 36 65 43 38 22 100 61 32 50 4 5 99 42 9 39 94 12 85 27 48 6 74 68 79 15 81 70 35 69 30 75 72 77 73 40 41 95 3 28 34 19 53 64 1 78 60 10 7 55 17 13
57: 29 80 19 59 7 33 26 87 44 36 47 69 21 98 76 60 73 71 65 83 34 10 90 75 51 27 81 16 68 42 64 13 1 78 74 91 49 22 4 82 57 24 45 56 79 25 50 41 66 84 53 32 100 55 43 8 12 94 67 97 46 11 39 35 99 70 89 96 3 38 52 2 48 77 20 93 15 92 37 17 85 86 63 6 31 18 30 88 72 5 54 40 14 62 28 9 95 61 23 58
58: 60 72 90 22 52 13 18 43 6 16 8 33 65 68 2 88 30 38 31 4 70 83 64 34 47 84 41 19 48 99 45 57 55 100 73 92 77 89 54 50 5 35 1 82 46 51 39 69 58 63 15 67 86 3 98 29 40 24 81 62 85 80 87 75 76 49 27 14 21 71 26 93 78 95 17 32 11 56 23 91 42 44 74 12 37 25 28 94 36 20 66 97 9 7 96 53 79 61 59 10
59: 70 23 94 84 26 11 68 72 5 58 91 4 82 100 90 69 33 15 97 14 19 30 36 57 44 71 77 41 12 48 42 37 38 86 45 87 55 17 62 10 18 29 78 93 74 73 98 1 59 96 54 35 47 3 64 66 88 80 52 2 65 13 92 67 56 40 76 49 24 81 22 8 7 63 99 16 21 20 75 85 46 25 51 28 32 31 50 39 83 6 53 61 34 60 95 9 79 27 89 43
60: 73 42 80 98 81 70 20 22 46 29 49 86 68 16 31 67 43 53 5 52 97 85 28 96 17 88 33 39 99 18 21 100 11 38 48 27 4 74 44 3 56 37 87 54 92 41 10 8 9 19 35 34 60 14 50 12 7 40 83 55 51 36 57 63 77 1 89 69 45 59 90 94 65 91 64 13 47 78 93 71 79 24 75 2 62 82 61 30 26 76 32 6 25 72 66 23 95 58 15 84
61: 83 65 42 98 33 64 88 73 74 68 10 12 18 41 67 90 31 47 4 39 45 72 21 56 50 14 86 96 44 100 84 63 27 69 89 52 51 40 26 53 54 80 48 32 66 6 61 13 9 3 16 97 79 99 82 92 62 75 2 81 91 38 85 58 5 46 35 49 77 76 17 94 70 7 93 34 30 37 71 8 23 24 55 95 78 15 59 11 87 22 1 19 57 36 25 43 28 60 20 29
62: 24 58 38 57 61 7 47 14 37 29 39 66 15 64 67 73 28 55 3 71 8 45 33 36 69 81 12 79 70 82 4 1 85 97 87 94 51 42 59 76 30 60 96 2 89 17 74 46 68 19 18 78 5 83 26 27 25 44 77 54 62 32 31 48 84 100 65 92 21 50 10 43 22 75 13 56 98 23 53 80 35 95 49 20 90 9 93 34 86 91 6 63 11 52 72 40 41 99 16 88
63: 58 70 48 27 93 46 5 61 32 21 17 16 29 36 40 47 87 57 92 77 26 88 97 8 9 69 62 79 23 91 76 80 38 39 10 64 75 73 42 4 7 18 67 14 78 65 12 3 95 54 53 30 66 90 96 34 37 94 13 35 50 51 89 74 11 98 24 68 82 99 44 71 2 86 49 45 72 83 59 43 25 63 1 52 84 56 28 85 31 20 55 33 19 41 100 81 22 60 6 15
64: 4 34 20 53 27 60 82 76 61 16 98 9 86 10 42 95 11 97 67 62 54 94 72 45 25 33 46 96 44 80 35 52 83 84 66 12 73 1 87 75 19 93 32 58 24 22 39 49 41 57 81 91 56 40 17 71 37 23 55 74 26 88 63 100 14 47 43 28 79 78 85 51 6 69 77 99 89 68 65 48 5 29 92 8 15 36 30 7 21 50 90 18 38 13 3 59 31 2 64 70
65: 33 80 64 97 24 93 25 37 12 77 39 52 51 53 98 56 100 76 59 62 82 71 22 67 86 79 63 68 94 28 4 38 8 69 73 13 3 45 95 43 32 99 30 10 35 55 41 88 66 14 1 65 34 74 61 50 90 72 29 7 36 54 47 2 96 81 84 40 18 23 92 26 87 27 21 5 17 89 58 78 44 85 83 20 46 6 11 16 9 60 42 75 31 48 15 49 91 19 57 70
66: 10 60 45 68 36 97 5 52 28 64 80 50 34 63 39 95 30 11 78 32 99 8 98 1 6 17 35 62 91 75 72 23 76 16 92 85 40 94 100 31 73 67 51 96 38 21 59 24 22 29 81 77 41 86 26 69 53 79 12 4 66 13 61 49 47 25 48 93 83 54 74 57 15 20 9 33 87 55 37 71 58 88 44 3 84 65 56 2 90 42 7 19 70 14 18 46 82 27 43 89
67: 30 8 28 40 55 26 51 1 7 64 12 60 23 13 89 98 42 90 37 82 29 50 61 21 78 33 4 17 3 66 91 73 14 22 57 85 97 41 49 48 100 67 99 2 76 65 53 95 11 83 19 63 93 69 43 71 54 81 27 25 31 87 24 74 18 32 45 84 47 6 86 16 77 92 80 58 44 79 15 10 72 75 20 94 39 36 56 68 46 52 5 34 59 88 38 35 62 96 9 70
68: 18 39 8 95 21 55 61 92 97 38 47 29 73 6 63 82 25 36 13 99 31 30 81 56 91 32 71 11 22 70 49 15 75 19 48 35 27 10 59 64 57 53 94 20 87 100 66 33 51 77 60 74 98 84 52 41 86 9 88 54 89 80 44 90 3 76 2 58 96 5 12 65 78 69 23 1 43 45 85 83 62 46 28 40 68 93 26 4 79 17 72 42 16 67 50 34 14 24 37 7
69: 17 96 3 76 11 31 78 43 38 81 75 32 99 44 36 93 100 9 5 63 41 50 40 83 94 12 1 18 65 7 89 73 10 49 34 37 14 64 68 85 62 95 82 8 6 2 72 87 86 23 80 58 60 29 25 46 21 26 92 47 61 79 48 74 16 77 71 98 53 35 15 91 30 84 56 67 97 4 69 45 59 42 19 20 55 33 54 39 70 90 88 57 27 22 51 24 66 52 13 28
70: 100 94 81 29 66 17 87 82 4 85 15 6 58 98 95 22 48 73 63 32 88 35 84 53 18 5 20 10 28 27 46 40 61 70 24 54 19 7 52 42 44 86 43 12 50 41 75 51 13 80 3 30 45 92 16 39 56 37 64 49 89 83 91 93 90 74 1 62 68 97 47 11 26 31 69 2 60 23 21 59 96 14 67 57 76 55 71 77 99 33 65 8 38 72 78 79 34 9 36 25
71: 11 40 98 49 63 18 45 30 70 57 41 29 12 38 17 55 93 31 75 91 6 3 36 82 48 23 7 32 34 52 68 20 33 65 1 66 72 51 35 2 53 85 95 78 84 67 26 19 71 86 97 69 77 16 42 96 92 14 44 99 47 10 73 62 56 37 9 21 90 61 5 13 25 60 100 79 64 83 80 54 81 46 39 27 22 88 87 89 74 15 58 43 28 24 94 50 59 76 8 4
72: 38 99 93 46 63 88 64 45 16 44 34 90 71 33 75 68 50 78 9 97 80 23 62 53 7 81 22 10 14 91 41 31 59 25 54 82 67 56 27 94 86 60 76 4 89 13 36 35 98 29 40 61 87 51 17 3 65 8 43 95 85 11 30 2 18 6 37 21 12 58 24 66 32 1 55 28 42 15 48 5 52 26 19 69 79 100 96 47 83 72 92 57 74 20 70 73 84 77 49 39
73: 51 14 42 35 86 76 66 81 88 67 18 26 95 53 3 39 68 11 93 49 90 38 6 91 71 82 54 72 59 17 69 36 57 7 43 2 19 22 96 64 97 65 33 5 52 75 62 45 50 89 100 27 4 80 84 87 9 85 13 41 55 47 79 46 73 30 37 94 99 58 34 83 78 15 29 31 28 74 8 63 48 10 23 77 25 12 24 20 56 98 21 1 16 40 61 44 32 60 70 92
74: 16 63 81 38 73 43 23 72 66 79 34 24 4 69 75 59 3 87 53 37 45 44 20 85 2 15 70 36 61 99 1 7 89 17 64 25 96 22 51 74 27 60 6 57 86 48 8 84 30 31 98 33 47 39 19 83 49 13 21 14 11 32 55 77 56 95 52 9 26 46 62 100 90 41 97 50 80 93 68 92 12 91 58 28 5 18 88 10 71 29 40 94 54 82 67 35 78 76 65 42
75: 1 97 4 2 86 6 51 19 35 40 17 71 58 93 49 96 82 89 62 34 46 63 83 75 28 61 14 5 38 74 80 15 79 64 11 56 24 21 70 27 37 81 45 7 20 3 77 87 66 53 23 100 25 48 78 9 98 65 50 39 10 12 73 30 16 92 41 47 67 18 55 95 91 84 72 69 52 76 13 33 32 60 85 44 54 59 57 8 22 31 36 94 88 43 99 29 26 42 90 68
76: 2 68 53 77 52 4 84 76 13 5 9 80 82 47 99 57 16 11 34 62 60 20 30 22 95 75 15 36 83 7 70 66 54 41 93 43 79 97 92 58 74 17 71 59 19 31 72 88 18 39 45 25 26 6 91 8 38 28 96 37 32 50 81 12 87 10 27 1 56 63 89 21 65 67 23 64 94 51 86 48 98 69 78 40 29 33 24 100 73 49 90 85 55 42 61 14 46 3 44 35
77: 35 51 59 1 99 8 84 68 12 79 100 64 85 29 89 33 97 28 16 95 26 88 80 81 2 38 52 18 14 65 54 47 75 82 98 48 67 23 39 77 4 86 69 6 13 74 31 49 53 42 10 40 7 70 76 11 37 93 72 61 66 58 41 87 17 92 62 27 43 5 9 21 25 3 90 19 50 24 83 45 56 57 36 60 94 30 15 20 55 44 22 71 96 91 73 32 46 34 63 78
78: 6 23 52 14 8 96 46 63 90 10 68 17 83 62 40 58 73 100 80 11 26 87 72 35 31 32 44 22 45 36 99 30 81 65 84 2 98 53 12 92 67 88 77 76 33 29 54 24 69 37 79 21 39 7 25 55 38 13 42 51 41 66 60 75 57 78 34 61 82 89 43 50 93 56 9 28 48 49 85 4 74 15 97 20 3 64 86 95 94 18 59 71 5 1 19 27 91 16 47 70
79: 1 66 74 56 95 37 32 5 3 100 82 30 84 10 41 25 71 23 20 75 91 55 67 42 35 61 60 9 52 46 4 94 81 19 11 96 73 40 15 34 14 51 18 36 83 17 33 97 48 6 28 8 64 92 62 7 24 50 27 53 86 79 2 68 77 22 49 13 69 54 72 87 85 59 70 58 93 80 21 57 43 88 78 38 16 76 99 39 44 98 63 45 26 90 29 89 31 65 47 12
80: 23 33 40 36 56 90 72 86 89 1 41 30 87 100 95 4 84 50 54 96 60 48 19 21 78 70 3 79 80 24 38 77 73 5 51 61 71 98 53 67 85 29 92 11 63 75 46 81 6 66 93 43 42 47 83 7 74 91 25 10 94 97 14 52 22 58 59 68 34 12 9 17 82 2 31 18 37 64 49 65 8 16 27 35 44 39 62 45 69 55 32 26 13 99 20 57 15 88 76 28
81: 17 30 91 55 47 11 14 58 67 18 52 8 73 81 33 41 25 12 68 9 95 20 50 92 43 65 1 66 56 19 7 86 77 64 27 34 38 61 49 87 76 46 4 98 45 51 97 10 59 23 74 31 42 3 75 53 16 93 100 79 29 82 80 5 22 99 44 96 60 63 85 35 15 84 36 94 24 88 89 78 13 70 26 57 48 72 2 32 83 40 37 28 39 90 21 71 62 69 54 6
82: 4 57 74 87 24 20 54 89 99 84 11 40 8 7 38 55 71 65 19 91 43 1 72 45 82 94 10 50 21 92 56 23 53 42 32 30 26 68 28 97 69 13 88 90 37 33 44 100 22 63 25 77 2 9 79 60 17 34 5 73 66 18 95 47 49 59 12 6 85 83 64 76 75 15 35 3 51 67 78 36 16 93 98 39 29 41 81 46 61 58 86 48 27 96 31 80 70 52 62 14
83: 58 70 86 10 39 42 43 61 15 65 99 20 68 67 24 34 62 95 75 92 8 17 7 23 28 19 89 84 36 93 90 38 51 26 81 52 79 22 1 18 74 31 60 4 85 16 13 64 48 2 59 27 57 41 73 53 72 87 44 9 69 82 30 91 63 11 88 100 54 40 45 83 3 35 12 25 55 6 5 96 21 94 29 76 14 32 37 56 97 50 47 77 80 78 66 71 46 33 98 49
84: 55 63 49 48 94 75 61 23 9 84 45 95 65 82 79 71 98 18 14 32 28 78 8 100 26 6 77 88 10 13 67 93 97 51 83 7 42 1 87 85 29 16 46 56 66 25 90 20 70 92 27 5 15 24 80 4 86 2 21 37 44 19 54 76 99 64 62 33 30 3 31 81 89 96 41 34 43 91 17 12 47 36 11 57 68 53 60 39 50 69 58 74 40 72 22 73 38 59 52 35
85: 85 14 2 25 87 11 52 1 95 50 6 94 36 35 3 72 75 57 37 70 100 31 26 22 34 62 18 23 28 76 59 97 29 30 80 44 13 47 8 5 38 82 7 79 41 73 55 42 32 71 16 20 77 4 65 90 17 15 49 88 78 56 81 10 84 43 27 69 98 74 12 67 68 83 40 33 91 46 58 66 92 96 9 54 21 53 89 86 63 93 19 99 24 51 39 48 60 61 64 45
86: 82 31 26 19 88 92 56 2 68 7 10 52 85 62 33 32 34 97 25 3 69 93 35 13 72 61 42 41 37 49 40 86 67 74 80 43 51 4 8 59 90 15 28 83 20 84 47 16 87 39 18 53 45 81 54 23 94 5 30 27 95 79 6 9 1 100 76 29 66 63 60 89 12 55 11 91 44 98 22 70 36 96 58 73 21 65 50 77 46 14 75 38 71 78 24 99 64 48 57 17
87: 29 96 38 80 2 23 59 98 42 100 56 61 5 43 47 62 57 90 67 52 49 3 22 8 35 81 51 91 65 32 45 12 31 75 97 40 20 93 66 55 58 84 46 16 79 87 26 70 33 92 83 82 95 76 54 48 64 50 89 28 60 74 15 88 77 71 99 9 4 13 53 11 24 21 30 78 73 68 6 72 17 39 7 85 41 10 94 34 14 63 1 44 18 69 27 86 25 36 19 37
88: 12 47 44 49 43 45 79 98 80 77 60 16 24 23 72 10 36 99 4 65 6 32 76 89 53 58 50 71 9 56 37 34 48 59 78 17 52 40 70 35 88 19 25 3 94 62 7 55 41 100 96 73 64 14 69 83 30 21 46 29 92 15 27 87 68 75 67 90 66 31 93 81 8 74 54 18 86 13 61 97 11 82 57 63 51 38 22 2 39 33 42 1 91 85 28 84 95 5 26 20
89: 28 42 61 21 89 27 49 7 50 26 82 9 55 2 33 52 83 74 40 58 75 70 72 4 23 34 62 77 87 71 65 60 20 69 25 79 8 90 98 59 47 6 85 78 84 31 24 68 14 11 76 22 43 99 95 39 46 92 17 81 96 16 12 18 64 100 13 56 1 48 35 3 80 53 73 15 63 38 19 41 5 93 91 30 67 57 36 66 54 37 44 94 51 10 32 88 45 86 29 97
90: 93 92 22 56 21 35 39 79 95 28 72 3 2 54 73 29 60 83 7 57 8 49 15 75 48 66 26 10 55 68 98 81 89 87 33 16 13 24 63 97 1 36 74 61 84 14 58 43 46 45 40 20 100 70 90 65 77 53 59 34 50 91 64 19 62 94 51 38 44 4 27 25 96 88 18 82 47 76 69 5 78 30 23 6 11 86 80 71 41 12 17 9 99 67 37 85 52 31 32 42
91: 68 97 94 81 79 50 61 46 20 86 88 87 74 95 76 84 17 57 7 56 3 4 42 99 9 18 35 28 24 64 6 93 66 75 65 11 51 13 26 80 67 53 82 8 15 14 70 49 21 2 33 34 69 10 48 41 45 100 25 32 54 77 73 43 62 22 16 39 23 78 92 19 30 5 36 27 85 31 40 63 1 52 47 96 60 59 98 72 58 12 91 71 89 44 29 38 83 55 37 90
92: 54 1 51 44 66 55 65 94 33 8 74 98 42 24 79 64 38 89 4 60 80 39 47 85 81 70 29 23 62 75 50 86 35 59 10 21 73 53 18 11 27 12 69 9 72 88 2 19 71 5 28 46 20 77 67 36 83 37 7 97 40 41 45 52 96 84 91 93 43 58 82 76 56 34 6 87 15 61 90 99 92 17 16 3 13 100 31 63 68 14 48 57 22 95 30 49 78 26 32 25
93: 37 52 3 56 93 47 29 19 45 71 28 59 20 34 5 89 2 65 64 21 76 1 25 10 18 50 7 26 23 41 17 75 97 96 73 58 66 42 32 14 62 51 94 13 33 61 85 86 53 11 92 74 40 54 77 90 22 36 44 57 49 38 99 16 91 72 31 30 67 6 68 8 48 80 69 63 79 24 55 82 88 87 39 27 46 100 15 4 70 43 81 83 60 95 9 78 12 35 84 98
94: 70 56 36 85 20 15 55 93 67 86 32 8 33 5 42 3 34 61 44 23 24 79 13 52 57 38 1 47 2 75 22 90 92 19 30 25 43 76 60 51 10 50 17 16 81 35 98 65 89 82 74 54 71 87 45 96 40 72 83 58 84 77 62 18 31 63 27 28 69 46 66 94 80 9 11 12 68 53 78 21 91 6 4 14 73 48 7 95 97 37 99 88 26 100 41 64 39 29 49 59
95: 3 1 86 81 95 65 64 70 18 22 88 76 32 78 12 25 59 27 7 21 17 33 90 36 8 79 100 38 62 98 6 74 53 26 35 19 5 80 49 11 15 46 30 58 97 77 45 40 54 28 41 10 89 63 85 84 68 14 71 82 39 37 44 91 43 51 72 75 47 29 67 16 83 66 55 73 56 9 50 24 69 87 20 13 4 94 2 99 96 57 48 31 92 34 61 93 52 42 60 23
96: 88 56 54 97 68 32 38 98 29 18 96 48 36 34 84 69 20 80 9 45 19 24 95 93 55 46 27 86 83 58 64 43 26 50 14 44 25 75 21 63 41 1 4 23 76 82 49 37 70 62 11 40 99 8 15 81 77 5 57 94 90 35 61 51 22 13 65 42 28 7 100 2 59 10 79 67 92 78 85 89 91 73 39 3 17 30 74 33 53 87 31 71 66 52 16 72 12 6 60 47
97: 21 76 84 20 77 3 92 93 98 86 69 16 35 23 26 78 9 62 72 19 5 74 6 40 12 64 94 80 8 81 82 46 18 57 85 51 17 37 25 47 41 56 73 95 75 54 91 60 49 68 42 66 99 50 67 45 36 58 96 87 100 34 1 90 38 71 43 63 4 48 65 28 31 59 10 89 97 13 83 30 15 55 52 27 32 79 2 70 61 24 53 29 44 7 88 14 33 11 39 22
98: 2 47 63 3 40 83 13 50 68 78 95 36 37 62 67 48 51 42 77 85 93 81 90 38 21 58 87 80 9 20 25 54 88 59 71 7 16 29 41 6 70 45 10 4 57 35 12 23 72 97 31 73 79 1 8 11 64 66 94 39 17 49 69 82 60 99 44 56 75 53 34 100 43 52 18 65 89 76 91 27 92 46 19 84 24 14 5 55 28 61 22 33 96 15 86 30 98 26 74 32
99: 95 8 39 9 59 84 96 67 74 51 42 3 100 75 33 44 52 58 86 92 25 69 63 14 4 48 68 22 13 38 36 90 15 61 7 70 83 72 49 79 98 81 31 23 11 94 18 78 32 10 65 56 35 27 16 21 71 20 1 40 54 24 97 89 64 26 77 28 82 99 6 57 17 37 30 29 12 93 19 87 47 53 55 2 62 46 85 91 80 73 60 5 66 43 41 34 50 45 76 88
100: 73 5 82 100 92 20 93 18 62 45 40 43 27 57 80 11 81 86 44 6 22 10 9 88 14 94 34 74 36 33 49 59 91 37 95 78 12 4 19 70 83 98 8 50 96 56 24 38 65 55 29 31 58 84 41 16 30 75 99 52 13 64 46 47 71 3 51 7 23 61 39 1 68 26 79 60 90 87 53 85 89 76 66 72 48 69 28 2 32 35 17 42 25 77 67 54 63 15 21 97
1: 88 19 94 99 21 63 97 22 40 78 14 12 18 35 27 9 16 70 38 84 53 96 10 90 6 65 43 49 91 66 54 52 23 60 17 26 36 7 71 5 59 77 87 45 48 92 24 31 15 89 11 95 50 64 29 100 30 61 86 37 83 62 56 76 46 68 55 58 73 57 69 25 8 1 82 98 79 47 28 81 13 41 20 75 4 44 51 34 33 32 67 74 85 42 72 39 2 80 3 93
2: 88 4 15 80 6 95 89 31 96 68 7 65 50 38 87 1 18 41 90 67 3 81 40 74 86 47 8 53 20 9 54 16 5 99 17 69 61 32 58 10 48 98 62 64 75 82 84 44 66 55 39 23 25 70 30 63 36 76 22 11 83 33 24 93 100 97 52 91 59 51 92 57 21 43 85 71 60 35 2 42 13 94 26 27 14 37 12 34 49 77 56 79 72 78 46 73 28 45 19 29
3: 37 12 31 17 28 34 39 95 36 35 76 65 52 50 53 24 81 22 55 85 86 19 73 30 14 82 10 66 27 9 6 99 72 49 93 5 87 64 32 69 29 58 33 47 44 91 88 21 25 94 57 60 4 48 100 84 80 8 78 42 40 75 56 59 38 26 67 97 68 18 74 90 2 51 98 41 23 70 20 16 54 89 83 15 45 46 3 11 92 61 63 43 7 96 71 77 79 13 62 1
4: 88 51 91 65 8 9 60 38 97 81 69 45 90 96 85 13 19 70 67 47 29 10 89 18 94 17 83 82 7 41 30 62 73 92 6 32 75 99 49 57 80 11 68 12 4 52 63 3 59 78 1 31 5 37 34 46 86 26 79 43 40 93 22 95 77 28 27 53 56 20 23 55 72 74 100 64 35 58 25 15 76 21 87 71 54 98 50 39 24 66 36 42 33 84 14 48 2 61 44 16
5: 16 47 21 13 15 61 66 84 54 10 77 98 85 79 14 4 24 8 30 3 9 51 7 33 29 87 72 41 73 36 62 39 68 64 81 19 38 100 20 96 63 89 23 17 95 35 99 27 55 50 6 43 49 40 70 22 88 90 18 28 48 76 1 32 12 86 2 91 80 5 65 60 71 69 74 59 57 25 44 31 53 26 75 37 46 92 97 78 94 67 56 45 34 83 42 82 93 58 11 52
6: 31 74 9 7 20 5 3 47 69 50 33 8 89 49 36 45 21 14 39 100 11 84 73 98 95 19 16 77 62 57 66 37 63 78 34 76 48 4 29 1 96 72 65 15 91 51 46 67 17 60 92 79 40 93 13 27 18 64 25 94 24 12 70 55 28 32 58 2 87 6 52 38 53 71 10 44 82 30 80 22 90 86 23 75 61 43 26 88 97 41 42 81 56 99 54 85 35 83 68 59
7: 6 22 41 52 92 81 70 79 24 100 40 29 31 66 61 30 21 73 43 89 85 38 53 37 26 68 32 12 86 9 3 80 95 63 39 88 17 44 99 8 25 13 84 96 4 90 23 62 27 93 10 64 69 20 15 60 71 56 97 94 55 11 19 33 87 34 50 82 1 35 36 57 78 42 58 98 14 48 91 46 65 54 7 45 51 75 18 5 83 49 67 47 77 2 76 72 28 16 74 59
8: 30 53 60 39 76 74 47 94 8 79 20 100 48 15 19 61 11 52 25 70 41 14 5 46 63 78 26 58 89 38 6 12 44 57 24 62 84 10 22 72 66 67 82 81 32 97 65 42 18 96 37 87 77 35 69 80 91 68 93 71 49 83 34 27 98 92 36 4 31 17 9 43 40 3 90 85 16 2 99 33 86 23 56 73 95 64 50 1 45 88 29 75 54 13 21 55 28 7 51 59
9: 84 29 85 35 13 1 26 30 98 82 33 73 39 4 11 83 76 52 96 17 55 99 9 90 43 100 56 31 77 86 34 61 19 60 28 67 72 36 69 6 93 71 51 25 40 18 74 21 15 16 49 66 27 97 75 7 22 89 70 44 80 58 32 12 87 46 91 47 8 59 64 20 23 5 38 3 63 37 48 62 78 92 54 2 68 14 41 10 42 24 81 50 53 57 65 79 94 95 45 88
10: 79 38 76 30 14 77 3 86 95 7 19 26 36 35 22 89 44 1 87 67 81 6 4 43 56 25 9 23 53 88 31 40 47 78 96 18 49 90 27 72 60 50 57 52 17 8 48 66 10 29 32 11 37 85 97 5 64 24 84 21 100 62 15 61 20 74 91 59 93 69 33 92 94 12 54 2 58 82 63 80 55 68 71 73 16 70 51 45 34 28 98 41 75 99 83 13 39 46 42 65
11: 12 68 92 84 65 50 20 38 59 86 87 58 83 30 73 75 70 23 46 22 100 53 71 3 39 18 21 19 26 27 63 81 10 35 99 66 13 89 40 16 56 4 57 98 25 37 36 62 14 96 88 15 61 80 17 6 51 97 41 90 95 52 31 72 34 79 43 5 76 28 47 33 1 85 2 94 77 82 42 60 8 93 9 48 44 64 45 32 54 91 7 69 11 67 55 74 24 49 29 78
12: 82 32 14 29 20 49 11 62 84 22 18 97 90 9 98 64 10 37 7 41 59 6 55 1 92 71 73 65 44 36 86 28 93 94 78 24 100 16 39 81 48 25 46 15 91 52 43 4 95 76 67 68 88 61 19 3 96 54 5 53 79 87 69 30 60 85 83 23 80 99 74 89 2 56 72 12 33 31 63 27 40 38 58 26 77 35 13 17 21 57 45 70 42 8 75 47 66 51 50 34
13: 25 28 19 40 65 21 74 36 13 62 84 26 45 67 24 38 11 14 29 54 87 33 96 50 20 42 69 3 75 68 60 100 27 15 8 85 1 80 77 2 95 97 55 49 71 52 17 99 58 51 7 12 23 59 30 35 10 63 43 66 9 39 53 94 86 18 83 76 46 90 31 32 92 72 57 4 16 98 5 34 93 37 22 61 64 56 70 47 41 48 6 79 73 78 81 44 82 89 91 88
14: 46 62 27 31 83 28 100 5 55 80 22 12 89 30 50 40 32 78 34 84 45 19 24 17 86 90 20 72 95 49 52 93 6 87 71 14 98 37 29 21 85 56 92 36 47 81 51 91 15 2 66 38 82 88 44 23 60 42 96 64 16 94 8 73 57 99 3 10 13 97 69 79 61 35 74 63 75 48 18 54 77 26 4 67 25 59 1 68 58 70 41 33 76 53 65 39 43 7 11 9
15: 95 39 35 50 17 81 42 67 69 4 57 76 34 82 78 90 38 60 40 25 33 13 36 31 64 70 45 89 2 9 56 94 72 61 52 8 84 24 21 12 22 23 99 96 68 27 74 37 97 10 58 28 55 16 100 26 11 49 75 54 46 1 88 5 79 29 48 18 73 66 63 59 7 19 41 77 47 80 15 86 71 98 14 51 85 32 20 93 62 87 43 83 6 65 91 92 44 3 30 53
16: 24 62 65 54 30 42 69 15 79 99 59 73 85 26 77 36 22 48 58 7 75 53 25 66 33 28 47 100 27 68 74 96 98 31 70 64 10 87 5 39 92 18 91 20 95 37 82 6 43 32 76 50 80 63 49 1 41 4 86 44 88 17 23 34 9 60 45 56 90 93 38 21 89 61 67 3 84 83 11 81 51 94 71 2 35 19 40 52 12 97 29 14 13 78 8 16 55 72 46 57
17: 69 44 97 61 64 15 40 50 52 67 13 49 11 51 43 27 39 92 18 29 87 46 99 63 2 71 54 80 95 16 12 14 21 19 37 86 75 89 8 96 100 77 42 76 91 93 9 74 48 82 20 6 22 30 68 45 23 98 79 70 36 88 73 85 59 55 94 26 41 1 72 28 58 84 81 62 35 34 5 56 33 65 60 10 66 3 78 25 7 17 83 38 90 53 47 31 4 24 57 32
18: 94 89 64 96 93 90 6 69 22 55 36 32 88 82 49 26 46 8 95 38 87 71 52 37 43 60 53 33 79 1 20 12 41 9 16 86 100 11 63 42 66 44 50 80 21 59 54 10 70 58 31 68 7 3 19 29 62 48 18 47 92 97 76 4 14 25 98 77 75 99 23 30 78 84 74 40 2 72 15 24 65 56 13 28 27 39 81 83 67 51 61 35 91 5 17 34 57 73 45 85
19: 98 18 45 82 74 81 47 97 46 25 92 73 77 88 62 56 38 50 44 61 67 93 55 91 41 33 70 75 63 4 43 3 78 40 85 30 58 27 9 7 71 68 12 86 76 48 39 84 11 8 36 49 13 54 29 31 83 52 5 1 99 53 15 20 32 14 37 24 42 65 69 16 90 21 17 87 22 94 59 10 6 28 89 34 95 66 96 51 57 80 72 2 100 19 23 60 35 26 79 64
20: 92 34 42 14 58 33 6 70 53 39 60 59 2 32 75 85 78 94 23 98 11 96 45 18 22 15 44 55 54 30 46 9 57 77 82 76 49 63 50 69 86 91 1 90 20 51 79 31 29 100 66 24 68 71 25 62 35 64 40 95 81 13 87 21 61 47 89 8 3 19 38 72 83 36 74 65 41 4 12 97 56 28 37 43 67 10 88 27 48 52 84 26 73 16 93 17 99 7 5 80
21: 42 17 23 29 14 31 79 75 49 82 19 74 22 38 88 68 66 1 86 25 13 5 27 10 40 50 93 57 65 26 63 92 72 85 64 99 16 52 8 45 94 60 91 67 71 100 90 36 59 55 3 80 83 61 46 43 51 97 34 96 78 69 28 95 11 35 6 81 44 47 24 54 87 20 32 76 39 84 9 73 18 56 41 7 70 53 21 30 48 2 12 4 37 77 89 15 58 33 98 62
22: 55 76 44 31 86 87 7 14 71 60 12 20 11 70 66 3 15 4 9 94 58 50 93 34 53 97 18 42 33 37 23 17 59 30 100 28 83 98 62 73 67 13 79 84 47 69 36 64 46 81 25 49 22 85 52 2 27 5 89 56 43 10 77 68 21 72 1 65 91 88 6 82 29 39 90 41 51 8 35 40 26 74 38 57 63 54 75 32 48 95 45 78 99 24 19 61 96 16 80 92
23: 80 14 11 26 86 85 44 45 25 79 68 61 7 27 46 66 12 97 6 76 60 4 59 57 16 43 81 39 78 35 33 52 31 30 87 55 74 95 94 71 62 5 53 64 29 18 41 50 8 93 83 3 77 15 56 84 28 92 70 48 37 21 1 82 9 34 69 36 89 38 20 88 75 67 51 10 49 40 96 17 24 47 32 13 23 22 100 58 19 98 73 63 91 72 2 42 54 99 90 65
24: 26 1 84 30 7 51 17 38 23 24 37 5 92 70 83 98 15 8 10 79 58 90 66 35 44 64 86 21 20 29 80 48 59 85 60 56 76 63 78 57 61 28 88 39 72 18 75 42 91 25 14 41 54 96 4 27 34 47 3 36 12 52 31 82 65 32 67 9 77 100 87 99 19 73 11 71 43 2 89 95 13 33 22 50 68 55 93 49 6 46 45 40 74 97 16 81 62 53 69 94
25: 68 60 99 12 41 98 38 23 97 29 95 32 28 35 25 90 21 3 72 36 92 57 76 67 85 51 2 81 15 77 42 31 50 43 58 89 93 75 45 80 5 86 64 24 62 34 78 1 52 73 55 61 59 84 19 94 79 71 4 30 53 10 47 14 100 46 33 69 13 6 17 87 37 66 63 22 91 44 18 26 40 65 20 27 74 39 49 54 83 48 56 82 9 88 96 7 16 8 70 11
26: 48 84 27 83 89 9 79 54 37 56 51 44 92 63 70 68 31 20 21 32 76 98 91 50 55 2 30 16 17 53 81 41 64 18 38 61 73 3 59 93 22 24 7 88 15 86 94 67 72 45 11 29 10 78 77 66 65 71 75 35 33 96 42 4 43 97 14 90 80 5 95 40 26 49 34 23 58 87 12 57 8 100 25 36 62 46 1 13 19 39 74 47 52 85 82 28 60 6 69 99
27: 75 71 11 89 86 21 45 97 58 18 44 92 5 54 77 33 28 60 7 51 96 57 76 66 20 9 1 48 50 35 34 73 98 49 10 69 6 74 17 38 84 64 55 91 29 80 95 19 32 83 65 15 81 13 61 72 88 4 40 94 62 79 99 16 31 53 27 8 3 30 90 39 22 56 46 42 47 67 87 36 24 2 26 93 82 68 100 59 25 43 14 12 85 52 37 63 70 78 41 23
28: 88 94 29 69 91 30 20 45 43 32 53 85 7 90 8 67 60 18 11 64 33 25 61 22 5 62 52 59 34 79 86 35 96 13 68 16 2 92 74 100 56 54 50 66 14 48 95 6 57 31 21 55 65 38 26 24 87 81 23 83 40 89 47 75 9 84 15 1 70 39 51 44 12 72 46 17 28 77 80 97 41 98 99 78 76 3 10 49 4 37 27 71 42 82 36 93 19 63 73 58
29: 18 38 66 81 42 40 11 24 96 12 21 16 25 79 34 80 32 6 31 71 93 83 28 3 27 76 64 20 72 9 36 50 84 2 53 30 17 74 88 45 67 95 69 44 90 4 39 89 14 33 70 41 5 77 54 48 97 43 61 82 91 85 35 26 100 57 46 87 52 92 59 1 63 15 49 58 51 22 10 56 94 78 13 65 62 7 8 37 47 23 75 73 86 68 19 98 55 99 29 60
30: 22 38 41 47 33 57 60 45 81 91 67 52 59 36 20 15 37 3 65 2 80 43 97 24 69 27 64 16 17 54 56 73 18 44 84 32 13 48 5 94 79 77 1 100 99 29 4 21 30 68 85 40 78 49 39 83 61 63 66 31 28 92 6 25 88 93 14 46 90 70 23 62 8 9 98 96 7 86 11 34 53 71 19 95 12 76 51 26 75 58 10 42 74 82 35 87 72 50 89 55
31: 38 62 25 30 23 44 10 28 8 71 51 61 26 57 41 43 63 65 98 66 60 42 13 87 5 97 78 31 76 75 47 24 69 21 83 39 88 4 82 77 91 2 14 59 32 48 56 20 74 64 89 93 99 85 94 95 37 36 11 49 72 16 17 70 50 15 46 40 33 92 100 45 19 96 55 7 22 80 84 12 52 73 54 79 35 6 3 27 53 29 9 58 1 34 67 90 86 68 18 81
32: 59 11 19 32 46 37 60 18 80 21 58 47 66 68 71 95 38 62 79 75 43 93 50 31 12 54 94 8 35 10 48 16 56 7 74 3 67 63 34 9 98 77 27 14 78 70 30 20 100 36 44 52 81 73 45 82 24 29 6 61 13 86 55 53 90 17 42 40 28 97 51 88 83 57 64 4 15 92 41 2 1 5 39 65 76 25 87 96 26 22 89 49 84 33 91 23 85 99 72 69
33: 70 88 6 60 65 63 69 90 33 59 15 61 67 79 81 87 18 80 37 85 2 99 53 42 30 7 64 84 73 22 4 24 100 1 23 43 41 95 55 31 21 46 27 16 38 86 96 8 83 93 97 72 54 29 26 71 75 77 25 62 35 78 48 5 40 82 10 13 17 9 20 92 94 12 66 91 45 19 47 36 57 98 34 39 44 89 49 28 58 74 3 11 52 32 14 50 68 56 76 51
34: 63 33 65 6 89 41 86 31 44 53 30 91 69 99 73 16 62 9 27 84 37 55 64 19 17 98 49 11 32 20 29 40 90 81 26 21 10 74 100 3 96 78 35 39 18 83 56 51 75 42 77 93 67 38 14 97 61 54 13 4 70 47 43 24 34 12 85 95 36 59 25 52 22 5 7 58 72 80 46 60 15 48 87 28 68 57 92 45 94 8 1 2 50 82 79 88 23 71 76 66
35: 21 64 94 24 63 85 38 17 12 39 19 51 74 98 71 9 3 65 100 77 60 95 75 81 50 93 91 14 90 23 43 31 46 67 30 42 22 49 78 40 55 89 99 20 32 5 82 52 48 16 25 28 47 87 45 92 29 11 35 41 26 27 69 84 6 18 53 13 68 10 8 36 70 72 83 61 88 37 86 76 96 2 54 79 66 73 33 15 1 7 80 58 57 4 56 44 59 62 34 97
36: 67 88 55 25 89 92 15 4 68 84 3 13 42 100 78 45 64 23 59 51 62 82 7 56 36 17 65 86 31 52 2 98 11 90 50 41 66 5 58 35 28 9 87 74 29 96 40 34 49 77 21 81 37 57 38 39 60 71 79 19 12 22 16 43 91 32 54 20 83 76 48 24 99 69 33 6 8 47 94 27 53 70 46 30 97 63 75 61 26 14 95 44 18 1 10 93 72 85 80 73
37: 84 83 5 60 82 51 99 3 69 9 37 91 50 81 56 33 22 8 25 42 40 68 63 32 2 61 20 31 13 26 28 15 64 41 35 18 94 47 73 89 48 67 86 78 1 46 70 90 10 66 17 55 29 16 77 74 100 95 21 62 45 85 71 88 59 76 11 80 97 44 7 12 92 98 6 39 52 96 27 4 57 49 58 72 54 79 65 75 24 23 87 38 53 14 36 93 19 43 34 30
38: 75 67 46 47 78 52 11 23 82 40 43 84 36 87 19 24 100 34 21 86 44 96 90 54 62 66 50 64 45 95 26 55 77 27 68 42 31 12 1 30 99 10 14 5 69 4 89 18 7 25 61 51 79 70 29 53 59 76 57 2 48 73 85 81 9 37 35 74 49 63 16 17 72 28 38 58 32 94 6 33 88 8 13 83 97 15 22 98 39 92 93 65 41 56 60 71 3 20 80 91
39: 17 97 12 51 26 54 55 35 15 77 39 64 31 30 20 45 42 37 94 49 46 14 89 80 85 61 10 87 40 44 1 6 90 28 23 33 68 71 18 27 59 75 74 81 63 36 43 93 24 34 88 29 22 70 3 52 91 84 98 56 57 19 76 4 41 72 58 67 11 92 13 78 47 38 2 21 96 48 8 79 7 83 100 60 32 95 73 82 50 9 86 62 99 66 53 25 65 16 69 5
40: 54 95 20 30 98 50 2 75 12 28 10 65 45 25 74 19 14 61 13 43 31 39 52 48 76 97 66 18 21 5 83 29 49 11 88 51 32 68 80 99 57 8 37 77 92 72 82 35 69 23 78 16 93 15 91 84 60 47 58 26 33 7 36 1 96 64 44 53 85 62 81 55 94 42 73 46 86 71 6 17 24 90 9 59 22 87 38 67 89 100 27 40 79 56 4 70 63 41 3 34
41: 34 4 19 46 48 80 41 39 54 15 81 26 58 63 65 82 57 50 91 64 27 31 97 75 3 6 49 35 14 30 67 42 59 93 61 71 66 22 55 74 36 21 84 44 77 1 72 90 8 5 33 76 12 78 51 70 69 2 16 56 53 79 45 9 28 83 37 96 38 92 87 94 73 88 100 68 98 47 99 52 43 32 23 29 86 18 17 40 95 20 13 10 89 7 11 60 24 85 25 62
42: 78 100 87 35 60 70 33 69 41 5 8 46 74 75 45 89 32 72 67 3 54 61 9 66 81 62 79 6 71 15 63 95 82 55 28 30 52 50 94 12 24 96 10 1 90 19 49 97 80 65 56 31 23 22 86 36 25 43 59 64 88 4 47 98 34 83 57 99 76 20 84 58 37 73 7 92 93 14 17 21 18 77 26 2 29 91 68 48 42 11 39 16 51 38 44 53 13 85 40 27
43: 100 11 46 38 30 59 10 72 71 58 23 36 85 82 8 44 51 27 34 3 70 95 4 28 14 45 41 97 98 12 20 32 94 60 33 78 47 7 62 55 35 37 22 69 21 63 2 9 84 17 65 5 42 48 79 74 89 1 39 52 56 88 76 54 31 66 57 49 81 67 77 53 68 96 6 43 40 73 16 90 29 91 26 87 25 83 50 93 99 19 64 75 61 80 92 24 15 86 13 18
44: 26 51 56 33 63 19 43 67 10 83 23 93 75 47 2 52 37 96 32 58 82 41 7 86 45 39 71 53 29 5 68 17 44 49 62 85 38 72 8 54 76 48 55 99 13 80 90 89 60 98 22 91 12 31 64 61 92 84 40 65 97 28 88 42 57 34 27 3 18 46 100 78 59 94 24 6 50 11 36 30 15 87 77 69 25 9 95 66 16 35 79 20 74 73 1 14 81 70 4 21
45: 32 43 17 5 97 48 98 95 96 55 24 4 60 14 16 70 13 89 33 57 45 65 26 37 75 29 25 67 92 20 93 69 34 47 74 35 11 56 41 39 85 82 87 90 6 58 100 80 66 81 52 91 78 62 88 49 46 68 2 28 94 9 59 86 19 79 84 12 76 71 8 53 21 63 23 31 1 30 77 15 99 44 18 22 36 7 38 10 83 73 40 42 72 64 50 54 51 61 27 3
46: 48 1 22 46 19 50 99 81 18 34 72 28 16 78 76 35 49 83 39 100 38 29 25 45 33 36 37 42 82 75 67 8 90 7 58 54 47 44 95 20 96 57 80 93 77 32 71 6 59 70 60 69 87 55 17 41 86 40 43 65 24 98 74 79 64 23 92 27 85 14 2 84 88 52 68 15 94 11 5 66 4 97 9 3 73 13 62 89 51 12 56 31 10 30 91 63 21 61 26 53
47: 92 58 18 85 63 52 7 55 48 64 77 13 66 76 95 42 46 37 90 11 80 5 59 27 23 71 22 41 61 16 29 56 24 53 36 25 17 91 67 6 65 32 30 74 99 39 72 12 93 35 62 2 82 38 20 28 45 94 54 14 9 87 69 51 57 89 86 33 15 34 100 44 50 1 31 75 68 79 60 97 8 70 98 47 49 21 40 26 84 81 43 83 19 3 96 88 78 73 10 4
48: 16 73 8 53 51 74 26 27 34 78 66 58 39 89 85 13 2 4 3 68 100 24 56 11 61 41 99 63 9 28 67 83 86 42 10 60 30 76 46 25 70 82 43 48 79 62 38 5 49 80 19 92 31 84 15 69 50 22 95 21 44 97 12 17 45 96 65 36 75 72 33 14 91 88 29 55 81 20 54 47 18 57 71 98 6 64 7 23 52 37 77 87 35 93 32 94 59 90 40 1
49: 75 36 44 89 17 3 81 85 99 82 15 37 40 13 79 2 96 23 62 76 6 8 98 80 31 95 92 1 73 43 59 26 50 35 71 55 42 4 63 87 91 94 48 68 54 21 69 56 64 16 30 72 53 61 25 77 9 49 38 28 14 10 19 86 78 83 70 74 20 52 100 97 66 58 57 5 84 67 7 24 46 33 88 18 41 32 22 47 27 45 90 93 65 12 29 11 34 51 60 39
50: 98 9 65 79 26 28 13 59 88 45 35 77 47 96 24 89 34 76 52 53 40 10 84 50 92 5 15 18 57 66 19 51 30 87 8 82 32 81 85 4 49 74 61 36 11 27 37 69 97 1 7 14 83 78 12 56 64 21 23 100 86 67 60 25 55 16 46 91 72 3 73 44 33 22 63 99 95 29 80 94 43 20 48 41 70 68 62 6 31 42 71 75 54 39 2 17 38 58 90 93
51: 44 78 45 16 20 48 35 38 76 81 23 56 7 27 100 40 95 65 75 71 82 77 5 84 13 2 30 4 54 90 8 17 22 67 58 29 70 15 87 68 64 55 18 57 99 11 61 36 79 97 41 63 73 88 1 9 59 10 37 12 83 66 21 92 39 24 28 74 34 93 96 60 89 43 94 46 85 50 62 72 25 86 52 6 26 33 19 98 47 69 32 91 53 3 80 14 51 42 31 49
52: 95 36 30 26 29 25 92 50 77 81 20 43 47 33 42 44 7 60 2 56 66 57 27 68 51 55 12 10 64 13 65 49 45 28 85 5 62 53 97 67 73 6 82 14 19 38 9 1 18 46 48 8 41 86 90 100 31 32 88 4 87 70 91 34 59 24 71 80 63 72 89 16 22 17 98 75 84 3 54 37 40 76 83 96 93 99 35 52 23 61 11 21 94 74 78 69 58 79 39 15
53: 55 11 36 60 98 91 63 66 33 53 18 67 46 14 70 43 4 56 25 10 24 54 100 26 15 34 69 30 61 97 80 84 22 13 57 75 64 87 2 49 88 99 32 85 38 12 92 29 83 23 65 7 51 39 62 19 47 21 9 59 8 1 96 6 52 89 72 16 76 73 20 90 79 41 58 17 44 82 45 42 68 74 94 77 78 37 93 48 28 50 31 86 35 5 71 95 3 40 81 27
54: 96 64 84 65 47 4 26 51 29 50 7 100 97 8 27 25 91 15 5 39 13 92 9 32 6 79 21 78 82 75 16 81 14 85 77 45 43 48 46 57 93 11 44 52 42 60 10 74 87 34 40 49 70 37 66 95 19 68 38 35 86 33 22 1 76 17 73 2 62 36 30 83 58 99 24 31 41 55 54 71 88 80 28 56 20 23 90 94 12 18 3 89 69 53 67 59 61 63 98 72
55: 9 64 32 13 81 94 7 38 19 10 85 61 17 37 74 77 65 87 48 59 97 29 78 4 89 90 92 75 5 25 22 51 68 3 99 91 34 95 16 82 27 11 47 42 70 26 28 24 93 96 57 58 20 36 62 52 50 53 67 79 60 80 49 44 100 98 39 23 72 15 86 41 30 63 45 46 40 56 18 54 2 71 6 76 33 73 8 55 12 84 88 1 21 43 69 35 66 14 31 83
56: 95 77 26 96 6 19 27 25 14 67 83 60 76 45 38 65 29 13 21 5 69 33 71 15 93 28 41 7 35 97 82 84 90 53 37 81 62 64 1 73 3 89 80 70 36 86 79 22 8 100 58 50 68 59 88 74 4 54 52 75 49 32 39 87 61 66 18 91 23 44 24 51 10 11 42 57 40 16 48 92 46 2 99 56 12 72 78 31 43 98 63 17 55 34 85 47 20 30 94 9
57: 96 43 90 30 86 19 54 62 61 95 66 63 50 93 91 1 68 79 12 84 32 42 34 60 47 99 69 31 27 14 85 75 3 92 98 87 7 73 56 25 45 24 88 2 13 29 41 71 9 40 38 11 83 97 15 23 33 6 76 39 58 48 59 52 16 46 55 28 100 65 44 74 51 67 49 4 80 57 20 89 78 18 21 36 77 8 35 37 82 5 81 22 53 72 70 94 26 10 64 17
58: 8 96 1 22 90 29 18 82 44 99 53 52 87 98 48 9 17 91 66 7 47 92 76 51 5 50 74 14 32 24 64 35 12 3 23 43 65 40 72 34 85 95 73 63 26 83 21 56 81 41 71 62 68 79 46 20 42 59 61 4 30 54 97 25 88 2 77 93 33 13 67 80 31 84 10 55 38 86 89 69 58 60 19 78 57 39 36 70 28 15 100 37 49 11 6 94 16 27 45 75
59: 51 18 28 98 33 66 96 58 93 42 72 60 36 81 19 25 47 57 27 8 97 41 65 52 46 89 53 88 64 99 45 20 2 6 56 54 75 43 67 44 87 79 23 5 21 49 50 80 13 12 74 76 11 7 78 73 3 32 59 91 85 94 16 100 83 70 92 40 55 17 86 4 30 35 29 24 14 34 37 90 39 71 68 26 63 9 69 62 84 15 95 48 82 31 1 22 10 77 38 61
60: 15 56 43 9 48 31 72 27 42 50 89 36 57 10 58 60 33 76 97 16 90 94 25 5 20 38 49 71 100 78 91 44 85 37 69 86 46 95 17 68 6 93 19 92 59 13 77 21 47 70 96 75 23 14 2 87 18 74 29 55 66 81 35 39 80 67 63 62 45 30 3 65 34 1 12 73 11 24 4 99 52 98 51 82 28 88 32 64 54 79 53 83 41 40 84 61 8 7 22 26
61: 3 51 69 44 32 63 96 82 66 50 47 1 4 19 25 17 30 62 87 34 27 54 33 46 75 88 91 92 100 6 98 35 41 85 74 8 2 31 21 36 14 61 59 79 76 43 48 53 72 45 18 29 68 55 15 24 90 38 94 97 10 86 23 70 11 80 42 37 13 49 52 65 95 12 73 26 9 81 56 77 67 78 83 58 22 16 71 93 99 89 57 64 5 28 84 40 39 20 60 7
62: 100 7 78 99 27 32 98 91 74 14 59 72 19 83 18 43 3 77 92 94 57 64 86 95 60 88 1 20 23 33 61 15 47 73 13 80 51 29 97 81 24 93 35 58 6 5 8 53 16 44 52 21 38 36 26 12 40 76 31 22 17 30 56 55 90 10 68 34 48 11 75 62 25 45 66 71 37 54 89 28 84 87 96 2 41 46 85 9 79 4 39 69 63 50 42 49 70 67 65 82
63: 21 30 6 38 27 14 10 39 20 16 8 9 23 3 98 60 22 77 29 94 48 62 64 72 65 59 66 2 11 54 7 13 83 5 76 43 42 12 36 82 32 50 73 26 84 86 70 91 33 19 28 92 58 34 90 55 44 61 93 99 74 89 57 45 95 53 49 37 67 51 15 56 81 96 31 4 47 87 78 1 75 68 71 41 85 79 35 80 52 17 100 24 97 63 18 25 40 46 88 69
64: 3 52 76 96 67 43 70 45 38 72 100 75 90 26 23 7 44 81 94 40 28 68 47 64 78 83 24 74 27 42 69 33 97 17 85 54 71 59 12 31 49 22 35 15 41 9 92 66 14 88 56 91 8 48 20 30 77 61 86 5 34 95 2 19 1 60 65 79 36 4 87 39 32 63 6 84 53 46 18 58 62 82 13 73 25 21 37 51 93 80 16 99 89 10 11 50 29 98 57 55
65: 92 63 1 67 6 99 44 34 51 82 78 69 47 97 48 86 16 59 25 28 55 70 38 9 4 31 79 68 73 15 42 83 17 75 95 53 71 100 19 49 54 76 7 98 84 65 32 18 74 41 14 90 43 10 2 37 81 88 87 24 20 40 85 13 56 58 94 57 36 50 64 29 35 60 89 39 46 3 93 33 80 27 23 62 72 11 45 52 12 26 66 22 61 30 96 77 21 8 91 5
66: 76 80 23 69 68 16 32 39 11 33 7 25 91 75 46 27 24 98 96 10 4 78 31 19 60 85 84 86 88 79 65 15 72 67 94 13 18 93 41 58 99 9 48 30 1 40 97 35 62 53 95 34 26 63 49 83 6 92 37 87 77 61 44 51 82 8 42 73 28 66 17 64 56 71 5 57 29 70 47 21 90 59 12 89 38 22 81 45 74 55 36 2 54 20 50 43 100 14 52 3
67: 77 69 62 36 63 87 54 7 1 19 29 74 33 18 5 31 73 20 23 100 76 97 59 22 89 52 85 93 6 94 32 43 66 96 17 56 14 91 70 65 53 51 68 42 78 39 8 21 79 16 67 64 26 37 4 10 95 98 55 99 86 12 11 90 82 45 81 35 46 61 88 25 28 48 71 40 2 44 50 80 15 57 75 27 38 84 58 3 9 41 92 60 72 30 49 47 24 13 34 83
68: 14 92 86 79 23 19 2 70 25 99 27 11 35 93 58 66 24 60 37 43 1 12 45 90 4 33 13 80 67 15 71 89 65 53 30 28 49 73 88 82 26 41 38 84 61 46 100 18 47 10 57 36 87 3 16 9 85 55 91 22 75 76 50 39 21 56 64 83 51 17 52 68 48 54 72 31 20 44 94 74 5 8 59 96 95 63 7 29 62 78 42 81 77 69 97 6 40 34 98 32
69: 47 10 6 43 97 42 66 30 55 89 50 60 67 36 40 56 44 77 78 68 33 27 96 57 8 24 95 25 9 65 48 29 93 74 12 45 26 72 7 86 28 98 76 3 32 100 59 53 64 39 35 18 1 31 83 11 87 81 16 19 80 34 71 54 90 99 73 58 38 85 62 41 46 88 63 84 94 2 17 20 52 82 91 15 79 22 49 75 51 21 61 69 70 5 14 13 92 37 4 23
70: 58 98 1 23 66 46 7 93 61 78 16 34 76 64 35 86 69 91 28 33 81 56 48 2 6 67 32 83 30 84 94 26 27 59 79 60 43 54 13 65 10 39 85 92 24 17 70 73 37 100 51 44 15 42 8 62 88 50 14 95 18 21 87 45 82 31 72 19 90 41 49 57 5 99 4 3 53 52 22 71 36 80 29 96 9 40 47 11 25 68 63 77 38 75 12 74 97 89 55 20
71: 27 89 55 34 41 40 83 28 44 92 54 51 19 24 58 12 31 25 21 66 68 85 11 32 15 99 35 65 80 5 37 79 96 14 90 26 86 76 72 39 67 56 23 82 60 17 50 100 36 33 7 91 73 70 93 4 98 3 62 57 13 78 77 45 9 8 52 75 53 81 20 1 94 97 6 63 71 74 29 88 61 42 2 49 16 30 64 87 43 47 84 10 38 95 59 46 48 22 69 18
72: 2 45 95 99 50 84 20 19 52 48 61 33 71 26 10 74 28 88 87 64 67 8 35 79 56 63 43 91 85 54 16 46 57 4 53 12 90 76 3 69 6 83 22 65 66 73 93 1 75 41 94 7 42 55 62 72 60 27 89 44 30 49 82 21 25 96 38 70 86 17 40 23 81 32 31 80 13 24 98 18 92 78 14 29 39 9 100 68 37 36 15 58 47 77 11 34 51 5 59 97
73: 25 45 78 7 43 18 15 1 85 61 59 68 31 11 5 28 80 99 54 16 17 57 66 23 51 13 49 36 92 34 33 89 77 6 90 42 53 38 74 29 83 22 48 96 55 100 39 65 67 56 75 70 32 98 30 12 58 2 46 86 82 44 52 81 20 72 87 19 62 8 37 21 88 40 9 63 4 10 76 26 14 93 60 73 50 47 24 97 95 27 91 3 41 69 94 35 84 71 64 79
74: 88 49 50 18 10 13 38 56 78 36 44 9 35 39 57 90 16 62 82 91 12 42 19 2 68 72 86 45 21 5 25 29 100 7 81 85 1 66 94 6 51 40 70 95 54 3 53 73 80 65 23 28 77 41 63 48 8 24 47 55 61 32 14 52 71 15 84 37 58 60 74 30 83 27 98 75 33 11 79 67 26 64 22 97 31 46 93 76 20 17 4 92 96 59 89 69 87 99 43 34
75: 16 84 69 12 20 19 83 56 80 32 45 68 38 52 74 53 29 18 66 65 24 46 43 26 61 78 100 57 92 28 13 70 79 1 50 54 5 40 88 10 62 60 98 97 6 64 96 73 58 36 59 23 15 8 77 85 90 51 47 81 31 55 71 14 34 33 2 99 91 25 94 27 86 21 3 30 95 41 49 72 48 76 39 75 89 44 11 9 82 7 67 35 17 22 42 93 37 4 63 87
76: 70 39 66 3 6 97 30 99 47 62 5 17 36 45 68 50 89 74 33 75 4 25 82 56 1 2 64 86 80 58 59 73 96 46 83 88 78 93 8 13 98 9 95 76 71 38 10 100 79 26 61 49 31 51 60 69 52 87 85 48 55 29 32 92 67 91 37 90 15 24 94 77 65 18 43 22 40 20 28 12 44 41 53 7 35 11 57 21 34 54 63 81 27 16 23 19 72 42 84 14
77: 86 69 2 92 29 76 38 26 41 97 4 85 10 75 24 70 36 91 51 13 35 61 48 19 3 30 7 50 60 96 17 56 6 47 46 67 81 54 32 84 52 9 80 28 53 94 16 25 45 98 59 42 37 72 31 18 44 57 83 14 49 33 15 21 88 55 77 64 90 100 39 99 78 62 23 27 40 73 65 74 5 82 93 79 22 68 66 11 20 1 71 34 8 87 43 12 58 63 89 95
78: 12 27 92 23 59 98 10 97 3 36 54 43 35 22 74 8 18 62 30 11 13 50 41 57 19 84 39 48 80 56 81 33 73 28 58 89 34 100 21 55 25 44 91 51 42 79 49 75 24 20 77 15 4 63 66 37 45 40 31 72 14 47 38 69 17 53 26 7 70 67 83 29 68 96 86 1 95 71 46 88 85 93 61 60 9 16 99 6 5 94 78 52 82 65 87 2 64 32 90 76
79: 78 65 66 73 35 50 46 72 18 67 98 31 29 57 56 7 87 74 84 20 80 44 81 30 52 17 99 88 37 38 27 92 4 69 47 90 13 76 14 96 33 1 64 2 3 94 42 75 89 15 43 95 25 36 93 24 12 22 54 97 58 79 62 83 49 11 61 19 59 34 82 9 100 45 10 28 63 8 6 91 40 60 26 85 39 86 21 68 48 41 77 32 51 71 55 5 70 16 53 23
80: 37 58 95 88 13 52 98 31 57 54 21 15 1 9 75 49 93 86 99 24 42 83 47 28 38 6 92 90 2 84 80 55 4 3 39 20 73 56 16 61 65 32 78 34 5 70 35 44 7 71 22 59 23 27 69 96 43 74 100 18 66 45 19 30 63 82 68 77 46 79 51 76 53 85 94 87 29 67 25 36 26 50 48 41 81 10 62 14 8 17 72 11 97 91 40 12 60 64 89 33
81: 51 99 37 67 36 30 17 20 100 45 58 38 94 15 18 31 1 50 64 89 72 35 76 26 54 98 97 19 43 34 55 70 96 63 16 82 75 90 7 66 52 48 27 79 44 14 78 11 6 28 69 32 95 85 23 61 22 80 60 49 86 21 84 41 25 62 3 87 77 8 10 13 59 33 5 42 4 68 81 57 73 12 40 65 53 88 93 2 92 24 83 29 46 39 71 56 91 9 74 47
82: 25 15 58 61 41 16 66 46 23 39 9 28 77 99 44 24 56 14 57 18 30 72 60 5 68 43 40 54 92 86 82 94 70 27 19 55 13 64 38 45 50 78 80 49 62 53 37 89 81 31 36 96 76 7 59 91 33 6 71 67 32 8 47 90 69 34 73 35 51 100 83 20 26 63 2 65 75 21 12 84 52 10 88 85 1 17 97 98 74 22 3 79 95 87 48 42 93 4 11 29
83: 70 89 50 55 6 62 18 80 64 31 47 82 41 30 19 39 68 74 71 38 3 40 79 97 53 56 67 59 13 63 35 86 91 24 8 98 43 95 90 81 14 27 49 11 83 78 9 44 5 48 46 66 94 29 54 7 100 22 12 58 32 72 76 45 28 1 15 10 84 61 85 92 99 75 2 37 17 33 52 57 16 20 87 93 23 88 96 26 73 21 69 34 25 42 36 51 65 4 77 60
84: 42 41 25 32 82 3 78 5 62 9 96 73 63 6 31 91 65 54 24 85 33 58 45 8 68 70 98 76 92 61 21 46 55 77 16 67 1 26 4 51 88 49 27 14 87 84 64 20 72 28 2 30 79 23 66 29 93 74 17 71 83 39 22 11 38 59 53 95 47 44 100 81 50 35 12 34 60 80 36 69 57 7 99 89 40 10 43 75 18 37 48 56 97 13 94 86 52 19 90 15
85: 59 91 21 87 79 12 31 20 27 96 53 41 25 65 19 74 9 97 64 28 72 70 82 58 57 78 83 80 73 5 35 67 49 88 37 29 3 50 61 55 51 68 93 76 34 86 13 56 40 66 45 44 16 42 92 94 48 22 30 23 14 2 47 32 77 84 43 81 10 8 98 6 62 36 69 90 100 99 89 24 63 52 46 75 17 33 18 39 4 54 7 95 85 60 1 38 11 15 26 71
86: 13 94 4 98 11 51 77 14 92 99 28 93 36 71 17 54 68 80 87 90 76 7 18 55 59 95 44 46 45 52 27 69 42 65 38 86 62 9 67 2 6 88 91 5 70 96 75 33 50 39 61 74 73 23 81 83 84 24 15 78 21 30 57 34 26 49 41 85 31 8 82 79 40 25 37 10 97 48 58 89 56 20 64 16 43 53 19 63 12 60 35 66 100 72 22 32 3 47 1 29
87: 74 67 1 2 89 57 86 43 81 94 88 99 20 84 38 32 76 14 36 63 41 11 93 13 100 97 59 79 44 22 42 80 73 6 78 50 66 68 9 47 46 24 18 35 55 90 58 25 15 64 27 72 23 69 4 28 53 33 91 8 31 7 71 40 5 82 49 48 10 30 65 85 16 56 75 70 51 83 45 62 61 17 12 37 29 26 34 87 52 60 19 21 96 95 3 77 39 98 54 92
88: 93 77 70 97 64 82 62 14 33 86 26 95 85 98 4 45 51 78 79 9 61 24 5 76 35 96 67 42 30 57 71 22 89 32 99 66 40 7 52 54 37 34 38 72 83 56 65 31 10 2 75 20 3 17 18 11 84 27 46 43 92 73 90 74 94 50 12 91 15 80 44 28 47 39 49 6 68 13 41 1 48 29 69 53 8 81 19 60 87 16 100 58 23 36 88 59 63 55 21 25
89: 97 3 24 32 63 14 33 37 94 89 38 76 50 82 75 21 78 4 23 39 30 99 64 12 28 36 6 73 59 25 45 44 62 69 10 56 80 34 61 90 16 42 53 47 92 54 35 26 66 85 8 43 55 15 60 13 88 20 81 65 98 11 18 72 9 91 22 70 84 17 95 1 5 48 71 86 96 93 49 40 57 7 74 51 19 46 29 31 100 77 68 58 79 83 52 41 2 67 87 27
90: 39 50 69 1 46 72 86 34 60 78 75 9 54 20 29 33 76 10 42 63 30 83 70 98 43 85 64 38 65 40 96 17 62 47 14 100 80 4 68 73 24 53 51 56 52 25 19 55 77 23 84 89 88 81 49 37 66 59 28 15 5 99 21 16 8 12 7 91 92 48 44 32 74 22 31 45 79 71 27 57 36 87 2 82 13 18 58 93 41 61 26 6 95 90 97 35 94 3 67 11
91: 29 7 20 81 33 100 36 10 41 58 98 80 53 69 35 34 97 74 50 66 77 25 42 96 90 79 39 13 73 86 99 6 3 75 48 45 72 76 52 67 59 55 63 44 87 54 16 61 71 60 92 19 15 1 94 57 32 37 30 12 68 84 27 93 64 89 78 83 21 17 82 26 47 31 38 88 70 5 62 11 91 24 56 22 49 46 18 65 43 28 40 4 51 85 8 14 2 95 9 23
92: 88 68 40 3 33 50 63 27 10 70 56 32 99 11 17 41 35 90 14 59 57 4 91 19 72 83 2 69 31 65 1 48 8 18 28 49 97 21 20 79 24 26 15 47 13 71 64 81 53 30 89 78 62 95 82 98 46 54 42 51 44 29 22 39 55 75 92 9 52 74 76 73 77 96 16 43 5 84 6 12 36 45 58 37 93 7 34 94 67 66 61 87 86 100 38 23 25 80 60 85
93: 80 9 52 59 58 4 16 48 13 20 54 5 10 35 94 92 29 73 28 11 99 8 88 49 86 7 63 32 2 14 36 89 50 93 69 83 37 60 42 82 25 34 90 68 12 17 72 22 15 23 98 57 61 56 1 84 67 76 19 70 95 55 85 91 6 75 3 38 18 66 43 39 87 78 77 21 47 30 27 81 96 62 46 65 53 97 45 41 79 26 71 100 40 74 44 31 33 51 24 64
94: 9 50 20 8 52 54 79 6 47 93 45 73 56 82 42 1 16 53 91 97 66 58 83 26 49 17 80 43 76 28 84 77 32 75 51 72 98 88 14 96 15 48 34 39 99 71 24 21 68 37 19 60 61 55 29 86 4 44 70 100 10 36 5 85 64 40 62 2 13 46 74 25 3 22 81 63 35 69 78 57 23 59 87 18 94 41 38 27 67 30 7 31 33 92 65 95 12 11 90 89
95: 77 70 21 17 78 45 100 57 13 36 82 18 90 22 58 24 46 51 71 75 80 87 42 72 86 48 44 38 98 63 61 31 14 95 68 11 5 32 79 94 15 6 26 96 35 99 27 91 55 84 29 47 19 50 97 7 33 23 62 12 41 40 2 81 43 73 3 8 67 53 54 64 28 85 60 49 93 92 59 9 37 56 34 83 89 52 74 20 69 30 25 1 76 4 65 16 66 10 88 39
96: 55 26 79 41 39 16 92 70 95 4 67 99 69 31 28 48 97 80 20 52 86 51 84 42 38 2 17 12 71 29 78 22 94 45 62 75 33 30 25 57 21 98 65 24 93 32 66 72 37 77 63 14 10 56 81 7 46 50 1 43 5 82 13 34 40 76 19 73 74 68 15 54 90 85 88 100 87 53 91 36 49 64 61 59 8 3 47 83 18 11 58 60 96 23 89 35 6 9 27 44
97: 92 26 10 32 81 58 35 17 25 98 3 70 52 45 69 78 97 23 44 6 76 77 59 31 86 4 30 84 74 14 51 73 65 39 66 53 18 42 8 54 50 20 12 55 71 64 2 34 75 90 80 87 99 62 68 29 72 5 7 100 61 49 43 27 67 41 96 9 24 95 11 47 38 82 63 16 22 83 57 40 37 28 85 33 93 46 13 36 91 21 60 56 88 48 19 94 79 1 89 15
98: 37 96 58 53 21 16 91 60 54 79 69 70 67 6 87 29 52 7 18 43 36 3 78 11 41 32 46 85 50 94 13 56 48 66 12 88 55 65 35 63 39 72 80 57 20 98 8 17 64 77 97 49 75 47 1 25 99 34 86 84 76 92 71 24 90 83 19 93 31 74 23 73 4 61 51 15 68 30 10 22 38 42 14 9 40 26 89 82 33 27 2 45 5 81 28 59 62 95 100 44
99: 81 100 84 57 19 14 94 99 23 27 51 76 40 72 59 45 68 44 47 95 7 13 32 96 86 98 93 52 56 43 1 6 3 26 9 60 73 54 34 49 33 15 16 38 70 35 63 18 80 75 41 62 46 85 4 88 8 64 48 89 39 11 92 78 82 65 74 10 22 69 12 2 20 91 87 5 28 97 55 71 90 17 29 53 58 67 25 21 79 36 83 24 31 42 61 66 77 37 50 30
100: 75 34 79 57 40 12 13 50 37 80 10 39 27 54 11 44 71 51 36 35 14 43 21 74 30 73 49 88 53 26 24 29 23 100 6 31 1 28 87 52 89 62 82 9 5 3 77 68 63 7 25 94 64 83 85 98 41 47 91 61 55 58 60 95 69 15 32 33 86 66 81 59 8 96 78 99 84 76 46 38 56 20 22 19 16 72 2 67 17 92 42 4 93 70 48 18 90 97 45 65

instance parameter information
numMenOrWomen: 100
minLenPref: 100
maxLenPref: 100
skew: 0

