100
1: 22 24 98 28 69 57 100 2 1 58 83 37 72 67 44 36 94 81 62 14 20 7 8 63 9 26 64 6 51 54 52 43 10 70 11 71 33 25 45 61 15 80 89 53 42 46 34 50 38 86 40 88 19 39 31 27 74 97 73 77 93 49 65 41 21 76 47 23 79 91 68 85 13 4 66 55 18 87 78 35 5 59 29 95 12 56 3 16 32 17 75 99 92 30 60 48 96 82 84 90
2: 19 49 72 10 64 46 60 33 55 25 89 91 95 97 100 93 80 43 96 66 62 44 58 68 39 81 56 57 23 8 29 31 5 21 53 26 90 86 71 40 87 34 73 42 20 28 63 85 61 50 12 52 16 38 51 69 92 41 3 22 88 74 47 78 18 7 2 84 48 27 14 36 17 24 1 45 82 65 83 77 30 54 75 13 9 67 4 37 79 6 15 76 70 98 35 11 99 94 32 59
3: 30 16 44 33 78 88 41 84 60 25 5 3 75 71 82 51 24 38 6 90 58 98 99 67 93 80 55 54 68 48 2 17 13 29 74 19 26 7 92 86 11 8 20 32 63 69 35 91 12 81 62 70 79 1 57 87 43 39 97 89 18 15 52 40 64 94 27 85 28 49 61 100 14 10 47 59 56 21 50 72 45 37 23 22 31 77 73 4 83 9 95 66 53 42 76 46 36 96 65 34
4: 69 39 42 95 73 30 28 55 19 80 74 6 36 88 3 48 84 26 12 27 98 24 34 94 71 81 75 63 46 35 62 57 31 86 25 41 1 82 13 45 32 15 9 58 76 68 89 61 17 51 77 20 90 47 38 29 60 78 11 43 44 4 50 97 7 22 49 85 54 99 10 14 70 52 53 37 64 16 5 33 59 66 91 100 72 79 65 40 23 87 96 18 67 92 2 56 21 93 83 8
5: 48 8 79 10 100 17 41 1 73 63 53 26 62 92 32 80 78 4 47 31 14 27 76 93 22 69 83 35 33 15 54 81 46 18 95 52 61 71 51 65 43 85 45 70 98 91 89 2 90 50 86 39 44 58 49 42 5 40 11 68 99 9 67 57 74 29 84 36 88 37 59 60 13 94 28 64 77 30 97 19 75 20 55 25 3 6 12 16 34 24 96 23 87 72 56 38 21 82 7 66
6: 40 22 64 29 12 31 24 35 73 45 69 77 81 50 58 20 66 14 8 10 72 87 21 37 99 38 26 59 53 33 51 1 92 15 42 96 76 39 16 63 93 60 56 43 7 85 44 13 98 79 49 4 17 94 19 36 5 46 61 95 54 89 57 67 83 23 47 48 9 100 2 75 41 3 25 80 32 27 11 6 34 88 18 62 74 90 91 52 70 68 84 78 71 82 30 55 28 86 97 65
7: 15 96 55 85 71 16 64 58 21 4 19 33 40 95 31 35 38 26 7 72 62 69 68 74 13 93 20 88 89 54 11 81 37 92 43 45 77 82 9 53 48 100 25 27 1 66 80 52 79 70 73 98 78 14 91 51 83 94 24 99 42 28 84 76 10 29 50 46 36 32 57 75 60 59 8 47 56 34 44 2 65 39 97 22 67 23 5 30 86 87 17 90 49 63 18 6 3 61 41 12
8: 87 18 28 74 34 65 52 76 81 30 60 7 36 5 23 39 1 15 75 25 62 61 55 17 66 20 69 19 51 4 56 95 84 82 33 89 86 92 94 88 21 9 22 48 46 80 72 63 77 47 97 64 41 16 49 100 11 27 93 73 8 45 26 31 58 91 67 57 38 59 2 99 54 50 70 85 68 12 79 13 71 42 78 43 3 44 35 37 29 96 32 98 6 83 10 53 40 24 14 90
9: 78 80 14 87 18 58 3 30 48 37 24 83 6 15 46 59 33 38 29 27 5 74 49 84 53 68 11 93 34 61 31 26 56 21 82 99 36 89 8 25 10 50 1 75 41 70 95 19 94 12 54 88 39 85 67 13 52 69 47 79 7 81 2 97 23 40 91 63 73 92 20 28 44 55 32 72 96 76 43 16 22 98 65 45 9 57 35 4 86 71 77 64 100 42 17 90 60 62 51 66
10: 64 73 63 53 87 83 97 51 27 50 10 81 65 90 15 13 46 99 82 24 56 6 93 74 86 11 49 38 94 89 20 25 14 41 61 16 22 4 95 2 84 85 91 5 28 18 71 92 40 21 19 9 100 48 26 66 68 30 57 37 70 54 76 36 43 45 12 47 52 69 34 58 32 67 39 44 62 78 42 79 35 31 7 8 17 55 75 77 29 98 33 96 88 3 1 23 59 72 60 80
11: 36 75 43 99 26 39 60 71 82 93 72 14 97 57 91 50 100 22 55 79 45 34 76 11 65 32 20 28 83 48 47 46 96 77 81 13 18 49 37 80 69 66 41 4 27 31 74 78 9 40 12 5 88 90 58 3 54 89 23 2 56 15 44 67 42 70 17 61 52 86 19 21 10 53 63 24 33 8 1 68 85 29 73 59 62 92 38 84 35 95 64 87 94 51 6 16 25 98 30 7
12: 76 1 51 84 31 43 74 12 60 30 27 87 15 23 56 92 63 20 66 57 36 70 42 93 9 41 96 48 2 90 5 11 97 26 59 22 21 45 91 10 40 50 58 89 35 71 17 77 99 47 85 7 67 28 95 13 46 29 72 55 62 100 6 79 88 32 52 61 80 73 82 78 33 34 49 64 44 75 69 83 86 18 24 54 19 53 39 14 38 37 65 16 81 25 94 98 3 8 4 68
13: 73 65 7 22 68 62 28 52 67 48 76 55 49 21 39 64 35 82 89 94 14 63 81 4 75 96 90 44 33 1 86 42 97 84 100 2 54 72 74 92 58 46 34 91 26 12 47 13 5 87 31 20 69 95 77 53 88 71 25 29 6 30 32 15 51 8 93 60 38 16 43 85 79 24 45 70 40 57 9 27 23 36 61 59 66 19 98 10 41 56 99 11 3 37 50 80 83 18 17 78
14: 59 91 19 24 74 33 61 89 36 8 85 42 50 20 41 75 35 21 62 31 86 82 12 71 44 7 87 34 17 54 72 52 58 100 63 93 28 23 68 27 18 53 29 92 14 66 77 73 10 65 25 67 9 57 69 78 88 56 95 94 37 46 13 49 90 22 45 64 6 84 76 26 47 60 97 48 5 39 3 80 38 40 98 83 43 11 30 70 96 81 15 79 32 1 99 51 16 2 55 4
15: 36 64 62 50 22 86 54 84 14 9 90 71 32 98 79 30 67 20 70 4 80 12 77 69 96 37 28 85 23 1 10 39 42 57 33 17 41 82 99 74 16 95 45 66 21 60 18 58 97 49 65 5 59 31 100 2 61 92 93 8 94 88 35 48 44 52 46 72 38 43 55 3 27 29 25 19 87 26 63 81 83 13 75 24 15 53 76 34 73 6 11 89 56 68 51 47 40 91 78 7
16: 71 1 33 14 39 61 90 53 76 34 20 64 25 55 26 83 23 48 67 4 28 21 49 88 63 43 96 89 41 72 10 19 40 9 93 57 74 24 73 45 65 86 99 47 100 69 6 82 59 70 66 85 42 95 5 44 8 46 37 87 84 92 51 27 52 22 12 11 32 79 60 94 78 18 81 38 17 91 68 58 30 7 3 15 36 16 31 56 54 77 35 50 29 75 80 98 62 2 13 97
17: 90 41 8 14 85 64 26 18 48 6 32 91 65 50 11 94 58 92 73 29 33 88 89 28 47 21 3 67 27 55 100 38 15 79 9 72 49 34 44 1 4 87 96 98 25 36 45 77 82 30 78 93 53 7 24 52 37 83 60 62 66 59 54 40 75 71 22 97 80 31 99 20 63 57 10 13 5 35 39 76 84 95 46 86 17 2 61 56 12 23 16 19 51 69 43 70 74 42 68 81
18: 67 2 75 94 56 1 8 84 25 95 16 73 100 45 47 51 22 4 77 44 80 10 32 99 40 61 37 23 59 83 36 70 26 41 15 79 76 35 58 18 71 42 87 63 27 14 60 12 5 21 17 7 3 91 78 50 69 85 53 38 20 86 33 93 48 68 28 54 66 24 92 65 6 62 96 81 89 74 55 82 57 97 39 43 13 64 90 98 34 29 11 31 46 72 9 52 88 30 49 19
19: 19 63 33 40 96 17 62 68 50 80 2 22 1 52 3 95 24 58 56 92 64 89 59 9 30 84 4 88 11 66 26 28 78 53 75 14 82 76 81 47 83 49 29 60 8 77 99 6 51 34 91 54 55 36 43 41 69 37 94 79 42 98 74 72 97 10 57 16 23 31 48 71 85 67 44 18 70 73 27 65 100 39 32 20 35 38 90 87 86 21 46 12 61 25 13 45 7 93 15 5
20: 34 8 12 35 92 3 68 48 69 5 22 14 65 4 54 55 19 58 11 99 100 73 57 70 79 45 50 81 95 9 87 52 47 29 31 18 63 98 91 23 93 74 71 7 1 46 67 16 90 84 21 64 33 97 61 26 86 53 94 62 15 89 37 25 66 10 38 27 13 82 32 40 72 51 41 36 76 49 17 30 24 6 80 60 44 42 28 59 96 88 85 56 75 2 78 43 83 20 39 77
21: 8 13 43 88 72 93 26 81 94 39 33 83 90 9 65 89 62 2 35 20 64 10 76 36 22 5 63 67 99 48 61 11 14 86 19 55 52 59 85 6 1 73 34 80 16 24 96 42 7 66 98 12 54 47 37 41 84 53 97 78 82 60 25 46 92 57 69 4 21 50 29 44 30 45 91 74 87 3 70 71 77 95 17 28 58 100 38 32 31 49 51 27 15 56 23 18 68 40 79 75
22: 42 9 93 99 79 33 65 60 1 98 62 49 17 19 74 68 48 64 45 37 97 10 12 85 3 82 6 52 32 58 2 91 23 53 14 41 76 50 67 69 100 20 22 11 73 80 55 4 77 24 18 39 59 86 47 16 29 75 66 57 90 89 7 56 94 63 51 78 43 95 13 27 8 28 92 72 84 44 81 87 54 26 70 25 88 96 83 21 30 71 31 36 34 61 46 38 5 40 15 35
23: 73 98 63 37 60 75 13 58 12 18 61 56 93 62 94 41 82 47 7 70 20 54 17 1 84 35 2 39 33 16 44 8 65 6 50 30 14 22 86 66 97 29 96 88 79 85 4 74 53 52 68 36 83 31 91 55 26 57 100 69 80 92 46 19 67 95 49 78 27 43 38 10 3 51 9 71 76 32 11 77 81 87 99 59 24 5 34 90 21 25 40 15 45 72 89 28 64 23 48 42
24: 45 64 26 82 38 1 40 20 49 25 51 87 48 37 27 75 89 16 44 76 22 77 6 34 94 83 7 63 56 5 98 47 97 39 3 54 80 74 18 29 12 31 55 11 43 88 21 30 58 81 69 53 95 92 33 93 99 59 67 72 65 19 61 35 91 79 78 96 84 32 36 57 17 70 24 68 52 71 42 60 50 85 13 14 46 15 10 90 9 62 41 86 100 8 73 66 28 23 4 2
25: 54 68 89 47 12 53 61 38 63 87 3 88 9 96 42 100 56 73 83 2 43 31 20 22 13 11 79 75 25 4 1 8 49 52 86 46 70 57 69 48 40 98 91 24 55 41 99 84 17 97 37 7 50 15 14 72 90 64 16 5 33 18 82 30 80 76 85 34 71 27 23 10 95 6 81 32 29 39 35 60 51 67 59 74 36 62 26 94 19 66 44 21 78 93 45 28 92 58 65 77
26: 75 90 86 43 12 59 49 20 34 84 23 97 4 80 50 68 62 16 21 60 55 35 14 25 82 13 26 37 100 39 1 99 48 47 69 31 27 79 61 76 64 67 81 73 91 87 17 88 19 28 52 24 58 63 3 71 11 85 42 44 74 65 32 6 41 96 78 22 29 10 57 8 40 46 30 92 94 51 66 2 54 9 72 56 89 98 5 36 95 18 53 83 7 45 70 38 77 15 93 33
27: 1 8 97 31 84 54 86 26 5 65 96 47 2 33 38 6 37 69 28 64 48 7 35 11 55 32 45 66 56 82 36 58 44 13 42 95 68 67 92 61 70 46 16 17 77 85 18 4 21 12 59 20 39 99 51 88 78 43 22 74 89 53 19 91 94 14 50 10 98 93 87 29 79 75 49 80 24 9 100 90 40 72 30 83 57 52 27 23 25 60 62 15 34 81 41 63 76 71 73 3
28: 77 61 26 80 70 41 45 13 69 64 47 86 2 71 65 66 91 46 100 44 59 11 56 27 68 15 34 60 51 9 79 23 4 72 20 97 49 28 24 76 10 58 7 1 33 39 36 57 78 54 75 8 17 16 62 93 73 90 42 83 21 99 87 3 55 82 19 48 32 18 25 92 88 52 43 37 14 5 63 96 95 6 29 38 50 74 30 98 12 53 94 67 40 84 35 81 22 89 85 31
29: 92 31 39 42 75 40 4 95 87 65 14 57 6 54 49 74 91 35 52 70 2 90 99 84 32 97 69 33 83 29 26 100 76 16 5 7 73 81 30 82 37 23 88 50 63 44 66 53 45 86 58 60 46 27 72 34 94 80 8 79 24 77 17 56 25 61 89 13 68 85 10 1 38 78 67 43 15 9 22 59 71 48 20 64 62 47 55 93 12 3 51 21 19 18 98 96 41 28 11 36
30: 6 94 89 8 28 16 73 24 11 35 67 19 72 57 34 76 87 39 96 92 3 95 44 62 7 51 97 53 21 37 65 26 33 49 84 78 80 15 56 22 52 61 64 43 66 68 45 60 48 4 41 10 74 90 58 100 54 27 71 59 91 18 12 25 46 50 93 88 13 31 47 29 23 14 81 40 2 83 85 36 77 69 32 55 9 75 17 70 42 63 99 86 1 79 5 82 30 20 98 38
31: 100 68 53 24 35 71 66 74 91 51 50 61 95 44 62 11 93 28 70 64 13 10 41 76 56 7 23 40 2 20 78 90 58 48 79 92 77 98 42 49 97 8 34 39 38 88 52 21 5 80 3 31 86 29 60 55 37 75 96 27 54 45 73 57 26 59 18 83 30 63 69 87 84 6 16 36 22 46 81 12 14 19 47 94 33 99 85 17 25 32 9 65 4 82 15 1 72 67 43 89
32: 11 8 93 15 25 16 79 6 84 58 31 59 14 74 73 49 54 34 48 52 30 36 33 20 92 1 55 5 60 9 4 2 66 61 80 38 76 53 88 71 98 18 35 19 27 39 100 56 41 32 24 67 42 97 3 99 26 50 91 68 69 83 64 45 62 96 47 21 7 44 51 87 65 89 17 10 75 46 72 95 28 90 22 13 63 40 81 85 43 29 94 12 82 86 37 78 70 23 77 57
33: 2 37 60 89 56 82 36 46 55 74 77 63 44 88 35 78 94 95 43 12 14 1 84 52 86 49 92 58 4 76 73 3 16 53 42 54 91 23 8 7 100 62 51 96 26 30 22 59 21 85 80 70 50 48 15 68 25 31 66 17 5 99 64 87 45 40 90 69 79 33 65 75 29 93 27 39 71 18 38 32 28 57 6 67 97 13 24 10 47 9 20 19 72 61 83 41 98 34 81 11
34: 45 32 6 21 31 41 92 67 69 36 75 22 17 16 61 60 37 52 84 1 50 83 86 65 79 97 14 49 5 11 43 4 28 51 76 81 100 35 85 63 66 80 8 10 2 44 91 62 95 34 71 24 73 58 19 39 42 77 40 7 59 3 20 99 12 64 47 18 74 96 13 27 98 54 82 56 9 26 46 72 48 78 93 89 88 90 30 68 15 87 70 33 38 94 55 53 25 57 29 23
35: 13 22 82 92 31 84 53 30 27 40 24 46 26 37 56 29 80 52 86 93 61 6 85 23 87 16 58 75 60 10 15 9 66 70 71 32 49 55 89 38 50 17 90 96 91 1 59 33 83 54 28 63 19 35 68 43 45 18 20 99 72 44 36 62 25 65 42 94 97 98 67 74 7 78 12 76 64 4 11 81 51 2 8 3 77 57 21 95 69 100 5 48 73 34 79 88 41 39 14 47
36: 84 54 43 10 93 27 99 20 100 12 7 9 94 30 42 39 31 46 19 88 26 71 62 55 15 76 64 13 96 60 56 92 49 53 81 18 24 41 70 95 50 80 5 61 82 83 68 17 73 86 8 45 77 90 89 85 67 36 3 66 52 75 74 69 23 72 58 16 57 21 14 44 47 97 6 38 35 33 78 4 11 1 98 34 79 40 25 29 51 2 32 87 63 48 59 22 91 37 28 65
37: 84 11 1 67 31 42 38 13 46 78 98 50 65 41 34 53 94 87 80 27 90 47 58 83 71 20 29 86 99 73 68 17 14 22 77 52 32 69 35 62 33 79 66 89 97 4 55 92 25 81 48 12 82 59 16 56 76 10 63 37 36 45 23 54 44 85 91 2 9 3 95 93 15 74 51 100 61 75 7 96 8 21 60 5 26 72 57 70 28 24 49 43 6 30 88 19 18 40 39 64
38: 21 12 10 95 13 14 56 9 94 27 79 67 73 33 30 88 70 23 4 29 78 59 96 6 5 19 49 28 2 54 100 24 97 80 11 89 36 18 34 91 15 22 74 90 52 35 55 39 47 17 93 75 98 42 58 57 65 82 40 32 37 38 51 60 66 62 25 43 83 85 69 45 63 68 77 48 3 64 72 50 41 81 26 76 7 84 16 86 1 46 44 53 92 99 61 20 87 31 8 71
39: 9 98 50 90 35 40 41 65 71 55 60 24 28 49 46 68 95 5 32 66 89 26 88 57 79 86 77 8 45 43 47 29 54 58 97 82 36 62 4 25 18 99 85 10 80 59 16 15 39 69 78 17 87 44 48 76 12 83 51 23 67 93 2 14 100 3 73 91 64 38 72 96 13 37 34 7 56 27 61 20 6 31 81 42 53 30 94 21 75 84 11 33 19 22 74 52 92 70 1 63
40: 34 16 93 86 38 95 46 61 29 66 72 6 64 8 50 80 68 44 91 98 49 48 17 7 2 9 85 30 70 1 89 35 55 19 53 45 26 78 97 39 81 90 36 82 5 92 47 22 88 79 15 94 31 100 27 12 23 37 73 56 41 13 67 87 96 84 14 57 40 43 28 74 4 51 99 58 25 32 60 52 21 62 33 24 76 3 71 18 10 63 77 69 59 54 20 42 11 83 65 75
41: 58 15 3 13 37 23 27 47 81 22 56 2 1 94 82 78 57 9 88 28 66 35 99 25 97 18 50 96 24 91 4 90 100 75 68 41 54 21 67 80 40 72 95 92 44 29 39 52 19 34 89 76 51 77 70 46 61 36 20 11 86 14 32 73 10 12 59 5 17 53 71 83 69 26 31 6 84 30 87 62 85 42 7 60 98 16 43 55 79 8 65 48 63 64 33 93 49 74 38 45
42: 95 72 13 9 25 30 86 75 8 78 54 59 87 88 97 32 58 27 76 26 92 42 57 96 82 18 60 61 34 89 45 65 77 21 19 66 55 47 22 4 83 91 50 23 41 17 74 71 16 36 15 7 67 38 1 33 12 14 35 64 79 3 93 51 49 39 52 40 98 10 73 28 85 100 24 99 53 5 56 90 68 69 63 84 43 20 11 81 94 6 70 31 62 37 2 44 80 46 29 48
43: 2 26 49 47 33 17 37 61 13 46 86 70 3 1 72 68 12 89 83 10 48 52 18 84 21 40 79 97 58 11 31 98 42 51 9 88 95 69 75 8 20 23 100 36 65 14 27 94 93 87 4 71 66 29 45 60 62 35 77 44 50 80 24 78 63 64 16 90 92 32 41 22 56 99 54 6 96 59 81 91 38 55 43 67 30 85 34 73 5 7 28 74 15 53 25 57 39 82 19 76
44: 59 28 67 78 27 93 2 14 49 100 11 53 41 68 38 46 62 8 71 44 58 80 55 37 23 42 45 79 82 95 48 88 50 10 40 98 91 83 16 47 17 69 9 66 85 70 20 99 97 61 25 90 63 72 36 1 6 65 77 92 39 76 94 12 34 21 86 73 30 15 81 19 22 13 74 56 33 35 3 54 52 84 31 64 4 18 43 24 60 32 26 7 29 87 75 5 96 57 89 51
45: 67 43 32 64 82 35 73 48 44 20 22 29 60 14 37 59 51 9 7 93 74 95 1 63 96 76 24 61 77 97 11 90 13 10 62 16 87 27 68 65 92 42 36 17 6 8 2 31 23 38 39 66 45 30 21 5 79 58 18 52 89 78 50 98 25 41 84 71 19 100 4 49 47 86 75 94 99 26 56 3 91 83 88 46 33 15 55 34 53 85 12 81 57 40 72 54 80 70 69 28
46: 40 30 58 51 36 99 23 76 66 78 7 9 90 45 57 85 53 2 18 79 41 67 98 39 71 92 37 87 22 80 91 27 10 26 97 74 5 46 54 42 83 14 77 12 20 13 15 86 38 81 6 49 93 19 34 72 16 68 43 8 60 47 63 28 75 25 59 64 62 29 21 88 65 84 94 55 35 32 31 69 70 48 24 56 44 100 82 95 17 11 50 89 4 33 1 3 96 73 52 61
47: 93 68 58 7 57 14 70 34 74 31 64 15 95 97 28 82 51 81 79 69 59 16 21 38 22 41 9 99 49 45 24 98 73 47 77 84 11 75 80 36 72 46 4 19 48 66 1 90 55 100 3 52 56 29 53 83 87 26 44 37 54 18 43 35 42 23 78 88 10 6 2 39 5 27 89 40 61 13 76 25 65 8 67 30 96 20 60 94 91 50 85 62 86 63 32 71 33 92 12 17
48: 29 73 22 31 11 95 76 43 56 12 84 98 1 49 72 63 96 86 65 2 24 71 62 40 6 9 27 93 48 53 8 21 10 75 25 47 99 92 36 80 16 61 45 88 69 32 60 68 55 37 35 94 33 42 100 5 23 39 54 89 74 13 64 50 7 85 3 82 19 4 81 30 66 38 67 77 97 79 17 14 78 58 70 83 51 15 18 44 91 20 52 90 28 34 26 87 59 46 57 41
49: 38 33 40 48 12 8 54 70 73 90 71 80 1 57 98 36 79 60 75 37 85 61 3 47 7 84 99 44 93 68 87 97 96 92 28 19 76 6 50 62 30 9 5 63 21 10 55 20 91 74 11 24 53 26 52 94 43 27 39 66 17 81 64 67 42 18 41 2 14 72 77 25 15 34 35 89 83 32 51 29 69 65 4 31 78 22 16 95 100 45 13 58 46 88 56 49 82 23 59 86
50: 92 97 58 10 71 29 18 87 73 9 34 39 94 16 62 19 57 38 15 63 70 95 88 78 61 4 33 75 90 32 23 91 51 98 3 72 42 69 60 24 84 37 81 47 46 28 49 79 93 96 68 25 54 11 56 82 13 67 44 14 77 48 64 8 53 80 89 35 86 41 12 36 45 74 76 21 55 20 2 27 6 22 66 59 31 5 52 99 50 1 40 43 7 85 30 100 17 26 65 83
51: 15 29 39 91 12 8 88 58 5 49 72 48 21 3 79 92 60 4 20 1 84 43 81 40 65 94 100 63 85 87 93 95 64 46 90 73 23 22 71 7 70 57 55 2 76 28 38 37 18 17 44 97 42 82 11 25 31 66 69 27 14 45 80 24 16 41 52 89 53 19 26 78 54 9 34 30 67 86 6 99 51 59 61 74 96 83 32 62 47 68 75 13 56 98 50 36 33 10 35 77
52: 49 25 12 22 79 69 51 33 86 64 46 81 72 90 7 14 75 19 28 55 44 97 71 100 50 93 62 34 3 36 88 10 89 32 2 35 57 27 20 84 9 94 67 95 45 91 40 76 53 8 17 82 16 23 21 98 73 85 83 13 26 15 4 52 54 48 11 78 87 63 66 29 24 65 77 80 42 47 43 41 60 30 70 99 96 6 5 31 37 74 61 39 58 18 92 68 1 59 38 56
53: 35 83 75 1 10 91 8 20 60 74 11 96 72 58 4 64 29 36 7 2 26 62 9 63 57 54 97 100 43 66 61 46 51 68 6 34 33 93 38 40 76 48 86 15 84 22 71 65 23 30 42 92 73 49 47 52 99 3 85 79 81 28 41 87 16 67 98 25 90 17 56 82 27 45 24 77 94 78 21 55 19 89 31 80 37 12 59 18 53 95 5 69 14 44 13 70 88 32 39 50
54: 40 74 3 71 83 23 17 41 81 42 28 26 59 98 90 34 29 100 15 37 10 97 46 63 82 47 12 60 57 89 13 58 61 2 84 48 76 75 25 4 35 20 88 22 91 87 14 39 54 85 66 93 70 33 77 94 7 36 49 5 69 18 56 24 16 79 67 73 1 53 80 11 9 62 64 21 44 31 72 6 99 92 27 45 19 43 8 55 30 96 68 32 52 86 78 51 95 38 65 50
55: 17 99 7 23 3 68 98 71 74 39 30 57 28 91 79 89 94 21 10 90 13 25 73 19 80 47 86 4 12 15 93 61 18 65 46 51 1 5 34 36 32 100 55 59 9 76 27 14 92 96 67 77 38 44 58 53 41 31 48 84 62 82 97 83 22 60 29 16 56 26 8 87 35 64 81 69 6 50 42 40 49 54 75 85 70 43 88 66 72 45 37 2 20 63 33 11 52 24 78 95
56: 27 37 33 13 39 88 66 56 57 58 35 79 76 49 100 44 77 47 86 65 97 72 30 3 82 21 26 38 70 24 64 54 73 71 60 25 80 40 94 28 10 34 83 96 52 5 63 91 7 23 84 16 61 22 95 68 1 20 67 4 31 32 19 59 75 14 42 6 18 11 98 92 17 43 29 8 15 46 41 53 36 93 50 9 62 85 12 81 45 87 74 99 51 2 55 89 90 48 78 69
57: 50 39 32 77 96 99 85 81 18 97 67 27 17 84 66 42 7 44 88 8 11 26 59 74 55 38 98 82 83 34 93 35 5 89 69 29 61 73 87 53 14 24 100 13 12 56 43 49 10 63 47 65 91 2 80 90 31 94 79 51 36 30 76 71 64 46 58 41 9 16 86 1 68 40 45 22 6 60 3 95 33 15 23 62 19 37 20 75 28 78 25 70 72 4 52 92 54 48 21 57
58: 92 98 46 84 41 47 1 24 5 76 51 11 64 15 40 80 13 90 54 74 43 61 17 45 67 55 88 73 20 60 18 6 91 75 52 16 81 77 69 85 21 58 31 56 42 34 2 28 19 23 37 49 32 95 35 70 38 7 36 93 72 83 99 50 39 78 3 25 53 66 94 27 79 10 14 8 4 9 97 29 12 89 86 100 44 63 59 87 68 65 26 82 33 62 57 96 22 71 30 48
59: 47 46 64 48 14 24 36 93 39 29 67 43 5 75 70 18 41 89 26 94 16 79 53 78 33 84 54 37 2 62 30 63 73 27 21 59 11 77 45 71 40 8 10 69 15 44 85 7 25 28 88 81 99 100 13 76 91 6 58 74 35 87 82 20 61 66 34 68 1 51 52 56 32 17 80 72 90 42 38 49 23 31 83 55 98 12 97 57 4 95 96 65 92 3 86 60 9 22 50 19
60: 18 28 62 58 88 10 9 1 82 87 93 89 16 46 67 53 15 23 43 64 21 73 76 36 72 50 45 22 5 20 48 92 30 95 32 41 70 14 47 65 52 54 44 7 3 38 71 94 25 56 63 12 66 97 6 19 100 74 79 55 29 17 99 26 11 39 90 42 80 13 68 84 27 81 61 4 33 77 31 96 98 51 57 49 75 85 24 35 8 69 60 40 59 2 86 91 83 34 78 37
61: 90 55 1 15 61 23 29 68 69 92 6 60 64 67 27 36 57 32 40 86 87 53 31 47 49 82 56 21 30 88 20 76 17 52 22 75 95 99 62 8 66 84 24 4 63 51 13 80 18 14 19 54 11 2 26 10 98 48 3 77 45 9 85 50 89 93 35 39 25 58 44 33 81 78 94 71 41 100 38 91 70 5 72 79 12 59 28 97 46 34 7 37 73 43 16 74 42 83 96 65
62: 61 56 92 44 68 23 41 17 19 36 48 40 28 34 32 49 89 66 57 33 12 71 22 38 97 80 20 2 37 4 73 14 75 86 74 95 42 27 51 60 94 21 8 26 5 76 53 67 99 59 16 90 18 25 6 85 63 45 50 58 43 15 30 72 64 96 39 79 65 81 46 84 69 55 83 54 78 70 47 7 93 91 35 31 62 24 82 77 100 1 10 29 52 98 3 88 9 87 13 11
63: 3 52 93 98 58 28 29 4 76 53 89 63 22 71 67 5 73 60 65 91 39 69 78 56 1 85 14 64 90 66 23 55 95 7 87 42 74 79 72 83 92 100 25 40 9 15 46 99 47 16 33 50 43 80 41 37 77 36 88 59 61 97 48 13 75 27 51 12 30 54 11 18 17 86 96 32 62 8 24 31 49 94 38 84 35 44 70 10 34 26 45 68 6 81 2 82 20 21 19 57
64: 23 52 39 71 26 47 5 36 62 73 53 97 68 99 74 94 33 35 42 24 70 3 57 69 54 88 8 90 44 45 56 27 41 89 60 98 100 15 13 40 72 55 77 16 51 83 80 87 34 93 28 25 75 19 29 95 22 49 9 79 66 76 12 85 6 32 65 48 78 2 91 86 1 30 20 37 10 96 82 50 81 84 58 92 18 7 14 63 59 4 46 64 11 43 17 38 67 21 31 61
65: 29 64 84 76 75 80 34 43 98 56 82 44 11 8 22 72 16 36 53 39 41 77 91 12 55 24 6 50 25 87 63 19 94 32 20 9 4 86 93 69 57 2 35 83 100 59 58 1 13 78 38 49 96 51 23 62 60 46 85 81 15 45 99 54 95 28 52 5 30 47 18 26 71 21 27 89 88 33 7 65 48 42 92 17 73 97 79 37 31 67 10 66 74 14 61 90 68 40 3 70
66: 12 38 18 33 15 97 31 1 88 36 47 14 98 67 9 16 45 94 71 24 35 65 75 93 80 61 4 46 29 82 13 7 58 86 78 57 87 95 56 64 28 74 32 25 20 21 6 54 8 90 22 69 73 27 62 63 49 51 53 83 40 70 26 5 30 10 37 44 85 59 92 100 81 84 50 3 55 43 48 76 96 19 79 91 60 68 2 23 72 89 41 66 34 77 42 99 39 11 17 52
67: 39 100 16 29 92 64 21 10 28 70 61 69 13 35 53 83 54 15 20 14 90 45 65 4 47 89 60 1 85 68 49 41 67 7 62 9 81 6 66 72 87 59 17 33 78 43 94 98 57 8 73 44 51 93 31 46 22 75 91 58 40 71 96 19 50 77 34 2 30 56 42 38 25 24 36 27 3 99 97 55 82 80 5 95 88 18 52 11 32 23 12 74 86 76 84 48 63 26 79 37
68: 37 81 73 16 92 12 23 9 49 60 51 63 94 85 36 7 68 6 48 98 5 80 33 67 46 27 15 32 22 20 11 64 99 47 28 78 35 72 74 88 45 8 59 29 41 18 2 42 84 93 95 39 13 54 91 55 19 14 97 82 57 3 75 66 44 31 70 65 77 58 100 43 83 71 4 1 96 53 62 69 87 79 25 50 40 30 90 10 61 34 86 89 26 76 17 56 24 21 52 38
69: 44 98 60 89 78 12 21 32 95 34 24 99 63 64 5 26 87 92 72 71 75 66 76 88 91 22 57 42 1 70 41 28 81 30 73 33 17 47 40 51 97 83 37 96 20 29 49 52 56 39 19 84 74 9 67 46 93 53 79 15 50 54 48 69 94 35 31 61 82 55 77 43 7 10 6 65 16 45 38 80 59 13 100 90 18 85 14 25 2 11 36 27 23 62 8 68 4 86 3 58
70: 28 24 85 34 83 87 10 73 27 62 14 65 5 3 43 76 40 68 91 54 46 61 4 79 80 67 32 7 39 88 60 29 35 81 84 72 51 58 15 20 99 64 96 89 49 45 25 48 18 30 21 16 90 63 52 53 36 77 98 93 66 50 17 95 44 94 74 33 100 41 47 69 37 97 13 42 1 2 31 26 23 56 92 86 6 38 9 11 71 55 78 8 70 75 19 57 12 22 59 82
71: 81 46 58 50 71 48 63 55 31 22 77 3 44 84 56 32 33 28 39 16 57 52 94 26 2 83 59 74 1 41 37 51 13 23 24 17 93 68 49 60 19 34 100 76 47 64 75 79 36 35 82 99 18 29 72 42 53 91 25 92 54 40 43 67 86 69 98 87 15 14 88 9 4 80 5 20 62 45 7 70 10 95 8 85 97 11 12 96 65 6 73 90 38 66 21 30 61 89 78 27
72: 81 87 49 88 65 24 13 33 2 94 98 82 1 30 42 78 12 50 38 89 43 26 85 29 27 99 25 46 45 95 28 97 66 91 22 47 55 90 14 18 84 51 52 80 35 68 71 34 79 17 23 77 62 53 93 3 44 16 83 20 60 64 39 70 21 4 73 5 56 86 11 31 74 92 61 15 10 54 96 76 59 40 7 63 37 69 100 32 41 57 58 36 8 19 9 6 75 72 48 67
73: 86 58 20 4 22 8 69 21 35 73 2 66 41 68 100 52 88 25 3 50 29 48 60 94 9 11 15 83 62 87 85 19 46 36 13 67 39 84 92 43 51 90 78 55 53 93 38 54 80 96 16 10 26 28 91 75 99 37 57 70 42 27 33 31 61 98 24 49 18 34 17 5 32 77 76 44 95 64 6 23 97 47 7 65 30 45 12 56 74 72 1 89 82 71 40 63 59 79 14 81
74: 20 45 38 82 94 17 13 47 12 93 56 67 22 86 41 34 91 60 18 55 30 96 44 100 52 39 9 75 37 11 54 28 43 25 6 4 84 95 36 61 3 80 8 74 83 92 19 71 70 63 77 42 35 79 51 21 76 89 49 73 90 27 40 88 59 87 48 16 24 62 46 5 69 23 31 68 85 81 78 1 53 29 14 32 15 72 65 2 10 66 97 98 26 99 7 50 58 64 57 33
75: 22 100 53 57 76 77 73 61 45 8 2 99 97 43 90 25 1 49 34 16 44 26 30 47 38 93 10 23 75 51 66 29 4 89 11 6 94 92 88 64 65 79 42 5 86 7 18 70 46 95 28 84 83 96 56 20 98 71 17 67 60 9 87 40 54 32 19 72 27 14 69 62 58 91 21 50 74 52 48 41 68 37 78 13 63 3 31 55 33 36 80 59 35 12 24 39 82 15 85 81
76: 93 58 83 82 89 29 92 32 65 98 81 43 46 84 15 10 49 80 71 50 40 52 27 28 14 19 51 25 99 55 77 1 2 13 8 63 87 20 39 38 53 7 16 26 69 67 61 64 72 34 88 56 37 73 54 62 78 42 44 4 68 60 74 3 22 91 35 94 21 79 86 24 30 17 70 11 12 18 23 95 100 47 96 97 6 45 75 85 57 33 59 66 5 90 9 41 36 76 31 48
77: 15 82 46 3 28 65 81 35 54 45 40 97 63 16 69 26 62 84 99 5 9 21 78 8 30 53 91 60 44 85 67 59 75 88 72 1 6 66 58 89 83 42 71 74 56 41 38 50 76 11 96 37 24 48 55 22 18 100 49 92 47 61 77 2 86 25 33 31 29 12 23 19 94 70 34 64 36 52 4 14 68 95 39 93 13 27 43 90 7 98 87 79 73 80 10 57 51 32 20 17
78: 18 50 39 75 41 70 59 90 76 91 38 60 62 37 19 73 7 15 58 68 97 3 26 98 65 96 86 35 8 81 93 25 52 42 27 80 49 20 43 11 72 95 29 33 87 61 48 17 9 6 5 88 45 89 12 67 79 92 34 16 71 22 47 32 51 1 46 2 82 84 28 69 66 55 53 24 83 99 54 44 64 77 100 36 57 21 10 31 85 14 94 30 63 56 78 4 74 23 13 40
79: 43 65 87 56 53 47 86 50 33 90 73 76 3 17 1 15 27 95 19 13 31 30 100 44 80 57 84 92 18 9 54 82 38 46 72 78 48 39 21 14 8 12 40 96 97 49 71 88 26 85 74 23 98 94 89 77 60 2 68 83 58 41 36 10 32 61 34 45 11 69 75 93 28 66 37 59 91 4 29 67 79 63 52 35 51 81 16 5 25 55 7 24 64 42 22 20 62 70 99 6
80: 98 24 25 29 39 34 37 74 59 90 67 32 11 19 6 70 50 30 78 92 31 27 79 58 77 68 89 12 3 43 87 49 23 40 36 38 8 42 80 4 45 62 65 13 55 73 48 57 81 28 10 72 20 66 60 100 69 95 97 44 99 76 71 21 85 96 9 51 7 64 91 41 54 33 94 1 47 5 2 14 93 63 22 83 82 56 18 16 86 15 35 17 53 88 52 84 26 75 61 46
81: 90 34 9 100 79 27 45 35 60 70 37 69 25 38 64 81 74 11 40 92 39 13 8 29 48 52 85 20 3 22 17 5 55 46 23 75 87 12 66 10 44 16 6 33 86 1 96 51 54 62 68 98 49 67 99 18 58 73 95 14 57 15 84 53 47 72 43 89 80 50 26 82 31 63 59 24 7 76 41 65 94 36 91 42 93 88 4 83 71 77 78 2 32 30 21 61 19 97 28 56
82: 47 8 69 14 26 74 3 64 40 27 5 38 85 91 16 100 25 87 78 83 92 22 67 75 28 97 70 63 94 12 23 34 6 99 9 68 89 37 57 98 73 31 43 11 39 33 82 59 55 10 21 81 15 77 93 86 60 42 90 13 79 7 84 19 53 41 66 35 30 20 54 95 49 46 18 62 80 51 71 58 65 17 56 2 76 36 52 4 44 48 1 72 45 61 50 29 88 32 96 24
83: 43 64 44 93 76 90 9 7 88 50 17 11 99 10 40 67 35 91 96 52 2 83 85 57 5 39 37 94 22 87 24 84 49 74 63 33 54 62 26 66 23 13 69 3 1 71 14 89 27 20 38 97 78 8 48 42 46 58 61 15 72 56 65 81 80 86 98 28 92 29 36 18 32 45 53 70 30 68 16 59 6 100 12 25 34 60 55 19 77 79 31 21 47 73 95 75 41 82 4 51
84: 46 59 78 32 56 29 69 65 90 27 87 95 3 41 96 7 86 2 47 73 55 58 99 76 15 9 100 71 45 81 61 6 89 44 93 25 20 31 68 80 48 52 74 35 38 83 37 75 24 79 77 62 17 4 98 60 34 91 97 63 54 30 70 42 66 14 72 50 40 53 67 64 11 22 82 43 5 21 88 23 92 51 10 36 49 13 28 94 39 16 84 19 85 57 33 1 26 12 8 18
85: 60 72 63 13 79 49 15 18 52 10 99 21 32 35 43 96 59 53 83 39 2 97 69 14 8 94 77 12 16 45 70 68 100 48 76 93 87 28 47 62 27 65 55 23 95 78 40 81 3 7 88 42 58 92 9 11 1 50 57 89 17 20 75 22 67 30 86 74 26 25 5 90 64 73 29 82 37 6 36 91 66 4 54 19 51 44 84 56 98 41 46 34 61 24 33 85 71 80 38 31
86: 28 25 29 54 59 8 6 17 71 89 79 72 37 87 11 90 77 1 7 60 22 49 4 94 86 73 96 65 97 80 67 70 13 41 56 83 92 62 64 74 9 47 18 100 53 57 31 33 16 5 2 20 3 27 14 50 63 99 15 40 34 42 55 76 30 12 21 51 35 10 44 98 39 46 81 93 82 45 32 26 19 68 48 58 75 61 88 91 52 78 38 23 95 84 69 66 24 36 43 85
87: 85 3 7 59 18 46 2 52 64 96 19 37 95 76 81 48 12 13 4 22 21 6 90 56 53 87 26 97 44 78 23 39 54 17 1 57 50 77 10 63 43 45 60 75 61 83 25 16 58 89 5 93 94 55 40 11 91 62 68 73 86 9 30 42 24 80 8 33 88 84 29 98 65 38 66 47 92 99 74 51 31 49 34 14 36 82 71 100 70 27 79 69 15 67 20 72 35 32 41 28
88: 34 44 97 28 74 32 13 86 78 82 36 60 95 66 18 10 80 9 92 37 11 12 7 24 5 100 43 22 93 1 75 19 61 79 35 94 55 50 57 58 56 4 76 98 38 25 65 8 39 46 87 49 53 89 71 40 47 68 59 63 14 48 84 17 81 64 62 88 29 96 77 20 70 51 90 45 91 16 15 21 67 41 69 6 2 85 26 83 33 73 27 99 30 3 52 23 54 42 72 31
89: 44 92 45 78 80 31 84 96 40 19 5 46 82 65 41 72 2 68 12 60 50 3 37 56 32 26 91 66 36 69 10 21 70 94 27 53 79 22 67 61 86 1 85 62 81 25 74 35 99 71 98 52 11 30 58 16 17 43 24 93 49 77 13 51 6 89 57 48 100 73 4 18 63 64 38 97 90 29 28 75 42 83 76 47 9 88 54 33 59 15 87 8 95 7 20 55 23 14 39 34
90: 36 70 46 49 39 87 60 65 61 32 59 100 6 42 81 7 95 3 96 51 33 40 99 13 30 64 2 29 74 21 17 73 71 47 24 88 92 26 8 45 23 25 68 66 16 69 84 78 83 76 9 62 97 86 4 1 89 75 34 5 18 53 31 35 93 43 28 41 82 94 63 37 52 44 80 22 72 98 48 12 20 14 54 50 77 90 11 56 19 91 67 38 27 79 85 57 10 55 15 58
91: 8 3 90 49 30 32 20 63 45 68 95 28 23 77 22 39 25 85 40 89 55 14 42 75 72 43 98 13 99 51 62 64 47 10 21 9 83 5 67 87 56 74 61 91 71 6 12 86 27 35 50 16 26 31 92 84 94 53 100 38 65 48 58 82 57 59 78 34 96 60 52 73 97 7 80 54 2 69 24 46 66 79 93 36 44 70 33 1 37 29 17 41 4 81 76 11 19 88 18 15
92: 96 2 76 68 49 80 95 25 65 21 55 22 45 23 99 57 94 8 53 54 13 27 4 100 16 34 56 88 37 75 77 93 46 26 91 39 81 79 85 19 83 10 41 31 11 28 98 35 74 48 47 73 24 15 86 69 72 82 3 42 9 84 66 12 60 51 70 14 97 71 32 62 43 90 63 38 61 59 50 29 40 89 36 52 78 17 44 64 6 92 18 20 30 1 58 5 7 67 87 33
93: 94 2 52 20 15 22 33 8 30 70 53 42 80 92 40 31 44 5 19 43 100 68 89 83 58 24 64 56 46 35 93 49 74 23 34 99 60 84 12 61 86 87 51 63 76 27 45 57 1 59 90 25 39 66 78 14 37 67 17 95 38 77 71 47 7 48 72 3 16 98 75 28 69 73 4 36 32 88 79 50 18 9 82 96 85 13 97 41 65 62 91 10 29 21 54 55 81 11 26 6
94: 73 54 2 64 6 69 4 71 79 48 98 29 66 56 77 97 45 63 14 11 23 36 76 47 53 59 70 27 19 38 39 32 75 92 87 26 37 82 58 96 89 40 42 50 72 3 9 15 25 80 68 86 41 93 44 35 16 10 49 31 62 12 20 94 88 43 100 99 13 74 90 28 57 81 61 24 78 7 30 83 65 95 5 91 46 33 1 52 18 85 84 51 17 21 34 8 60 22 67 55
95: 23 75 72 13 96 73 92 53 95 61 66 49 83 4 89 38 100 6 29 1 93 91 8 81 20 82 36 14 3 80 70 2 5 98 12 79 54 58 97 19 94 85 55 24 68 60 32 15 26 88 51 84 86 27 40 64 52 10 35 25 46 50 30 74 99 17 87 67 45 28 48 21 76 59 31 41 11 65 62 42 71 78 44 34 22 43 33 9 90 77 63 69 57 7 16 37 47 39 18 56
96: 48 25 88 9 77 5 63 23 42 57 28 47 78 85 86 58 96 36 56 18 16 97 62 46 41 92 40 87 33 51 91 90 1 55 80 76 2 68 17 20 4 74 65 44 53 43 38 6 52 81 39 59 93 29 31 12 72 34 45 30 27 35 82 61 19 11 100 60 99 73 69 83 94 66 84 70 14 24 98 22 37 54 21 50 8 89 64 32 71 3 79 13 10 15 67 26 7 75 49 95
97: 6 79 27 13 66 36 73 22 26 46 31 25 37 10 5 8 78 89 9 71 28 11 98 21 4 16 42 32 70 72 92 76 86 64 90 75 20 95 91 49 3 50 77 69 29 74 39 47 53 40 1 34 24 43 93 35 30 65 88 48 59 94 23 41 58 100 14 67 84 63 99 52 15 85 62 96 87 17 2 61 38 57 19 7 56 60 51 54 82 81 55 80 68 45 97 83 33 18 12 44
98: 75 28 65 61 88 78 4 24 36 15 76 74 12 95 21 35 20 47 96 68 83 92 29 14 6 71 80 87 46 8 42 34 25 31 73 41 59 53 63 51 13 17 9 69 10 56 23 11 55 84 49 64 79 16 66 1 30 40 7 100 81 44 62 89 85 97 86 57 3 43 45 50 19 67 99 82 60 48 27 32 38 54 22 70 18 58 2 52 91 72 26 94 77 37 98 5 93 33 90 39
99: 49 71 7 96 41 31 62 21 87 100 32 46 15 68 13 12 81 53 45 59 16 77 52 74 20 60 28 27 23 39 61 1 54 67 90 40 43 38 3 8 66 97 6 85 37 44 5 91 35 25 70 57 33 47 83 4 82 65 34 17 72 48 29 9 75 63 93 18 95 64 24 69 30 78 88 51 19 11 50 94 22 2 79 98 84 42 86 73 10 76 26 80 89 55 14 58 36 56 99 92
100: 63 37 40 72 45 92 96 83 79 93 61 87 58 23 73 31 46 100 74 68 97 9 27 88 70 29 81 44 50 99 13 5 1 32 84 77 28 21 57 15 39 71 48 62 82 43 34 75 10 52 26 12 69 94 89 36 67 95 25 51 42 59 66 16 86 98 49 41 19 7 65 53 85 90 8 24 55 30 11 76 60 56 22 54 2 33 17 47 35 6 4 78 3 20 80 18 38 14 91 64
1: 73 37 53 78 84 28 46 52 76 31 87 23 98 68 10 2 25 49 29 83 97 34 95 13 5 12 63 65 56 72 61 81 21 75 3 18 100 64 57 35 20 85 15 79 30 96 58 71 99 88 33 70 26 24 60 32 41 40 36 43 9 50 94 92 45 39 17 93 66 4 69 6 59 7 55 11 77 8 27 91 90 44 1 86 80 62 74 38 89 42 19 47 51 14 54 67 48 82 16 22
2: 43 47 77 87 100 75 15 84 37 44 14 6 51 79 72 18 56 31 91 17 12 7 80 19 13 11 97 25 38 65 61 63 5 23 34 68 28 29 10 89 26 48 46 94 93 20 74 69 70 3 55 88 83 81 27 99 9 40 2 59 33 58 49 86 35 90 16 82 95 57 60 71 64 62 32 92 24 42 54 1 36 8 21 76 96 67 22 73 50 78 66 98 41 30 39 85 4 52 53 45
3: 85 82 63 29 95 31 79 32 88 74 44 12 7 3 66 61 35 60 11 23 69 98 71 57 6 72 56 67 37 40 58 70 16 54 49 99 18 25 53 75 91 21 87 17 45 22 5 51 38 77 84 4 90 62 92 50 28 42 27 43 14 33 1 76 36 15 64 20 52 89 39 93 100 46 34 9 73 80 97 86 83 24 68 65 55 30 13 8 26 59 94 96 78 47 48 41 19 2 10 81
4: 53 69 14 82 55 96 31 25 39 62 64 100 54 86 1 68 77 50 16 47 33 81 49 11 6 20 58 30 35 21 60 32 80 91 19 57 79 59 13 5 43 94 8 87 93 83 48 22 61 51 40 3 41 45 44 90 10 23 70 74 17 12 2 75 7 73 78 56 4 38 89 66 24 72 99 88 98 95 71 34 63 67 36 76 29 84 42 37 46 15 28 9 52 26 85 27 92 65 97 18
5: 4 46 56 38 13 97 58 19 31 22 94 10 48 68 37 28 54 34 53 39 92 71 60 72 63 11 86 67 96 79 74 29 73 62 40 5 93 8 88 76 89 24 23 64 12 70 21 45 50 83 75 36 2 14 52 59 32 33 99 87 65 44 80 18 17 7 81 30 41 95 20 26 6 9 84 77 35 47 66 57 82 51 49 78 55 43 27 42 1 25 98 15 61 16 100 91 69 3 85 90
6: 91 9 74 35 94 40 97 80 24 14 64 84 86 12 53 19 59 7 76 82 71 79 61 73 18 26 69 85 81 63 75 34 83 98 100 58 16 11 29 1 55 89 32 48 95 4 78 54 36 37 27 90 70 47 52 22 77 92 25 57 96 31 3 46 2 49 50 72 51 15 38 28 20 65 42 39 44 45 41 8 23 60 93 87 5 17 88 62 56 33 30 13 6 99 43 66 67 21 10 68
7: 59 81 76 20 55 29 17 23 10 84 35 41 100 36 51 6 12 73 98 87 16 34 67 4 43 96 3 83 52 49 90 11 62 69 85 65 72 26 89 77 46 14 75 30 78 63 33 54 42 80 64 13 53 31 18 40 71 91 21 93 19 50 56 39 25 57 7 38 92 15 94 99 45 47 2 8 61 95 48 58 44 70 74 27 22 82 5 60 1 28 9 66 37 32 86 88 68 79 97 24
8: 78 85 15 66 90 87 3 1 97 96 75 13 64 52 42 70 80 5 2 79 51 89 14 16 73 26 94 91 92 25 23 61 6 21 7 67 53 71 48 86 81 76 28 43 37 30 77 54 88 40 83 10 55 35 24 100 58 8 33 99 18 36 50 12 62 74 59 69 19 9 20 82 29 95 41 38 39 49 63 65 32 27 11 46 84 44 31 47 68 57 60 93 34 45 56 72 4 17 98 22
9: 67 39 93 46 68 55 40 4 52 61 92 20 54 22 9 53 43 34 86 37 50 79 97 87 75 73 59 57 8 81 15 66 33 95 25 70 27 41 10 2 60 23 56 99 42 29 45 78 58 71 28 100 32 83 17 38 64 91 72 1 85 76 11 69 80 90 51 98 24 74 3 62 88 94 19 49 12 30 89 6 35 26 36 18 47 63 16 14 5 13 48 77 44 82 7 31 84 96 65 21
10: 2 14 1 76 60 18 5 96 94 80 63 25 13 93 20 33 91 48 61 15 86 17 34 4 87 53 78 59 7 55 75 54 69 47 84 72 100 6 27 79 90 42 70 9 71 74 52 64 88 97 98 50 28 99 23 30 3 29 85 44 35 37 26 57 45 38 8 65 58 40 68 92 83 31 32 56 89 36 10 24 12 22 81 49 95 43 11 51 77 66 62 67 46 41 19 39 21 82 16 73
11: 72 100 23 93 57 66 12 44 30 49 32 20 59 51 85 35 3 16 84 38 24 40 19 46 7 69 5 34 39 2 91 28 55 95 99 43 83 47 36 54 96 13 22 26 25 97 70 73 61 86 87 88 68 14 18 94 67 1 77 52 74 6 29 80 65 78 42 89 48 10 92 62 71 60 64 33 75 90 45 11 17 53 8 27 58 31 15 56 4 76 82 21 37 9 41 63 50 79 98 81
12: 78 67 56 68 82 51 30 20 77 61 40 1 76 18 69 31 92 48 32 59 58 35 37 83 65 75 29 55 57 49 7 46 2 26 99 89 23 43 87 85 54 45 71 36 33 90 16 80 12 13 8 38 64 11 62 5 15 14 4 93 79 86 97 25 52 19 24 95 27 94 98 74 41 81 47 53 72 6 70 9 84 60 96 10 22 88 21 3 34 17 66 44 50 91 28 73 42 39 63 100
13: 75 65 50 88 49 2 7 54 52 28 19 57 32 37 12 98 61 30 70 35 13 5 24 95 87 45 1 27 84 10 64 51 83 72 90 96 81 97 60 58 29 56 31 71 67 69 21 11 44 89 68 15 55 86 16 79 46 92 91 42 14 8 20 66 59 76 25 99 80 100 3 36 85 38 47 26 78 17 74 6 4 94 43 63 77 62 82 40 73 22 41 93 34 33 48 53 23 9 18 39
14: 41 60 30 26 81 99 75 90 59 3 61 32 29 2 56 1 58 23 55 4 64 19 65 43 96 13 95 8 80 47 20 6 7 53 68 39 17 74 16 69 82 9 86 5 85 45 49 57 78 89 63 40 87 50 35 54 77 24 100 38 44 28 31 94 62 33 91 88 71 11 66 92 34 73 46 21 93 97 70 84 52 10 37 15 22 18 83 25 51 12 76 14 27 79 72 36 42 98 48 67
15: 91 35 19 27 68 66 48 79 81 44 94 6 33 25 9 43 58 41 64 77 93 100 7 36 47 69 46 92 10 37 39 34 72 45 29 26 4 50 71 80 21 86 61 17 85 95 22 59 84 73 5 13 1 11 82 40 32 16 24 60 70 54 18 88 8 31 98 90 96 75 87 28 15 38 62 3 53 55 52 56 14 63 97 67 76 78 83 23 30 65 57 89 2 74 12 99 51 42 20 49
16: 34 56 5 22 26 19 64 68 25 50 90 80 74 33 48 54 61 49 7 92 79 97 45 70 6 9 84 58 52 89 73 42 71 72 98 85 67 75 11 88 15 2 28 3 13 8 95 1 41 40 65 96 82 43 4 46 37 77 29 86 44 36 38 47 21 69 53 24 78 76 55 27 83 18 87 16 17 51 31 30 10 91 66 32 93 60 39 12 63 62 59 81 23 57 20 99 14 94 35 100
17: 15 96 7 1 97 3 49 47 79 77 21 72 88 58 84 14 64 87 18 78 50 51 71 9 61 33 82 68 94 48 12 16 19 55 81 57 76 100 63 54 6 42 35 93 66 89 34 32 74 60 40 43 23 70 69 95 73 56 17 59 13 30 26 37 29 31 4 28 20 62 46 22 65 53 44 75 10 38 36 52 24 91 27 85 98 41 5 39 11 25 83 86 2 67 8 92 45 99 90 80
18: 37 39 14 85 96 55 83 42 62 15 34 60 89 11 47 80 43 61 90 82 84 49 3 64 7 45 56 38 2 23 94 100 95 28 69 35 44 10 31 13 40 36 20 58 73 53 18 81 74 75 97 59 71 98 16 9 78 4 30 86 26 25 27 99 72 19 70 1 54 65 32 91 52 22 21 66 12 67 5 29 17 87 33 77 24 6 51 8 50 68 63 88 57 92 48 76 41 93 79 46
19: 57 78 34 95 19 88 15 67 45 47 54 46 93 56 59 18 97 85 81 49 1 9 27 74 84 35 99 24 31 58 52 29 33 77 90 20 86 55 87 38 25 100 62 75 12 89 83 61 79 44 40 2 73 64 13 42 72 28 3 8 48 63 26 36 7 21 43 94 14 98 91 23 66 6 82 39 17 71 53 96 80 30 51 76 92 70 50 16 69 32 10 65 68 5 37 41 11 60 4 22
20: 92 93 60 95 26 12 25 38 59 75 99 76 6 22 15 74 85 13 70 9 80 58 86 89 31 28 84 42 40 77 78 82 48 64 32 34 43 17 56 45 94 98 27 63 49 23 4 100 7 96 24 54 61 69 46 37 2 50 3 91 41 19 73 57 55 65 1 5 47 62 11 18 52 97 81 29 16 71 44 67 83 21 30 87 72 53 8 79 90 51 14 35 33 68 20 88 66 10 36 39
21: 72 46 40 97 16 59 7 57 78 39 90 52 92 26 61 27 14 30 75 84 19 63 51 96 80 33 83 6 82 66 1 42 53 22 62 99 73 37 58 24 55 25 65 64 56 76 79 50 12 18 10 68 70 74 77 4 35 93 9 45 32 38 54 20 15 47 91 71 23 5 36 44 69 8 11 89 87 48 85 2 3 41 31 94 81 21 17 34 49 86 28 100 98 29 95 43 13 60 88 67
22: 84 95 83 39 1 77 31 66 72 41 89 99 62 3 36 26 46 78 64 45 10 58 82 68 57 12 69 86 11 42 60 13 17 53 56 91 22 27 80 96 23 28 73 87 14 55 7 20 38 30 70 65 67 25 16 33 71 51 24 5 93 19 74 54 40 76 18 8 52 92 4 43 90 79 2 50 75 15 35 37 29 59 6 21 98 48 94 49 61 44 63 47 100 88 9 85 34 32 97 81
23: 38 41 70 52 42 34 4 68 35 61 88 79 6 9 59 13 5 57 44 48 60 56 46 63 53 82 21 100 77 15 58 64 55 51 8 97 1 17 54 25 98 96 28 50 99 62 89 39 47 11 86 74 75 12 94 19 66 81 27 16 92 95 23 40 3 32 43 49 10 7 22 90 24 80 65 2 71 29 84 91 31 87 36 85 72 30 45 37 78 73 93 33 76 20 83 14 26 69 18 67
24: 84 29 48 92 51 5 17 15 96 72 36 6 38 90 27 26 59 46 57 91 1 2 28 65 43 4 76 83 67 78 14 22 94 56 52 79 32 89 63 13 75 9 70 40 55 62 41 24 74 31 11 54 53 85 37 82 49 50 19 58 39 86 12 73 45 66 20 18 23 35 88 60 87 99 95 81 77 10 93 69 61 8 30 44 68 33 80 42 7 47 21 98 3 34 64 25 16 71 97 100
25: 88 76 62 77 95 91 57 54 19 28 48 9 38 94 32 73 64 43 72 40 39 41 67 79 68 29 18 31 63 22 26 66 71 5 33 85 10 52 30 80 8 4 45 74 25 87 53 61 49 92 55 96 100 2 14 15 1 46 69 23 83 89 56 70 99 75 12 93 16 59 47 37 97 82 20 98 3 17 27 6 7 24 42 21 60 13 78 35 65 51 86 50 58 11 34 84 90 44 81 36
26: 95 63 93 43 59 90 83 99 78 60 22 71 26 97 45 15 98 81 88 10 36 1 66 19 28 35 48 44 14 58 11 32 56 54 73 77 50 96 68 29 64 23 5 49 52 62 41 8 70 7 18 27 17 47 80 38 16 12 37 74 65 75 72 69 76 40 46 86 9 30 53 91 33 51 55 100 39 67 6 94 34 3 85 2 84 21 57 42 13 82 24 25 61 87 79 89 20 92 4 31
27: 1 98 81 95 39 91 78 80 2 66 73 90 68 34 60 38 3 8 4 58 44 29 86 26 37 50 31 85 16 48 65 96 79 7 33 18 13 9 94 35 19 21 97 92 25 42 56 40 67 46 43 27 47 74 11 53 76 32 22 14 64 23 62 17 51 83 75 10 89 59 24 55 20 61 93 15 5 30 82 63 69 54 88 57 12 77 36 100 99 84 70 41 71 28 52 45 87 49 6 72
28: 99 78 17 22 75 93 56 54 72 42 43 81 48 24 18 25 12 20 28 62 38 16 34 59 77 76 37 4 15 89 32 84 60 66 94 65 91 50 1 39 85 44 87 23 5 29 41 88 46 55 74 79 19 13 80 57 52 98 31 82 70 3 47 97 90 49 63 33 69 30 58 92 68 64 61 86 14 36 6 95 21 51 26 2 9 71 11 83 100 27 8 40 45 10 53 7 73 35 67 96
29: 32 20 64 60 86 35 5 96 56 91 8 48 33 25 75 73 2 18 94 19 11 41 99 78 22 61 24 49 83 38 10 69 97 3 34 12 16 79 67 30 44 1 95 27 81 28 54 45 17 100 77 84 23 9 89 52 7 59 6 40 80 55 4 70 66 92 29 39 71 26 72 58 63 43 37 68 98 90 85 65 13 62 76 36 93 21 46 42 57 50 47 31 51 53 74 82 14 88 87 15
30: 47 68 3 29 88 59 62 87 41 90 9 21 22 19 82 75 64 91 56 33 83 69 57 25 1 49 52 8 66 14 42 55 35 16 10 51 50 7 24 37 40 58 15 92 94 18 85 74 28 72 26 80 97 70 46 63 45 81 100 84 4 93 54 17 43 36 39 12 44 76 60 13 95 20 11 98 61 23 89 67 5 96 77 86 27 2 31 38 53 48 34 30 78 65 32 73 99 71 79 6
31: 88 45 86 87 56 14 15 68 93 81 53 84 89 62 6 38 22 10 65 50 51 9 71 21 2 23 59 1 90 12 19 73 96 30 69 92 77 48 99 72 60 94 5 25 40 42 11 85 58 37 98 78 82 44 16 26 27 70 31 7 47 28 95 75 49 13 97 41 54 24 18 64 17 63 61 8 4 29 34 20 52 43 3 33 39 100 36 74 79 32 55 66 83 76 57 35 46 80 91 67
32: 65 86 37 80 98 33 96 26 85 5 73 57 95 18 34 56 74 72 14 19 99 79 40 100 4 11 78 93 75 45 94 29 3 7 49 82 10 83 1 77 44 68 48 41 42 20 76 6 60 61 63 66 27 90 81 31 59 70 47 87 54 16 30 8 67 23 91 58 88 69 71 13 46 52 32 38 28 2 24 64 25 35 22 97 50 9 89 21 17 84 92 12 51 43 55 62 39 15 36 53
33: 37 55 45 29 60 83 82 46 79 35 33 11 100 90 26 42 16 91 88 10 95 51 43 6 76 12 50 39 65 30 99 71 31 89 41 62 56 77 5 64 97 25 61 40 9 47 38 7 58 68 78 86 94 17 28 8 48 96 63 98 81 66 53 75 74 1 44 93 85 21 72 3 15 59 92 54 87 69 84 73 19 67 18 2 22 49 13 57 24 34 4 32 14 80 27 23 36 70 52 20
34: 62 38 93 25 13 61 52 9 21 19 99 87 37 95 69 85 57 89 8 72 14 5 18 91 75 66 76 94 70 6 90 20 81 23 58 41 43 12 22 78 30 86 3 40 44 34 28 11 39 71 84 83 29 46 31 60 49 27 74 97 50 82 100 35 45 48 16 32 80 42 53 98 59 63 73 24 68 79 77 64 96 1 10 67 7 65 55 2 15 36 4 26 56 88 17 51 92 47 33 54
35: 12 9 3 17 26 29 83 55 56 31 86 60 1 4 5 93 19 64 7 62 47 21 16 99 43 73 57 38 52 34 37 65 15 63 35 18 88 53 61 42 11 41 59 20 24 48 39 49 23 78 100 81 76 72 46 85 95 79 98 94 90 66 25 36 82 71 69 67 45 33 75 44 22 28 74 97 51 84 87 96 8 10 89 54 40 92 13 68 50 70 30 80 27 32 91 6 58 77 2 14
36: 72 95 32 50 19 60 61 85 97 76 10 100 73 69 8 11 92 12 27 93 68 63 44 2 16 89 65 38 20 9 94 56 58 86 48 79 51 59 75 24 64 7 4 52 70 62 99 31 37 57 66 91 35 40 96 17 29 6 55 23 83 28 5 71 21 53 84 45 30 74 90 39 78 34 15 54 22 3 77 87 67 46 49 25 14 33 80 36 82 13 1 43 42 18 81 26 98 47 41 88
37: 12 68 8 58 69 73 56 64 75 10 52 84 85 13 21 50 87 81 97 96 59 99 44 32 17 49 31 66 76 93 37 16 38 62 82 89 90 77 42 86 88 55 94 33 11 2 24 57 100 35 19 15 18 67 83 36 41 39 92 72 98 5 1 71 29 65 25 43 40 9 54 78 34 23 95 47 6 14 79 63 61 91 27 30 45 74 70 3 4 46 26 60 20 28 53 80 22 48 7 51
38: 15 30 40 31 6 85 21 18 11 23 43 52 99 27 62 70 88 47 60 32 84 29 86 97 50 28 38 68 12 7 36 8 45 75 55 41 89 46 13 90 39 5 82 77 61 91 33 59 4 74 42 48 81 24 94 22 54 16 98 63 100 1 34 3 64 72 49 95 76 53 37 51 35 73 57 87 79 67 25 14 66 83 20 69 71 19 92 10 56 26 17 78 44 80 96 2 58 65 93 9
39: 75 27 84 2 80 87 47 29 49 4 60 73 25 82 42 100 77 53 90 69 93 65 32 14 23 78 72 38 5 96 48 57 58 46 40 11 51 71 86 21 36 83 50 26 92 70 7 24 18 76 88 61 9 62 56 64 17 1 85 37 19 30 79 91 81 97 59 89 22 20 95 44 45 13 54 94 74 8 33 28 99 66 10 55 3 35 39 15 31 16 68 63 6 98 41 52 12 43 67 34
40: 2 50 76 54 52 15 77 26 13 58 94 39 64 96 100 35 71 70 33 79 49 12 8 22 84 85 17 74 88 9 56 69 4 16 59 51 67 40 99 1 19 62 61 90 57 27 87 53 44 14 29 75 18 80 31 91 86 82 95 47 43 38 34 46 28 55 36 97 98 25 45 63 42 73 48 24 89 66 41 3 23 37 83 7 92 30 72 11 32 10 21 5 6 93 81 60 68 20 65 78
41: 9 40 64 98 47 45 52 73 86 25 31 82 88 13 33 80 22 56 99 58 79 81 6 74 68 21 93 84 5 50 30 89 91 90 16 35 60 55 17 65 3 71 48 20 78 11 75 24 76 27 4 39 87 46 19 14 94 42 32 1 49 54 53 34 95 10 92 44 23 8 59 28 62 66 36 97 37 67 12 38 26 85 29 43 69 57 51 96 83 70 15 63 72 7 77 2 61 41 100 18
42: 12 50 11 94 42 78 66 23 72 39 99 3 61 16 15 48 1 18 31 4 75 83 47 88 67 55 49 14 70 29 33 34 8 98 85 20 60 28 19 57 32 65 63 68 93 69 51 21 2 76 100 22 84 38 13 45 86 26 95 43 97 62 37 40 91 10 58 35 79 74 27 54 87 7 53 41 92 46 17 9 52 80 81 5 89 24 56 96 36 71 82 64 73 44 90 6 59 30 77 25
43: 4 10 29 2 57 44 58 31 89 16 1 77 52 20 49 68 86 74 98 72 24 9 67 48 6 28 18 37 41 63 80 82 88 26 84 71 8 47 92 46 64 87 19 3 95 36 60 30 56 25 50 78 43 22 96 73 14 38 34 51 13 99 7 94 85 15 32 83 35 69 39 66 81 42 65 62 40 21 97 11 93 75 17 91 61 12 23 33 45 79 59 53 55 54 100 70 90 27 76 5
44: 85 41 26 48 42 86 43 44 1 67 75 7 80 95 51 36 33 23 46 32 24 98 14 77 49 5 90 55 4 76 22 11 68 29 6 30 61 62 92 39 83 2 82 28 97 81 56 35 89 60 21 78 96 34 18 3 79 91 93 50 58 9 31 71 16 38 57 66 100 13 19 65 72 59 53 12 64 84 45 99 10 8 47 73 27 74 54 17 15 94 25 20 87 52 63 37 69 40 70 88
45: 81 8 78 56 80 12 65 40 25 18 89 5 47 2 85 1 20 13 100 99 19 66 60 22 21 50 94 77 45 79 63 64 67 30 86 36 70 51 38 32 31 88 35 82 98 15 90 83 97 84 16 75 37 39 23 76 14 41 91 48 71 43 93 62 26 69 61 73 9 53 54 11 72 59 28 4 55 95 92 27 52 24 96 3 58 7 87 44 74 42 33 6 34 68 17 57 10 49 29 46
46: 55 70 94 14 7 4 28 12 88 79 54 9 23 22 77 15 65 45 95 44 71 82 37 31 68 58 91 80 33 83 74 99 30 51 43 42 52 61 72 60 69 92 90 48 13 75 18 38 25 56 67 6 34 11 19 53 86 50 17 10 20 5 59 73 66 39 24 85 78 98 35 32 87 93 2 62 47 81 76 3 49 21 100 97 1 89 29 16 41 84 63 26 27 40 8 64 96 36 57 46
47: 26 46 12 53 78 29 86 2 25 30 77 48 85 71 23 80 19 94 81 59 27 60 99 1 100 95 24 89 43 16 22 10 44 3 35 84 74 75 83 11 66 54 73 63 41 51 49 93 39 38 57 15 18 5 68 40 72 50 33 70 67 20 56 6 47 17 52 87 58 34 69 13 65 82 7 21 36 9 92 31 14 32 61 91 55 64 45 98 62 28 90 79 88 8 42 97 96 4 37 76
48: 88 8 24 19 3 45 97 58 66 81 1 100 87 98 5 10 23 78 29 63 11 57 6 55 56 27 46 41 95 33 12 84 15 32 92 14 65 22 61 17 38 85 54 16 52 62 44 21 48 99 7 47 40 77 68 50 53 13 2 37 4 59 90 75 73 28 31 25 34 35 20 94 93 72 49 80 86 69 70 39 89 64 43 74 26 96 83 30 18 36 60 67 76 42 9 82 51 71 79 91
49: 15 55 96 57 40 85 52 78 65 8 53 79 34 29 92 38 66 36 73 17 80 88 83 37 13 43 32 7 60 82 50 59 63 67 33 62 91 74 3 16 24 19 94 23 90 9 51 46 76 64 54 10 98 84 22 25 95 35 58 31 68 6 45 27 14 69 18 26 71 21 41 1 30 100 56 47 86 5 81 77 49 72 44 42 11 61 89 99 87 48 20 70 12 39 28 93 75 4 97 2
50: 96 37 7 36 97 30 75 41 94 87 77 98 14 9 43 16 5 6 11 62 63 17 64 56 34 82 93 3 24 48 33 73 86 12 32 69 59 65 74 19 79 90 28 20 85 51 27 40 71 99 92 52 61 47 18 46 4 23 44 10 15 78 91 89 2 66 54 38 57 25 42 80 95 26 45 55 100 1 60 49 31 70 72 29 76 88 35 81 13 68 83 53 84 50 8 67 22 21 39 58
51: 35 67 13 98 56 69 91 31 16 93 92 32 97 24 82 44 26 73 83 65 47 38 7 94 66 20 6 48 87 84 14 33 50 30 99 62 77 54 75 9 55 27 46 85 53 23 5 86 100 12 21 11 96 22 76 29 25 36 88 52 19 1 63 34 41 57 61 42 15 60 39 79 28 78 81 72 74 89 51 70 90 4 59 80 8 3 37 58 18 43 40 10 45 49 17 64 68 71 2 95
52: 27 64 68 25 60 89 30 90 47 56 15 20 21 66 97 73 24 92 16 40 19 80 18 51 26 28 45 79 78 1 98 43 41 29 52 67 59 100 70 77 34 57 38 4 95 81 72 44 87 84 32 39 6 82 62 8 99 91 31 58 49 93 65 71 35 11 9 74 96 94 48 76 37 2 85 3 75 63 54 12 55 53 46 36 5 23 50 83 33 14 88 22 7 10 61 69 86 42 17 13
53: 73 21 57 83 16 29 23 97 8 60 33 81 31 74 47 82 5 19 99 85 87 39 48 37 95 38 35 12 90 80 72 24 44 56 96 46 92 55 70 86 66 10 65 91 30 9 67 41 7 17 53 79 49 64 3 59 62 34 40 54 93 89 45 58 71 75 20 22 94 1 52 18 13 36 11 50 63 28 32 76 100 69 42 68 2 6 84 61 77 43 88 15 26 25 51 4 27 14 98 78
54: 94 13 28 3 50 30 67 41 49 25 89 81 19 74 52 83 24 71 57 16 91 29 100 62 35 80 86 79 4 55 43 26 65 46 31 18 17 64 63 75 21 70 90 87 14 44 82 45 56 97 73 11 5 72 34 84 7 9 53 54 59 12 15 23 78 32 77 76 99 60 38 8 66 85 51 69 27 37 96 48 2 98 10 33 92 20 47 61 88 68 42 40 36 6 95 39 58 1 22 93
55: 44 78 37 24 57 20 79 100 68 27 95 7 40 99 98 91 45 21 61 25 9 84 30 90 39 46 10 81 71 28 12 56 86 96 63 66 80 19 51 54 89 73 49 59 31 15 4 92 76 17 47 1 52 38 97 48 23 26 3 64 77 16 2 8 13 14 70 60 82 69 34 5 67 58 88 85 50 35 55 65 87 32 33 11 53 93 62 72 43 18 22 42 83 74 94 75 41 36 6 29
56: 13 34 75 36 18 47 67 80 76 43 50 41 7 83 54 40 28 66 91 74 86 85 88 19 63 92 77 56 23 16 97 17 48 94 14 12 71 1 8 78 62 33 89 59 5 64 20 39 9 60 65 84 82 15 53 52 58 25 99 93 87 55 6 81 90 49 95 57 68 22 31 26 32 37 21 44 61 10 4 38 72 42 79 35 45 73 2 27 24 100 29 69 3 30 51 98 96 70 46 11
57: 30 23 95 94 25 68 46 55 11 33 71 32 64 50 29 67 91 98 96 73 12 97 26 7 76 85 8 75 58 39 99 66 2 86 48 43 82 28 87 89 63 62 47 20 61 74 93 72 22 14 42 57 100 10 35 77 51 16 52 81 84 60 90 1 38 88 40 17 59 83 70 37 15 24 49 27 56 19 41 5 31 21 9 65 45 92 78 54 34 53 69 36 6 80 4 13 44 3 18 79
58: 2 72 81 44 62 40 58 3 29 73 52 74 85 64 78 42 69 5 36 88 80 70 57 27 61 39 11 22 94 91 59 55 53 12 98 79 24 68 84 63 6 71 21 87 60 9 33 13 37 25 7 93 83 92 41 100 1 20 76 15 67 54 19 18 65 17 28 77 34 45 14 49 86 66 51 32 43 8 99 26 4 46 75 16 89 90 23 97 38 31 47 96 48 56 10 30 35 50 82 95
59: 66 95 15 1 17 36 34 23 49 40 81 67 73 100 39 44 83 42 5 38 16 80 33 60 65 91 28 56 86 97 71 7 98 27 30 69 4 92 26 8 46 14 75 45 68 63 55 84 93 58 72 18 12 59 24 51 37 31 85 52 57 88 22 74 25 62 13 35 90 78 89 76 54 21 61 96 10 43 32 53 79 3 82 6 9 94 29 20 70 64 50 87 19 2 11 77 41 47 48 99
60: 95 87 70 13 42 1 90 18 74 19 56 92 31 35 9 75 91 48 99 10 49 29 7 55 6 53 4 60 27 52 86 11 38 77 41 80 32 37 72 69 97 14 68 12 47 81 20 46 88 16 66 54 94 82 43 25 28 36 78 39 17 61 45 98 62 22 2 8 40 85 71 34 24 76 57 65 89 5 33 84 100 93 51 64 23 73 83 15 79 67 3 59 96 58 50 63 44 26 30 21
61: 78 80 79 88 65 46 29 25 43 31 11 32 55 35 28 10 71 83 8 98 86 85 47 56 72 95 22 100 2 63 38 5 91 90 33 69 37 30 20 77 52 50 81 53 62 6 84 34 82 70 92 13 44 41 74 61 21 17 3 76 96 93 1 75 67 12 27 15 97 99 42 19 89 58 68 40 39 59 24 14 73 87 4 51 9 18 48 54 26 23 60 36 49 64 7 66 57 16 45 94
62: 41 7 43 47 90 79 95 64 21 87 52 83 9 50 96 44 71 60 15 28 22 94 70 10 62 19 35 12 93 53 91 48 25 54 76 3 31 80 23 57 86 39 98 82 66 65 38 20 34 61 14 16 100 1 13 4 67 32 63 97 55 51 89 37 24 59 88 33 75 36 29 26 17 30 68 18 46 45 56 78 85 11 5 49 84 73 8 69 40 72 6 2 58 92 27 42 99 74 81 77
63: 29 42 45 98 78 7 15 10 39 88 77 48 11 14 24 5 17 59 86 2 76 43 40 92 80 30 20 81 60 67 4 84 51 52 28 46 68 72 99 9 97 41 85 91 27 12 34 89 83 100 1 61 18 50 54 71 49 16 21 96 93 63 95 65 55 62 90 26 94 64 44 33 6 36 56 57 31 70 66 75 87 73 82 23 3 38 53 19 37 8 13 25 32 22 35 47 79 58 74 69
64: 18 79 98 36 75 11 27 56 25 70 23 5 45 59 47 99 39 82 73 69 33 6 4 84 83 50 81 85 32 93 46 1 29 91 13 62 53 41 21 22 90 31 92 78 87 54 3 72 42 65 94 35 89 26 77 8 88 66 60 28 19 30 7 38 96 67 12 80 10 34 24 57 74 48 68 9 95 76 52 43 63 37 86 61 17 71 2 20 44 15 64 49 16 100 97 14 40 51 55 58
65: 99 3 50 46 39 56 49 37 97 100 76 94 65 9 77 93 91 53 95 74 5 11 44 59 69 32 88 19 8 84 47 36 26 87 72 7 64 24 29 68 38 61 54 18 96 83 25 34 58 82 70 21 28 20 41 71 81 78 1 55 86 90 13 80 67 2 73 75 4 35 23 48 89 45 66 42 57 10 14 85 12 51 16 52 30 22 15 40 98 63 17 43 79 31 6 27 33 60 92 62
66: 48 9 95 64 63 5 56 73 36 49 19 88 53 70 86 22 62 78 57 94 68 69 59 45 15 18 77 1 44 13 72 21 3 67 58 11 52 14 71 38 23 20 25 65 89 83 43 76 74 8 91 82 93 39 90 41 34 84 60 98 35 31 6 10 30 42 7 75 99 92 51 61 46 96 37 4 28 27 97 55 40 81 32 66 80 29 54 87 85 50 33 17 100 47 26 12 24 2 79 16
67: 35 24 78 17 34 1 62 71 51 59 96 81 46 37 75 38 16 57 18 83 79 53 26 95 49 25 8 90 36 48 94 9 80 15 54 77 4 100 86 72 68 87 6 30 47 63 56 73 60 20 89 29 40 44 39 14 88 19 85 22 21 50 64 55 70 2 43 93 69 5 10 31 99 32 13 28 65 74 42 45 12 23 58 3 33 97 76 84 61 82 11 52 27 66 92 67 41 7 98 91
68: 39 69 7 34 62 97 70 48 20 26 18 40 21 28 12 3 61 37 86 94 99 51 56 43 50 9 42 17 90 25 91 74 80 76 92 100 64 57 58 24 81 63 29 89 46 55 10 41 15 47 5 71 27 77 4 32 33 98 14 75 22 65 35 73 49 82 95 8 68 6 79 85 2 16 53 96 1 87 72 13 59 60 44 31 23 36 67 93 11 83 30 52 45 78 54 38 88 19 84 66
69: 4 17 16 1 65 74 82 6 30 54 24 28 85 93 29 73 59 71 35 60 34 48 67 97 81 72 86 14 44 37 27 69 39 7 33 23 66 89 10 90 20 49 94 56 79 26 47 57 87 76 8 75 38 84 88 96 3 53 77 92 61 50 19 91 70 68 25 100 11 22 21 13 31 63 46 12 95 78 41 83 80 51 52 32 15 62 55 40 43 42 99 36 58 5 64 2 9 45 18 98
70: 98 63 26 13 41 56 23 25 50 19 82 5 57 89 16 62 88 96 42 48 86 94 83 84 52 67 79 14 27 33 76 46 39 54 85 35 65 61 49 70 60 4 6 9 1 21 71 93 11 47 99 100 74 87 22 51 77 72 36 80 40 7 34 68 29 69 53 20 30 32 2 58 78 31 97 43 59 10 55 12 95 17 73 91 18 28 75 90 92 38 81 37 66 8 15 24 64 45 44 3
71: 85 78 71 97 86 63 77 6 79 39 8 89 20 21 69 45 61 76 35 67 96 36 11 95 57 90 15 83 29 74 50 68 31 23 26 5 73 48 53 91 44 12 98 87 70 62 59 82 88 58 81 80 41 66 43 2 14 75 72 18 10 3 100 60 40 94 13 42 28 33 1 47 7 92 64 52 9 54 22 38 55 19 25 16 24 34 17 32 93 56 99 30 27 46 84 37 51 65 4 49
72: 30 2 74 12 65 54 22 11 48 61 64 19 34 33 62 51 88 50 46 63 69 15 68 52 83 76 36 93 18 24 57 7 81 47 45 84 95 92 70 1 38 53 94 9 59 98 17 40 72 75 100 25 67 31 82 8 58 97 41 23 66 99 16 14 73 87 85 80 56 96 44 37 26 13 49 10 20 89 55 79 91 60 6 5 27 78 3 86 32 90 4 42 77 43 35 29 71 21 28 39
73: 3 91 65 35 100 27 93 83 42 98 20 45 11 29 44 31 40 1 8 39 77 56 49 5 61 60 73 71 79 18 90 9 87 47 4 15 33 96 16 23 80 85 6 21 63 26 78 41 81 46 50 84 32 92 37 24 86 13 64 25 48 28 2 22 74 10 17 69 43 95 14 94 7 82 53 52 55 66 76 12 67 58 62 36 38 97 57 89 19 99 59 34 88 54 51 75 70 68 72 30
74: 27 20 77 34 43 3 11 15 1 89 14 97 87 95 62 68 64 2 54 16 79 83 47 60 78 48 29 96 82 6 98 24 73 81 67 8 50 39 32 40 23 75 74 9 53 58 72 63 99 66 22 71 59 46 26 45 42 5 30 61 18 69 41 84 51 56 37 57 31 35 36 80 55 33 44 65 86 7 12 25 100 13 21 93 91 85 88 28 70 19 90 10 92 17 76 49 94 38 52 4
75: 18 87 95 71 16 66 14 9 30 91 65 98 89 13 10 33 50 46 48 61 37 76 85 73 80 5 1 90 36 19 55 58 41 27 53 17 57 70 67 34 88 86 74 4 45 47 11 8 51 12 56 44 72 43 82 75 79 23 32 69 42 39 6 26 28 97 77 31 21 99 92 22 25 49 78 68 81 24 15 35 60 38 83 93 84 54 62 2 59 52 64 100 3 20 63 96 7 40 94 29
76: 30 24 85 20 74 38 54 99 16 53 59 84 18 79 71 29 8 62 47 31 51 96 98 68 80 3 65 64 55 36 67 49 94 58 21 12 82 37 88 33 91 27 13 81 70 15 56 32 90 69 25 75 39 34 7 1 50 40 6 19 63 77 5 87 41 52 4 43 45 93 35 97 78 100 44 76 60 95 61 83 42 86 46 73 66 28 57 48 22 11 2 72 26 9 92 14 23 89 10 17
77: 58 62 87 88 77 95 53 47 12 31 76 71 93 78 72 26 94 59 13 73 19 82 68 10 11 61 96 74 16 50 54 91 36 86 46 64 70 67 99 22 7 25 92 38 57 63 9 27 37 98 33 5 80 42 55 84 6 51 43 56 28 3 30 34 44 79 4 23 83 2 29 40 1 24 69 90 39 20 66 32 89 81 75 49 85 52 100 45 18 17 35 14 21 8 65 41 60 15 48 97
78: 17 77 70 82 10 41 43 44 75 52 96 94 28 46 91 60 92 14 24 26 32 86 65 50 19 56 30 38 72 84 53 58 37 63 33 25 29 62 68 54 15 69 71 66 8 57 6 3 87 97 76 83 13 2 98 48 45 21 11 47 5 100 90 73 59 7 39 34 36 93 9 35 12 85 78 23 67 80 81 64 49 27 61 1 16 40 4 89 88 55 18 79 22 99 31 51 95 42 74 20
79: 100 77 38 82 40 39 9 5 70 80 14 48 31 56 13 3 75 54 12 35 20 99 7 44 91 24 37 67 60 41 76 34 36 92 57 96 1 73 85 46 6 30 11 22 15 98 83 21 45 43 10 84 87 86 28 81 72 74 68 53 79 26 32 58 50 62 25 49 63 61 69 89 90 71 55 59 4 16 95 19 78 29 52 2 66 23 33 93 64 97 17 47 27 42 65 8 18 51 94 88
80: 92 14 82 2 73 30 85 97 57 100 55 84 39 74 71 29 67 32 80 26 98 76 38 33 94 34 86 7 25 16 21 88 81 22 20 13 69 47 66 3 89 23 56 6 78 68 93 58 49 83 79 31 87 42 12 4 60 95 64 90 63 70 9 99 48 27 44 72 41 50 51 10 24 75 46 53 35 19 8 40 37 18 77 91 62 96 5 28 15 52 43 11 65 1 61 59 45 36 17 54
81: 59 8 36 23 10 95 66 82 16 26 100 60 3 67 91 96 9 98 20 54 93 46 32 68 81 78 24 94 31 84 18 64 34 55 57 83 90 5 74 14 43 89 79 52 35 27 53 99 87 37 73 21 28 63 72 15 88 97 6 56 92 13 49 85 47 58 75 4 71 65 38 33 45 25 22 17 50 29 51 2 7 42 39 76 62 12 86 80 70 69 1 77 44 11 61 41 19 40 48 30
82: 13 43 73 25 44 98 93 23 10 52 1 31 58 69 28 88 83 49 47 24 87 6 100 91 12 86 59 55 7 35 67 68 18 80 4 75 19 46 71 3 41 72 11 62 76 74 77 17 56 37 89 51 14 94 63 82 85 99 2 96 53 29 95 57 40 42 26 54 5 61 84 36 27 48 64 20 38 97 34 16 50 66 32 60 21 30 39 8 15 33 70 81 78 79 90 92 22 9 45 65
83: 99 81 47 10 3 2 44 83 38 41 18 97 39 5 96 62 51 11 98 27 22 15 60 90 76 6 53 48 100 7 55 9 25 84 36 19 50 71 24 61 13 12 26 49 31 93 74 64 72 45 4 73 70 75 88 21 92 16 68 29 1 80 54 82 43 8 20 79 87 14 65 34 37 40 67 86 78 57 56 95 28 52 42 63 17 32 30 35 91 59 66 58 94 85 33 46 69 89 23 77
84: 30 98 14 44 67 91 55 89 48 61 41 33 16 23 13 35 83 40 36 96 76 25 37 7 97 20 18 5 62 71 81 69 4 56 85 27 86 12 90 93 42 21 92 73 47 88 77 100 50 9 26 51 38 1 78 15 64 82 54 10 45 22 68 70 34 79 29 53 46 59 17 32 2 49 87 31 66 95 57 43 84 8 28 19 24 99 52 60 80 72 39 11 63 65 6 58 94 74 75 3
85: 43 44 86 79 11 20 6 68 57 77 55 53 51 7 59 19 94 97 96 88 8 100 64 24 40 58 89 34 66 22 95 3 67 42 60 17 13 14 48 12 4 10 93 5 46 1 91 73 32 35 85 37 38 74 25 29 75 47 23 54 72 49 26 56 18 63 41 45 21 9 92 82 28 33 16 81 78 27 98 62 52 71 69 61 15 90 87 65 70 99 36 84 50 80 83 2 39 30 31 76
86: 75 88 15 53 54 24 4 30 60 32 41 82 87 21 6 73 61 46 66 98 27 7 19 100 95 2 49 84 47 17 72 1 13 83 58 68 14 97 78 35 69 79 20 18 28 48 70 94 63 85 9 44 22 39 12 74 33 90 76 5 96 71 86 40 77 38 99 81 31 3 36 50 56 10 55 57 43 64 37 93 29 11 59 91 67 26 92 34 80 42 65 52 16 62 89 23 45 8 25 51
87: 60 61 85 8 14 10 1 55 18 80 82 90 37 57 75 29 41 19 40 52 15 43 49 95 74 72 7 93 89 16 62 24 92 50 11 78 79 36 94 5 51 30 13 6 25 45 33 53 46 88 48 26 64 31 73 67 22 68 69 98 2 27 70 38 96 56 99 87 83 76 21 44 17 97 63 81 58 32 54 9 23 20 59 66 91 28 12 34 39 65 35 42 71 4 3 84 86 100 47 77
88: 21 50 23 77 56 32 45 11 90 14 40 9 2 6 59 64 89 65 28 37 67 88 29 96 58 7 92 57 52 63 74 53 30 35 55 83 48 75 94 3 68 70 17 78 84 86 51 27 33 13 18 8 54 24 95 76 72 47 16 10 5 62 81 44 82 43 46 20 4 97 36 39 69 71 87 93 66 79 98 73 25 91 42 61 19 100 1 26 49 22 34 99 80 41 31 60 15 85 38 12
89: 43 6 75 89 66 22 82 42 58 2 40 23 95 41 100 72 73 86 53 47 1 11 67 54 80 37 26 24 65 71 9 39 48 51 69 92 98 18 46 14 5 28 85 96 93 64 59 35 17 74 55 7 60 19 81 30 57 52 50 94 83 33 78 34 8 15 29 49 90 36 27 4 25 10 32 45 99 79 56 44 21 91 62 12 87 38 77 97 16 68 84 61 20 3 70 63 88 31 76 13
90: 69 90 56 70 75 23 29 52 61 83 4 87 46 55 98 48 33 12 45 71 41 72 97 25 16 18 81 54 93 78 76 36 94 47 14 9 39 35 22 59 63 85 92 58 43 27 2 84 6 80 51 82 42 79 74 62 68 50 77 31 32 10 13 28 38 57 26 30 8 89 88 86 73 64 53 67 20 19 49 5 95 7 60 37 34 24 66 1 96 17 44 15 21 40 99 100 11 65 91 3
91: 25 9 52 5 47 85 87 97 75 39 61 49 63 72 77 40 59 14 73 62 10 38 64 98 21 55 46 22 13 12 11 94 16 70 81 92 68 90 88 99 20 1 91 44 26 17 65 51 67 100 7 43 53 89 4 35 2 23 41 54 78 27 83 58 24 76 69 86 66 19 3 42 34 71 96 60 18 84 82 33 74 8 80 45 79 30 57 31 95 56 93 37 29 6 48 28 15 50 32 36
92: 57 63 90 91 15 98 65 82 33 75 50 55 85 9 54 45 79 7 27 67 43 81 99 2 13 60 51 95 61 59 19 72 84 23 97 56 41 22 58 39 44 100 46 48 87 3 38 86 89 5 94 92 30 8 83 11 28 36 21 52 24 18 74 31 10 25 49 62 73 93 53 34 32 16 69 76 1 4 40 70 64 77 71 17 26 37 42 88 68 6 96 78 29 66 80 47 14 35 20 12
93: 40 56 86 87 21 35 3 33 53 100 97 77 8 88 89 67 18 27 23 24 76 20 9 84 1 36 28 69 64 68 90 41 62 79 85 54 58 5 44 47 55 61 15 19 98 25 48 34 72 39 82 51 42 38 74 63 50 99 14 80 43 93 78 37 81 4 94 59 10 2 70 26 29 57 91 71 75 83 22 11 12 96 60 30 31 65 73 6 17 52 66 7 32 95 49 92 13 16 46 45
94: 11 62 68 16 15 14 37 34 45 49 26 92 31 7 81 4 32 97 69 99 61 80 19 24 28 76 89 66 85 1 90 93 20 78 84 63 91 53 82 18 58 59 48 25 88 52 29 39 79 83 72 35 12 9 75 73 5 38 8 30 27 87 50 21 60 54 57 3 71 10 56 94 74 43 77 95 70 65 6 42 55 47 36 22 2 100 64 86 13 33 46 44 67 41 17 40 96 51 23 98
95: 30 51 81 77 31 62 87 85 84 33 78 68 64 55 61 97 98 67 17 70 44 21 39 16 7 6 90 10 34 88 49 41 99 92 18 11 59 13 73 86 65 83 93 80 57 28 46 8 23 56 50 4 47 75 43 32 36 72 27 54 79 2 89 76 53 69 91 19 74 38 29 94 71 14 15 24 20 37 95 3 45 66 25 52 26 60 96 5 35 9 48 40 100 1 12 63 22 58 42 82
96: 99 42 54 83 81 61 71 38 17 84 43 67 30 40 100 56 72 91 70 79 15 63 60 78 22 64 74 37 66 46 90 95 89 69 21 49 55 2 82 73 3 76 93 12 98 68 29 48 39 65 57 77 53 24 75 1 6 88 13 33 16 47 35 14 51 25 59 9 96 4 10 27 94 62 97 86 80 45 31 11 87 8 36 19 5 92 7 52 28 50 34 18 26 85 41 20 44 58 32 23
97: 32 11 14 35 83 3 100 41 55 13 63 79 94 16 36 34 46 58 71 47 50 15 97 88 30 56 54 45 12 76 57 86 28 2 24 89 17 68 1 93 64 84 85 48 27 61 21 23 44 51 6 66 65 92 7 43 9 31 20 96 25 59 40 52 10 19 62 38 69 80 75 95 53 5 98 22 74 90 91 99 87 26 67 33 8 82 37 39 77 81 29 60 18 70 72 4 42 73 78 49
98: 28 19 36 39 16 94 55 45 26 29 52 86 64 60 20 12 91 49 62 33 97 3 14 40 48 74 76 35 31 100 2 85 61 88 83 99 90 25 30 51 27 70 82 80 68 11 77 79 1 54 53 57 34 84 89 46 98 67 78 72 65 58 92 75 71 43 8 96 69 63 22 24 37 9 47 15 23 66 13 4 81 93 38 32 17 50 41 44 10 73 21 87 7 5 42 6 59 95 56 18
99: 24 21 91 40 58 6 51 52 74 88 79 23 16 32 73 29 44 89 95 82 97 62 70 11 39 60 98 33 90 15 9 50 10 12 66 34 99 54 35 96 18 8 75 19 4 49 43 1 3 13 63 36 86 87 94 46 81 53 37 72 69 77 76 83 7 5 41 14 59 47 28 48 67 92 2 26 55 65 45 22 61 17 100 64 25 38 71 30 84 93 85 56 78 68 27 31 42 57 80 20
100: 72 29 27 73 4 14 90 61 39 20 65 50 31 47 99 13 23 89 68 56 34 60 40 24 16 21 67 79 91 70 22 53 35 46 38 64 84 59 32 42 18 97 2 80 48 74 100 7 78 49 57 77 30 83 9 41 82 54 28 26 11 51 52 37 25 8 94 86 5 10 45 12 69 62 58 55 17 36 63 92 33 88 85 66 75 76 3 71 6 95 43 15 19 1 81 98 93 87 44 96

instance parameter information
numMenOrWomen: 100
minLenPref: 100
maxLenPref: 100
skew: 0

