50
1: 25 50 30 29 40 39 16 49 20 
2: 11 49 10 30 4 15 24 12 41 26 50 31 18 
3: 50 12 30 44 26 45 49 35 5 4 7 
4: 46 31 41 21 43 11 16 30 49 27 29 47 15 26 
5: 31 35 41 11 30 46 50 34 21 
6: 33 12 15 34 
7: 16 31 19 9 39 41 34 49 10 
8: 47 39 24 44 10 50 2 16 30 49 26 
9: 6 44 38 49 16 40 11 43 34 41 26 29 
10: 43 26 44 15 16 4 21 41 50 
11: 19 30 44 23 12 7 15 49 34 39 27 18 41 
12: 42 16 29 46 18 44 40 12 19 47 2 3 13 
13: 23 29 49 44 50 6 34 36 16 
14: 45 41 23 26 17 30 12 11 16 46 21 49 
15: 34 49 19 26 50 29 7 41 30 31 
16: 28 16 19 47 46 11 41 7 29 30 26 
17: 10 18 32 12 50 49 16 23 
18: 30 41 50 49 24 18 27 43 44 12 39 40 
19: 32 35 9 34 15 26 50 40 16 30 
20: 12 50 3 16 24 49 27 21 
21: 49 6 18 12 16 23 34 10 30 46 38 15 26 50 
22: 29 16 49 39 27 50 23 30 
23: 36 16 7 40 50 12 29 26 41 
24: 21 28 19 10 49 8 15 36 46 35 24 30 16 41 50 12 18 
25: 1 29 50 27 43 20 6 49 12 38 16 
26: 4 26 50 7 6 27 14 15 35 11 21 16 
27: 35 23 22 29 49 12 47 50 7 
28: 40 49 39 34 50 29 16 35 8 
29: 24 50 11 49 16 41 15 7 
30: 3 15 14 39 12 16 29 4 11 26 50 30 23 49 
31: 18 21 5 41 26 50 47 15 
32: 14 39 38 27 16 17 49 
33: 27 39 41 18 47 49 7 
34: 9 26 12 50 30 49 43 24 35 16 11 
35: 17 39 16 27 46 50 
36: 2 10 4 14 15 49 16 47 27 17 12 
37: 38 14 27 35 36 12 15 39 
38: 22 15 50 17 26 11 49 38 
39: 26 16 45 46 50 15 
40: 20 30 41 31 15 29 14 50 47 49 
41: 44 13 7 49 41 50 39 
42: 41 24 49 50 39 16 29 26 46 30 27 23 12 
43: 7 19 46 16 50 29 23 11 
44: 39 4 49 27 46 43 50 3 1 41 16 38 12 19 
45: 48 41 27 11 35 50 6 39 
46: 37 41 15 50 30 16 11 44 12 23 33 
47: 15 27 10 28 23 50 41 
48: 8 39 41 12 46 28 11 14 27 
49: 13 50 42 30 11 26 43 12 36 21 40 
50: 5 26 49 50 12 46 24 
1: 44 25 
2: 8 12 36 
3: 20 44 12 30 
4: 3 36 44 30 10 2 26 
5: 31 3 50 
6: 25 13 21 45 26 9 
7: 27 29 26 3 33 11 16 23 41 15 43 
8: 24 28 48 
9: 19 7 34 
10: 47 2 24 8 36 21 7 17 
11: 43 26 4 34 30 29 16 45 38 14 46 9 5 48 49 2 
12: 14 12 3 25 11 36 24 44 50 6 42 21 30 23 34 18 49 27 46 37 48 17 2 20 
13: 41 12 49 
14: 37 48 36 40 26 30 32 
15: 11 37 38 10 36 26 21 29 6 4 40 24 39 2 30 46 19 31 47 
16: 34 23 19 16 10 43 44 42 24 1 25 9 35 21 39 8 20 28 22 29 12 13 32 14 4 46 26 30 36 17 7 
17: 38 36 32 14 35 
18: 2 33 21 11 17 12 18 24 31 
19: 12 15 16 43 44 7 24 11 
20: 1 25 40 
21: 10 31 20 49 5 26 14 4 24 
22: 27 38 
23: 22 42 46 27 47 30 21 11 14 17 43 13 
24: 24 2 8 50 18 42 34 20 29 
25: 1 
26: 34 49 3 23 14 21 8 26 15 16 19 50 4 31 38 42 2 10 30 9 39 
27: 25 42 11 47 36 32 35 45 20 44 48 37 22 4 18 26 33 
28: 24 47 48 16 
29: 25 16 43 13 12 4 30 23 1 40 28 9 42 15 27 22 
30: 2 1 16 42 8 34 19 3 22 49 30 21 5 46 11 15 24 40 14 4 18 
31: 2 4 40 7 15 5 
32: 17 19 
33: 46 6 
34: 11 13 21 7 6 9 28 5 19 15 
35: 28 5 37 45 19 34 24 26 3 27 
36: 37 24 13 49 23 
37: 46 
38: 38 21 32 9 25 44 37 
39: 42 28 7 48 35 22 37 18 32 33 8 30 1 45 11 41 44 
40: 49 18 9 12 19 1 23 28 
41: 14 7 41 33 40 23 16 9 45 10 48 31 2 29 47 11 4 46 24 5 44 18 15 42 
42: 49 12 
43: 9 49 34 44 4 25 18 10 
44: 3 11 12 9 46 13 10 18 8 41 
45: 39 3 14 
46: 43 39 14 48 12 42 21 24 5 16 35 44 50 4 
47: 27 31 12 4 16 36 40 33 8 
48: 45 
49: 18 27 25 33 14 38 32 20 7 1 41 44 4 22 34 8 50 13 29 11 24 15 9 30 28 40 17 2 3 42 36 21 
50: 46 24 21 42 40 18 44 31 20 41 49 35 47 22 28 29 27 2 23 19 25 17 45 1 15 8 43 30 50 10 26 13 5 38 39 34 3 



Updated preference list above: can be reinput into program.
Duration_ModCreation_milliseconds: 159
Duration_GetSolution_milliseconds: 7
Duration_CollectRes_milliseconds: 0

RawResults: 
25 11 50 46 31 33 16 47 6 43 19 42 23 45 34 28 10 30 32 12 49 29 36 21 1 4 35 40 24 3 18 14 27 9 17 2 38 22 26 20 44 41 7 39 48 37 15 8 13 5 

Duration_Total_milliseconds: 281

exitCode 0
code/Main_GS completed
