50
1: 4 33 22 10 50 2 30 21 48 34 
2: 49 2 22 10 14 46 34 21 50 26 38 
3: 44 11 3 50 17 21 34 10 22 43 48 
4: 32 40 31 44 15 49 38 50 36 8 22 21 
5: 33 31 50 45 15 21 34 2 22 27 18 
6: 34 50 27 38 29 5 21 35 43 36 10 12 23 31 18 
7: 43 19 20 38 27 
8: 41 2 27 44 38 33 31 48 10 21 
9: 26 21 18 38 43 15 32 7 33 22 50 31 49 19 
10: 46 34 33 21 38 44 27 31 
11: 39 49 21 17 2 44 22 33 13 38 
12: 11 23 49 34 31 29 30 19 21 43 48 33 44 
13: 20 31 34 2 10 46 29 43 22 44 39 48 3 33 16 27 
14: 23 2 49 27 21 43 33 40 
15: 45 27 50 10 43 15 21 34 38 44 31 
16: 21 19 36 10 44 33 27 43 
17: 50 31 27 21 18 19 29 33 45 43 37 36 
18: 35 50 44 10 33 30 27 36 31 34 19 
19: 8 15 41 45 34 50 22 4 49 24 
20: 3 49 40 4 16 33 45 31 30 34 44 17 21 43 
21: 29 44 49 33 34 43 31 10 
22: 37 17 44 1 4 15 45 10 50 22 21 
23: 6 31 27 8 33 21 2 48 
24: 15 8 34 48 21 27 31 37 11 10 49 33 29 
25: 40 28 20 21 49 34 22 45 27 17 50 31 2 
26: 27 10 31 3 33 18 34 1 44 45 
27: 5 26 27 44 22 19 10 29 21 50 45 33 31 49 
28: 2 19 24 45 10 35 46 21 8 11 13 
29: 10 43 2 27 34 49 21 46 
30: 22 10 15 44 8 19 31 13 
31: 17 49 44 2 38 48 24 10 27 
32: 19 26 50 25 34 23 44 21 40 10 45 27 
33: 25 38 43 9 10 45 2 31 44 3 22 35 50 33 34 19 
34: 47 2 10 34 36 21 44 18 27 
35: 16 48 47 21 45 34 11 31 10 2 
36: 7 10 50 33 22 49 9 43 21 
37: 13 21 19 47 27 50 15 46 34 31 22 29 44 11 35 10 
38: 38 5 11 16 22 24 44 12 34 21 
39: 14 1 34 48 21 33 11 32 15 
40: 42 43 31 10 14 27 44 3 38 46 33 
41: 1 31 33 43 29 19 22 21 
42: 48 15 50 1 33 41 19 8 10 17 
43: 12 27 19 38 21 43 31 50 36 10 11 46 49 
44: 30 19 48 38 29 44 33 22 50 40 
45: 36 8 49 18 26 10 1 31 27 2 33 
46: 9 3 29 10 34 13 19 21 2 27 44 
47: 18 34 22 36 50 24 5 27 38 21 33 43 
48: 31 10 50 34 8 22 11 2 27 29 33 20 21 49 
49: 24 29 31 40 19 33 21 
50: 28 11 2 44 29 33 8 17 
1: 45 22 39 26 42 41 
2: 23 11 25 1 48 31 33 45 5 14 29 8 35 46 50 34 13 2 28 
3: 33 40 46 26 3 13 20 
4: 20 22 19 1 
5: 6 38 47 27 
6: 23 
7: 9 36 
8: 23 24 48 50 28 4 42 30 45 19 
9: 36 33 46 
10: 28 35 3 22 27 34 42 26 8 33 32 2 16 1 37 24 13 21 18 6 43 30 45 46 15 31 48 36 40 29 
11: 39 50 28 43 24 37 48 35 38 3 12 
12: 38 6 43 
13: 28 30 46 11 37 
14: 40 2 39 
15: 22 5 30 39 19 42 37 15 9 4 24 
16: 13 38 20 35 
17: 22 50 3 11 20 25 42 31 
18: 17 6 34 26 9 5 45 47 
19: 16 17 7 42 33 27 46 37 28 30 49 41 12 18 9 44 43 32 
20: 25 7 48 13 
21: 4 36 28 27 38 2 14 47 35 6 37 39 25 32 11 8 3 48 12 41 43 46 29 23 1 10 15 5 24 49 20 9 34 17 22 16 
22: 48 4 13 41 38 44 27 3 19 47 37 25 33 1 22 36 11 9 5 2 30 
23: 32 12 6 14 
24: 47 31 38 19 28 49 
25: 32 33 
26: 45 27 2 32 9 
27: 29 8 13 23 47 10 46 31 5 18 17 7 34 43 16 24 48 32 37 40 25 27 14 45 15 6 26 
28: 25 50 
29: 44 12 50 24 37 17 46 13 49 6 41 27 48 21 
30: 12 1 20 18 44 
31: 10 5 45 4 23 15 20 41 9 40 21 30 33 8 24 13 35 17 25 37 49 18 27 43 12 26 6 48 
32: 9 39 4 
33: 24 20 40 47 27 21 12 1 45 8 10 42 41 17 13 33 11 44 36 48 9 39 14 26 16 49 23 50 18 5 
34: 47 1 29 13 19 39 5 18 26 20 38 2 34 33 32 25 12 35 10 37 48 21 3 15 24 46 6 
35: 37 6 33 28 18 
36: 18 43 16 47 34 17 6 4 45 
37: 24 17 22 
38: 15 10 2 40 6 8 4 43 47 11 7 33 31 44 9 38 
39: 13 11 
40: 32 44 14 4 20 49 25 
41: 19 42 8 
42: 40 
43: 17 3 29 36 9 13 20 41 15 6 16 47 21 40 43 12 14 33 7 
44: 16 22 11 21 34 33 4 40 8 26 18 12 38 46 44 13 20 30 50 37 15 31 10 27 32 3 
45: 22 5 35 20 32 25 33 27 26 19 17 28 15 
46: 13 37 29 43 40 28 2 10 
47: 37 35 34 
48: 24 31 23 3 35 13 39 12 8 44 1 42 
49: 45 11 25 19 4 21 12 36 27 48 20 29 9 14 24 43 31 2 
50: 1 42 47 33 48 36 6 3 5 44 43 9 15 18 27 32 22 4 37 19 25 2 17 



Updated preference list above: can be reinput into program.
Duration_ModCreation_milliseconds: 196
Duration_GetSolution_milliseconds: 47
Duration_CollectRes_milliseconds: 0

RawResults: 
4 49 44 32 33 34 43 41 26 46 39 11 20 23 45 21 50 35 8 3 29 37 6 15 40 27 5 2 10 22 17 19 25 47 16 7 13 38 14 42 1 48 12 30 36 9 18 31 24 28 

Duration_Total_milliseconds: 415

exitCode 0
code/Main_GS completed
