60
1: 36 8 37 9 1 49 17 6 39 11 48 38 7 47 3 35 23 41 12 
2: 15 39 48 50 1 58 47 34 59 37 12 17 43 41 49 2 7 8 9 
3: 10 39 32 17 43 42 30 41 9 8 1 35 7 28 48 
4: 5 12 8 1 40 59 60 41 23 43 17 35 39 34 7 9 48 26 45 13 29 32 37 
5: 53 22 47 35 48 19 41 60 46 33 38 13 2 37 8 17 59 9 7 1 31 58 
6: 3 1 48 7 49 10 31 13 42 52 60 8 28 53 17 12 41 2 58 
7: 29 40 38 31 1 17 30 51 48 46 12 7 43 39 56 20 8 58 
8: 35 1 7 58 25 22 4 43 6 60 21 12 8 17 48 
9: 56 12 39 30 7 58 1 27 43 31 48 55 13 52 57 17 4 8 
10: 38 30 13 21 39 7 17 60 12 47 48 32 31 6 58 
11: 12 8 17 34 22 33 9 36 52 59 7 46 53 39 19 51 41 
12: 50 8 1 7 5 48 17 36 12 20 46 9 30 39 19 60 
13: 7 1 9 48 53 4 43 58 17 8 39 60 30 13 56 
14: 11 55 56 7 17 22 48 12 53 1 28 25 26 37 34 8 58 9 60 
15: 34 3 48 54 49 35 17 52 14 1 13 60 8 39 12 7 6 
16: 19 13 48 8 43 41 44 39 17 55 58 12 7 51 40 2 9 30 1 
17: 16 1 6 13 59 9 32 7 30 31 11 26 12 60 17 48 39 
18: 9 17 39 40 37 24 60 8 1 12 35 2 10 59 48 58 
19: 49 48 43 13 39 45 60 32 34 9 7 29 40 37 31 17 42 52 1 8 
20: 43 37 26 7 32 55 39 8 4 9 48 58 52 17 13 
21: 42 17 25 8 12 60 6 24 54 1 22 2 7 48 32 30 39 20 
22: 1 49 19 17 43 8 2 28 7 48 35 12 13 41 39 6 
23: 2 29 3 7 40 58 1 48 8 49 12 60 46 39 5 59 43 53 
24: 44 41 7 39 55 38 9 8 43 1 19 12 17 48 28 58 23 
25: 17 8 1 48 49 12 7 39 40 25 13 51 31 3 4 57 
26: 39 60 41 57 8 12 17 44 48 13 51 7 53 58 1 35 
27: 26 37 17 8 35 12 56 11 48 58 36 59 13 49 60 1 43 
28: 57 39 59 3 28 35 1 60 32 48 7 20 17 40 41 26 
29: 59 8 25 43 2 19 17 39 45 26 10 48 12 32 1 30 7 
30: 55 43 7 17 59 52 9 58 23 12 39 8 32 6 28 1 19 30 48 41 4 37 
31: 41 44 9 59 8 48 58 7 1 32 19 37 12 2 13 6 17 
32: 37 7 17 1 31 34 48 2 58 19 22 8 49 12 39 45 46 32 
33: 23 27 58 2 12 5 26 32 14 39 9 13 52 48 7 17 35 49 1 8 40 
34: 14 40 17 39 8 48 49 12 60 41 44 43 52 56 13 1 7 
35: 32 20 7 40 58 52 17 1 9 31 39 48 4 36 
36: 13 17 60 39 58 7 8 59 2 21 6 19 42 32 43 9 48 1 
37: 6 30 48 1 52 39 58 17 37 9 43 60 19 7 31 
38: 24 7 43 17 37 60 5 9 48 28 13 52 19 1 58 8 39 42 
39: 33 49 58 13 8 12 25 17 41 1 44 9 39 60 7 
40: 21 20 8 25 12 58 32 48 45 1 37 9 33 28 7 39 17 43 35 40 
41: 31 12 51 7 45 60 23 41 20 42 1 25 17 39 49 35 48 
42: 18 41 37 9 39 8 7 58 38 30 59 21 48 1 36 43 
43: 47 43 58 39 56 9 26 17 1 48 12 8 13 2 7 21 49 10 19 37 
44: 54 17 25 32 13 42 41 39 58 28 8 48 7 4 1 43 
45: 46 8 43 39 47 36 48 1 17 12 7 58 42 45 9 
46: 48 28 17 13 58 41 12 54 6 43 8 35 1 39 52 
47: 30 6 19 49 35 25 8 9 23 39 43 32 37 7 41 1 12 4 48 17 
48: 27 19 59 58 35 12 1 7 8 39 17 48 32 
49: 58 8 39 40 4 17 1 32 51 31 37 28 7 41 24 59 36 48 
50: 28 13 53 1 47 40 6 51 8 9 12 39 32 30 48 59 17 49 37 7 
51: 4 36 19 52 5 48 1 7 39 40 42 8 17 29 60 
52: 25 7 58 42 8 43 48 56 28 41 17 12 32 39 60 26 
53: 22 57 50 19 12 32 56 7 48 51 43 8 41 17 25 58 1 39 
54: 8 32 9 7 3 12 17 60 43 44 48 22 39 28 58 
55: 60 8 57 17 25 32 26 12 13 55 36 56 7 58 48 37 1 9 30 59 39 
56: 52 40 7 14 17 37 48 8 19 32 39 1 23 
57: 40 17 12 39 32 50 24 1 9 19 25 52 48 58 7 
58: 20 40 39 48 17 35 42 8 14 41 46 1 7 5 36 9 47 25 
59: 45 12 5 30 29 60 1 32 59 9 6 46 27 8 49 23 48 7 17 
60: 51 60 6 44 17 35 8 12 9 46 34 39 53 7 31 20 49 48 
1: 39 13 45 2 53 9 5 41 50 25 47 1 26 59 35 33 15 48 51 38 31 24 37 7 43 56 34 30 19 16 49 14 3 57 58 42 28 55 4 12 27 46 18 17 29 32 44 40 8 6 36 23 21 22 
2: 5 6 33 29 31 21 32 22 18 2 16 36 43 23 
3: 25 28 15 23 1 54 6 
4: 30 13 44 35 47 9 20 8 49 25 51 
5: 12 59 38 33 58 23 51 4 
6: 36 60 10 59 15 21 46 22 8 31 50 17 47 1 30 37 
7: 45 37 50 4 6 17 32 31 22 57 1 24 12 29 9 48 38 60 26 47 35 51 7 33 41 44 58 16 42 2 8 5 23 59 30 25 11 53 3 49 54 39 10 20 56 43 15 28 52 21 40 14 19 34 36 55 13 
8: 5 59 22 42 14 38 15 33 32 46 56 43 53 30 27 4 21 12 26 16 31 1 48 39 51 7 6 8 36 60 23 58 49 9 45 2 18 25 34 40 44 13 24 52 11 50 47 29 55 19 3 20 54 
9: 50 40 20 45 38 55 4 2 57 33 11 30 37 14 12 16 1 13 24 42 17 60 39 43 54 31 47 58 36 59 3 19 35 5 18 
10: 29 18 6 43 3 
11: 1 17 27 14 
12: 25 45 7 40 24 54 53 59 50 60 6 9 30 32 4 34 57 2 48 16 31 23 12 43 46 22 1 41 10 15 33 39 52 47 8 18 29 27 17 14 26 21 55 11 
13: 38 34 13 19 4 5 17 16 22 31 15 9 6 25 20 10 33 26 44 43 27 39 50 46 55 36 
14: 15 58 33 56 34 
15: 2 
16: 17 
17: 51 19 18 43 20 27 22 2 37 55 33 35 12 58 45 1 13 53 15 9 52 6 26 8 41 17 10 39 36 49 14 46 29 30 56 4 34 57 47 54 3 11 48 50 28 16 38 21 60 7 32 40 5 31 24 59 44 25 
18: 42 
19: 12 29 11 31 24 51 30 36 32 43 47 57 5 56 53 48 22 38 37 16 
20: 35 41 7 60 12 21 40 28 58 
21: 36 43 10 8 42 40 
22: 8 32 14 54 21 11 5 53 
23: 30 56 4 41 24 59 47 1 33 
24: 49 21 57 18 38 
25: 14 40 53 55 25 21 41 29 44 58 57 47 8 39 52 
26: 17 52 20 43 14 28 55 29 33 4 27 
27: 33 9 59 48 
28: 24 3 54 49 28 14 22 52 46 44 30 6 40 38 50 
29: 4 59 19 23 51 7 
30: 50 17 21 29 16 30 59 7 55 10 37 13 12 9 3 42 47 
31: 7 6 49 25 60 17 10 19 37 9 5 32 35 41 
32: 47 56 30 50 54 20 28 21 3 32 31 10 36 52 40 19 49 33 17 29 55 59 48 44 53 4 57 35 
33: 5 11 40 39 
34: 2 19 60 4 14 11 32 15 
35: 3 4 18 27 41 28 48 58 46 47 15 22 33 60 5 1 40 26 8 
36: 51 58 42 49 45 55 35 27 11 12 1 
37: 5 50 31 1 4 37 18 38 2 30 42 20 43 27 47 49 19 55 14 56 40 32 
38: 24 1 5 7 42 10 
39: 46 32 43 39 12 53 58 37 44 34 60 19 49 21 50 7 42 48 38 9 25 15 18 20 33 2 45 41 57 13 36 10 4 16 30 55 22 54 47 40 56 17 24 51 29 3 1 52 11 35 28 23 26 
40: 51 40 33 19 34 18 50 56 4 23 35 49 28 16 58 7 25 57 
41: 3 28 44 1 34 22 42 58 49 6 4 26 47 39 2 30 5 11 16 53 24 41 52 46 31 
42: 51 41 58 44 19 6 45 3 36 52 38 21 
43: 29 47 52 37 24 2 46 27 38 36 54 22 9 8 7 45 53 40 16 30 19 13 42 34 23 44 3 4 43 20 
44: 39 34 26 54 31 16 60 24 
45: 4 29 40 41 19 32 45 59 
46: 23 12 5 60 32 11 58 59 7 45 
47: 2 10 50 45 58 5 1 43 
48: 43 23 59 5 60 13 41 35 42 12 19 36 37 38 44 52 14 4 18 50 45 21 32 7 27 33 55 34 56 8 16 53 15 51 58 9 28 29 2 31 26 57 25 17 54 49 22 6 24 3 10 1 20 40 48 30 47 46 
49: 39 50 33 2 15 43 32 34 47 6 27 41 60 1 22 59 23 25 19 
50: 57 2 53 12 
51: 26 41 50 7 53 25 11 16 49 60 
52: 11 46 30 19 33 9 6 15 20 37 34 51 57 38 35 56 
53: 6 14 26 60 13 11 50 23 5 
54: 46 15 21 44 
55: 16 20 55 9 24 14 30 
56: 43 52 7 55 13 34 14 27 53 9 
57: 26 9 53 25 55 28 
58: 6 9 20 2 7 23 16 5 54 43 14 46 42 36 39 8 18 30 24 37 48 53 40 10 13 57 35 26 32 38 52 31 55 27 44 45 33 49 
59: 48 59 30 49 36 5 23 55 4 28 50 2 31 18 42 27 11 17 29 
60: 10 38 17 12 23 52 15 19 28 13 14 60 4 51 41 27 34 37 21 8 5 39 36 59 6 54 18 26 55 



Updated preference list above: can be reinput into program.
Duration_ModCreation_milliseconds: 258
Duration_GetSolution_milliseconds: 45
Duration_CollectRes_milliseconds: 0

RawResults: 
36 15 10 5 53 3 29 35 56 38 12 50 7 11 34 19 16 9 49 43 42 1 2 44 17 39 26 57 59 55 41 37 23 14 32 13 6 24 33 21 31 18 47 54 46 48 30 27 58 28 4 25 22 8 60 52 40 20 45 51 

Duration_Total_milliseconds: 589

exitCode 0
code/Main_GS completed
