60
1: 31 43 13 50 39 35 28 57 12 37 56 59 42 47 18 
2: 5 50 47 13 54 12 43 21 
3: 21 9 43 47 56 22 15 59 
4: 39 49 16 29 59 47 12 40 28 45 
5: 28 59 46 58 51 25 6 
6: 7 54 28 4 43 51 59 35 
7: 47 59 12 40 2 31 7 56 6 
8: 37 28 21 40 55 50 59 35 19 7 57 10 25 9 
9: 26 56 14 17 49 1 32 6 19 47 59 9 45 
10: 42 31 40 51 35 19 55 50 
11: 22 1 59 18 45 7 49 
12: 48 21 2 40 11 23 15 60 55 20 12 57 
13: 19 25 60 12 39 47 56 21 4 59 16 35 
14: 9 59 40 55 47 23 60 57 45 30 21 
15: 20 57 28 50 59 35 47 15 39 
16: 58 45 18 50 1 59 51 38 
17: 53 12 45 47 54 59 49 
18: 60 59 50 13 21 49 
19: 23 25 37 7 56 47 52 51 4 59 6 60 40 
20: 30 59 2 55 25 15 47 49 28 9 4 17 
21: 36 23 12 21 2 29 19 40 59 16 56 25 
22: 46 20 50 11 35 17 59 51 31 47 12 37 5 
23: 59 49 60 29 
24: 1 43 49 22 15 2 12 51 59 21 47 
25: 16 55 50 45 35 17 9 12 59 40 30 47 57 
26: 44 46 28 35 59 
27: 11 50 2 51 8 59 4 
28: 10 51 4 47 59 13 40 49 
29: 12 59 19 49 56 2 57 40 1 16 35 
30: 24 12 55 25 50 
31: 6 21 49 57 47 2 37 9 16 31 51 56 
32: 17 27 49 50 43 51 59 40 23 
33: 4 26 3 16 57 19 39 59 11 2 15 1 
34: 3 7 1 40 5 30 49 
35: 27 18 40 43 16 12 7 47 59 
36: 56 47 60 45 50 59 18 6 28 22 
37: 55 49 50 21 
38: 35 18 2 53 40 46 59 1 
39: 57 32 59 56 55 30 22 12 47 
40: 45 37 50 49 40 9 19 56 39 25 43 11 
41: 54 51 56 43 50 49 6 57 60 17 
42: 33 59 47 14 2 40 13 49 50 35 12 29 
43: 29 57 19 50 16 6 
44: 34 12 14 56 37 28 59 47 57 43 1 5 46 50 
45: 50 40 59 21 37 13 47 57 11 1 
46: 52 39 40 41 1 43 15 18 37 22 59 19 
47: 40 16 28 2 59 37 11 35 43 
48: 43 15 40 11 48 59 7 39 47 54 
49: 32 59 12 21 47 49 28 40 15 6 
50: 41 30 57 35 43 50 2 
51: 51 9 49 2 1 47 55 5 
52: 18 56 43 23 57 17 14 25 9 1 21 35 59 16 
53: 8 46 39 53 6 30 12 56 57 51 21 50 
54: 2 60 12 37 44 48 21 4 18 50 1 
55: 14 35 12 15 59 2 40 49 17 
56: 13 35 60 17 47 18 2 59 11 57 12 50 
57: 25 35 2 49 18 34 21 12 46 58 40 51 23 47 60 59 
58: 49 32 44 9 21 57 51 59 35 
59: 15 46 59 45 49 12 6 47 27 7 
60: 38 54 45 9 32 40 29 26 
1: 38 51 33 45 52 9 16 34 44 46 29 11 54 24 
2: 56 57 7 33 47 27 24 29 20 21 50 12 55 31 51 38 42 54 
3: 33 34 
4: 19 20 6 13 28 54 27 33 
5: 51 44 22 34 2 
6: 43 7 5 49 36 53 59 9 19 41 31 
7: 59 48 19 35 34 11 8 7 6 
8: 27 53 
9: 40 60 31 8 20 9 25 3 52 58 51 14 
10: 8 28 
11: 12 33 45 56 40 22 48 47 27 
12: 53 54 42 49 35 56 21 1 24 39 55 59 30 25 44 2 4 17 7 12 13 57 22 29 
13: 45 1 18 28 2 42 56 
14: 52 44 42 9 55 
15: 55 20 46 33 15 49 48 3 24 12 59 
16: 4 43 35 29 21 33 13 47 31 52 25 
17: 41 20 22 55 52 25 9 56 32 
18: 46 57 36 11 35 16 1 54 56 38 52 
19: 46 8 21 40 33 10 9 43 29 13 
20: 22 12 15 
21: 58 52 49 57 12 37 18 31 53 54 21 14 45 8 24 2 13 3 
22: 46 36 39 24 3 11 
23: 52 21 57 32 12 14 19 
24: 30 
25: 20 30 21 40 19 52 8 13 5 57 
26: 33 60 9 
27: 59 32 35 
28: 1 44 49 36 4 26 15 20 6 8 47 5 
29: 4 23 60 21 42 43 
30: 53 39 25 14 50 34 20 
31: 22 10 7 31 1 
32: 39 60 9 58 49 
33: 42 
34: 57 44 
35: 15 26 13 29 6 56 10 57 58 22 42 50 8 55 1 52 25 47 38 
36: 21 
37: 1 54 46 22 31 47 44 40 45 19 8 
38: 16 60 
39: 40 48 13 15 1 46 33 53 4 
40: 35 55 28 12 45 42 38 57 46 32 29 40 14 10 49 34 48 25 4 19 8 60 21 7 47 
41: 46 50 
42: 1 10 
43: 41 6 44 3 1 40 35 2 32 24 47 46 50 52 48 
44: 58 54 26 
45: 11 14 16 59 4 36 25 17 9 60 40 
46: 26 5 38 44 59 57 53 22 
47: 56 44 17 13 59 1 25 49 57 20 45 22 19 4 51 28 24 14 3 48 42 15 2 36 31 35 39 9 7 
48: 48 54 12 
49: 18 32 41 37 55 4 31 23 34 40 49 29 28 51 20 42 17 11 9 59 57 24 58 
50: 41 10 50 56 22 25 37 27 32 16 15 53 40 43 1 54 36 42 44 8 18 30 2 45 
51: 41 58 31 19 28 5 57 10 53 32 16 27 24 6 22 51 
52: 19 46 
53: 38 53 17 
54: 48 17 60 2 6 41 
55: 14 30 20 25 39 12 8 10 51 37 
56: 13 21 29 31 9 1 19 41 40 7 39 52 53 44 3 36 
57: 12 15 43 44 58 56 33 31 45 53 52 8 1 41 50 14 29 25 39 
58: 57 5 16 
59: 47 27 49 13 20 45 26 38 44 7 58 8 25 1 29 48 16 6 21 33 22 39 28 3 4 5 52 18 57 59 11 14 42 55 36 24 17 32 15 35 56 19 9 46 23 
60: 19 56 36 23 57 14 54 13 41 12 18 



Updated preference list above: can be reinput into program.
Duration_ModCreation_milliseconds: 163
Duration_GetSolution_milliseconds: 10
Duration_CollectRes_milliseconds: 0

RawResults: 
31 5 21 39 28 7 47 37 26 42 22 48 19 9 20 58 53 60 23 30 36 46 59 1 16 44 11 10 12 24 6 17 4 3 27 56 55 35 57 45 54 33 29 34 50 52 40 43 32 41 51 18 8 2 14 13 25 49 15 38 

Duration_Total_milliseconds: 395

exitCode 0
code/Main_GS completed
