40
1: 3 34 10 26 8 12 29 17 13 37 20 28 16 14 5 24 21 6 40 33 27 19 36 2 30 22 32 11 15 31 25 18 38 23 35 39 4 9 7 1
2: 26 18 3 2 27 16 11 4 29 15 38 35 32 24 30 6 5 19 34 36 21 33 12 23 1 10 39 7 25 40 31 8 28 9 22 17 13 20 14 37
3: 40 13 1 17 9 10 28 12 4 16 8 19 5 2 11 39 20 38 15 35 34 26 6 30 22 3 37 21 29 27 7 31 18 33 25 36 32 23 24 14
4: 33 18 29 32 13 16 36 14 12 11 24 6 1 37 17 26 30 35 19 40 28 7 27 34 15 10 8 25 31 20 3 21 39 5 38 4 22 2 9 23
5: 11 35 20 21 37 15 19 27 32 26 13 5 12 14 33 17 40 8 23 3 16 7 38 4 36 9 22 25 39 29 10 31 24 28 30 34 6 2 1 18
6: 11 12 19 17 3 6 7 35 26 9 4 5 21 1 22 18 28 10 14 8 25 37 31 32 23 15 24 40 2 27 36 39 34 33 38 16 29 30 20 13
7: 15 30 34 28 35 17 13 1 40 11 3 21 16 36 37 6 38 23 32 5 7 14 2 20 29 19 25 27 39 18 26 10 33 22 31 24 8 9 12 4
8: 6 9 3 2 1 12 31 17 25 19 29 24 8 14 35 22 27 38 10 7 34 23 21 4 20 40 18 5 11 39 36 30 13 15 16 28 33 32 37 26
9: 20 19 5 39 34 9 40 14 11 6 4 32 10 16 2 31 8 15 18 27 26 24 12 33 28 13 22 36 7 1 30 17 25 37 23 29 3 38 21 35
10: 33 19 23 36 39 38 2 25 20 31 34 8 22 35 3 27 21 1 32 4 5 10 17 12 9 26 30 11 13 40 29 37 24 16 14 6 18 28 15 7
11: 26 30 36 3 10 8 39 24 32 16 28 33 19 29 25 15 9 7 31 34 5 6 1 18 13 27 23 21 14 20 2 12 35 38 17 37 4 40 22 11
12: 37 5 38 26 14 19 34 22 23 24 4 9 35 17 27 40 10 21 12 28 32 1 6 3 31 33 8 25 11 29 7 15 18 39 13 16 2 36 30 20
13: 38 33 22 37 36 15 24 35 25 4 28 34 9 30 2 40 26 29 6 18 20 8 14 31 5 27 39 32 16 7 10 11 23 12 19 1 13 17 21 3
14: 33 40 36 30 37 4 14 11 5 1 12 31 13 29 19 9 38 39 28 23 35 22 27 7 32 34 25 2 26 16 8 24 10 15 20 18 3 21 17 6
15: 1 28 13 16 21 40 4 37 36 35 8 15 27 5 11 34 2 7 32 9 26 3 30 38 14 17 23 31 12 6 29 24 10 20 39 25 22 19 18 33
16: 38 36 4 37 12 11 8 1 6 27 35 21 16 9 10 40 15 22 29 24 26 31 17 32 33 34 25 3 30 23 18 5 14 39 7 2 13 28 20 19
17: 21 29 5 27 12 4 19 16 23 13 15 7 8 18 38 33 39 9 20 32 40 26 6 1 24 25 22 31 14 2 17 3 28 37 10 30 36 34 35 11
18: 20 13 24 27 4 15 8 33 6 35 40 37 11 3 2 28 18 39 23 5 32 16 12 17 7 21 19 30 38 36 9 22 14 29 31 25 26 10 34 1
19: 6 9 16 7 21 38 10 26 29 5 25 2 18 4 13 32 34 35 8 39 19 15 37 23 31 30 14 1 3 22 12 11 17 28 33 40 20 27 36 24
20: 40 16 7 15 12 24 29 8 6 13 19 30 10 9 26 18 27 21 20 3 39 25 34 11 36 38 33 14 22 1 32 17 4 28 5 23 37 35 31 2
21: 19 11 26 27 31 39 30 22 18 23 29 8 15 5 4 10 40 13 34 35 16 6 2 1 12 24 37 25 3 28 32 7 38 21 36 33 14 9 20 17
22: 34 9 13 15 33 32 39 22 21 3 35 30 12 7 26 31 29 25 27 37 40 4 16 8 17 24 14 5 20 19 6 1 28 18 2 36 38 23 11 10
23: 31 5 3 19 27 12 20 6 35 33 14 38 18 24 28 9 37 10 32 30 22 4 16 21 1 2 13 11 15 36 34 40 23 8 17 39 26 7 29 25
24: 40 19 17 38 24 3 20 28 12 16 27 26 25 6 21 30 10 29 37 36 35 9 23 1 39 14 4 32 8 33 34 22 7 15 18 31 13 11 2 5
25: 37 18 30 28 11 38 8 6 22 9 21 13 17 2 4 31 5 29 7 23 34 25 3 32 20 12 19 1 15 36 35 39 10 24 27 16 26 14 33 40
26: 22 39 33 17 11 31 32 35 1 6 16 9 27 25 38 13 10 24 19 34 18 40 20 30 4 2 37 12 5 26 7 14 3 8 15 36 29 21 23 28
27: 31 13 28 27 9 37 2 7 10 25 39 12 32 23 34 30 4 3 24 16 22 5 29 6 17 35 40 1 14 38 20 18 8 21 26 19 15 33 11 36
28: 18 28 7 4 23 14 33 25 26 2 20 29 34 40 12 27 31 13 15 37 8 11 5 39 9 35 22 19 6 24 1 16 38 30 3 17 10 21 32 36
29: 28 15 40 13 23 4 11 36 26 16 8 2 17 24 5 14 35 19 10 1 20 32 38 27 39 7 29 31 9 33 3 12 34 21 22 18 30 6 37 25
30: 18 26 24 33 40 20 37 36 23 14 21 15 4 28 10 7 22 39 38 16 11 35 12 17 5 8 9 13 32 2 6 27 19 34 31 3 25 29 30 1
31: 21 20 25 32 16 8 24 2 29 27 23 7 39 38 11 30 12 10 14 15 34 1 4 33 3 5 26 17 18 9 6 28 31 35 22 13 40 36 37 19
32: 39 15 11 20 34 37 16 32 28 7 5 2 19 26 33 18 6 9 25 10 14 24 8 23 4 13 17 38 36 12 1 27 21 35 40 3 22 30 29 31
33: 4 28 40 9 36 5 13 35 37 38 29 39 15 30 33 3 31 17 21 11 19 24 27 22 12 6 10 20 18 25 26 23 14 8 16 1 32 2 7 34
34: 29 15 7 36 11 39 3 22 27 32 25 37 6 33 14 13 8 40 19 10 30 35 9 31 20 16 4 5 18 38 34 24 12 21 17 2 28 1 23 26
35: 24 33 8 26 30 2 14 21 10 18 37 20 11 27 28 9 6 39 25 22 19 34 23 7 38 35 13 1 3 17 5 29 15 36 32 31 12 40 16 4
36: 13 32 34 31 22 37 39 10 4 3 28 23 9 27 1 14 20 25 30 18 17 29 35 21 16 40 5 15 19 7 11 26 33 12 8 2 6 36 38 24
37: 28 20 32 10 33 24 5 23 38 25 6 26 35 8 15 3 2 13 40 17 39 27 36 12 9 37 11 29 14 4 30 31 22 21 18 1 34 19 7 16
38: 38 31 14 35 23 19 33 29 36 1 15 34 21 32 13 8 18 26 37 6 17 40 24 39 11 27 7 9 3 20 28 4 2 25 10 30 12 22 16 5
39: 3 31 4 39 10 2 12 5 29 14 9 11 20 15 30 38 13 6 24 33 27 40 25 34 1 16 22 21 8 35 36 19 23 26 32 37 18 7 17 28
40: 4 18 24 37 13 23 7 8 9 1 11 38 40 31 5 25 15 17 28 39 32 14 16 10 33 35 12 19 27 21 2 36 34 30 20 29 22 6 26 3
1: 28 16 13 25 40 21 19 30 39 1 12 9 6 2 7 32 36 20 8 15 33 5 38 23 3 24 14 26 11 22 4 27 17 29 31 18 37 34 35 10
2: 22 12 35 36 28 25 19 1 31 5 16 33 37 24 8 9 17 7 11 29 27 23 3 21 10 14 13 34 20 30 32 26 15 2 40 39 38 6 18 4
3: 27 36 1 39 22 4 14 6 23 13 19 18 9 33 5 7 8 32 11 10 26 35 2 3 15 12 17 24 31 25 16 38 21 28 30 40 37 29 34 20
4: 4 2 40 10 7 15 11 35 24 37 29 13 16 26 8 30 32 34 33 39 20 5 12 28 19 23 18 31 38 14 25 3 27 6 22 9 21 1 17 36
5: 14 30 6 1 7 39 36 18 22 24 15 17 4 31 20 37 10 3 27 2 23 33 5 8 9 35 40 12 26 16 25 11 19 29 21 32 13 28 34 38
6: 28 24 3 9 40 12 11 31 35 30 39 33 10 15 36 16 13 38 6 26 19 18 22 14 7 8 21 1 29 37 34 5 23 17 27 4 32 2 25 20
7: 36 3 31 24 8 22 19 21 2 9 23 38 12 28 29 18 17 33 40 5 35 37 7 25 39 16 26 34 1 30 27 20 10 14 15 32 4 11 6 13
8: 39 4 8 31 15 25 22 18 37 6 30 28 27 5 1 10 29 23 14 33 11 12 34 19 40 17 3 20 16 13 9 2 36 24 21 26 35 7 38 32
9: 20 33 32 4 2 9 5 25 12 34 28 10 21 22 40 3 8 18 36 27 26 17 30 1 7 11 16 19 13 23 24 14 38 31 29 6 39 15 37 35
10: 14 18 4 6 8 7 15 35 32 2 3 1 27 38 21 5 39 36 23 16 10 30 22 11 33 34 24 17 20 12 31 40 37 19 29 25 26 13 9 28
11: 5 6 14 26 7 11 24 39 36 20 21 28 10 3 25 12 30 2 9 4 23 16 34 38 22 19 37 15 13 40 17 1 18 8 32 29 31 27 33 35
12: 3 4 13 33 12 32 37 16 30 6 27 14 24 26 29 1 22 9 17 39 31 40 20 25 34 5 38 7 23 28 15 18 8 10 19 36 35 21 11 2
13: 23 2 27 5 30 29 14 4 11 9 32 40 19 8 36 26 37 38 7 25 33 24 13 17 28 31 15 1 34 22 3 35 6 10 12 18 39 20 21 16
14: 37 27 25 1 5 13 35 10 9 7 31 15 6 14 16 18 40 33 8 17 3 32 38 30 2 19 4 12 29 11 24 39 22 28 26 21 34 23 20 36
15: 35 19 1 17 29 12 38 24 9 14 39 32 40 36 13 15 33 18 6 2 8 37 11 26 16 21 3 7 20 28 23 22 5 4 34 30 25 10 27 31
16: 22 31 17 1 24 20 21 18 16 10 36 14 40 39 32 8 12 9 26 3 23 34 15 19 37 6 2 13 35 38 30 28 33 25 5 29 27 11 7 4
17: 20 37 17 18 28 32 21 31 7 2 35 3 22 29 11 30 36 38 15 9 4 33 34 13 19 26 14 10 27 23 24 1 8 5 25 12 16 39 40 6
18: 10 29 9 17 3 8 2 19 33 1 26 38 25 18 5 24 22 14 27 39 6 4 35 23 30 36 12 40 15 11 16 7 21 32 37 28 31 34 13 20
19: 19 11 1 33 18 6 21 15 24 25 5 26 10 16 4 38 14 9 27 13 7 37 30 3 17 23 29 36 31 2 39 40 12 22 20 32 28 35 8 34
20: 32 5 13 11 8 38 23 31 30 4 36 24 21 1 3 9 39 14 15 19 18 20 28 2 16 27 7 37 29 17 34 40 10 26 25 33 22 6 35 12
21: 4 26 36 33 16 2 1 7 3 37 21 18 27 10 32 9 31 25 40 39 8 13 5 15 38 28 22 6 12 23 11 14 34 35 17 20 30 19 24 29
22: 5 40 3 6 33 14 2 17 9 15 39 37 31 25 30 23 36 21 35 20 4 8 18 26 38 28 7 22 24 29 1 13 12 19 16 34 11 27 10 32
23: 35 31 32 29 21 8 25 11 2 40 14 3 9 38 22 34 28 5 4 27 30 26 20 23 10 33 12 18 16 17 24 19 13 7 39 6 36 15 37 1
24: 39 22 14 8 16 20 21 35 28 34 27 31 2 29 36 15 10 1 38 6 26 32 18 33 3 17 37 4 30 11 40 5 23 9 25 19 24 7 12 13
25: 32 6 21 3 39 15 13 33 22 19 23 2 9 14 30 8 1 18 10 25 16 12 35 40 5 37 29 17 28 24 36 20 7 11 38 27 34 26 31 4
26: 22 29 28 14 23 1 5 3 27 38 17 34 39 11 7 33 8 30 26 10 21 20 6 16 4 9 37 24 19 32 12 13 18 40 2 35 31 25 15 36
27: 34 27 6 2 22 3 30 19 14 38 25 4 16 31 28 15 23 24 11 35 40 33 32 39 1 29 37 9 10 36 18 17 8 26 7 12 20 13 21 5
28: 4 35 28 26 13 10 16 11 36 29 39 24 37 21 9 27 20 33 17 5 7 31 2 25 32 1 30 40 3 14 19 18 38 15 6 34 22 12 8 23
29: 40 27 6 24 35 23 29 36 38 19 1 20 30 33 13 17 2 10 11 31 37 9 8 34 26 16 15 3 25 5 4 21 32 18 14 22 7 39 12 28
30: 1 13 25 39 5 18 11 24 6 38 8 7 22 4 23 16 3 30 21 29 14 27 35 9 15 26 36 2 37 31 12 17 32 40 20 33 19 28 34 10
31: 6 37 28 22 16 15 2 39 7 29 38 17 32 25 35 14 1 8 27 10 18 5 13 30 24 36 20 3 33 23 40 21 19 31 12 34 11 26 9 4
32: 21 18 14 22 24 15 33 27 23 32 39 5 38 31 10 11 9 37 19 12 6 16 4 3 29 34 13 7 40 17 36 20 35 2 1 26 28 25 30 8
33: 39 20 12 29 5 1 8 30 40 21 2 22 13 24 10 19 3 27 34 37 23 33 31 38 18 32 26 14 36 6 17 16 4 7 28 9 35 11 25 15
34: 18 8 3 15 4 16 25 23 28 2 33 26 40 36 21 30 27 6 37 12 11 35 17 38 9 1 24 39 13 34 22 7 20 5 31 29 32 19 14 10
35: 35 23 21 29 9 18 8 25 26 10 34 33 39 14 13 38 30 40 17 6 36 11 2 24 15 4 20 27 31 5 28 37 3 19 12 32 1 16 22 7
36: 26 24 3 20 2 22 21 38 15 6 29 30 19 18 39 14 17 8 40 5 10 7 16 11 12 27 4 28 32 25 35 37 9 36 31 34 33 13 23 1
37: 15 16 19 5 1 14 7 31 37 23 3 18 4 38 12 26 10 13 8 34 29 27 2 9 21 28 36 24 33 17 30 40 25 22 20 32 39 35 11 6
38: 13 18 3 27 8 7 11 36 10 35 37 22 21 9 30 16 32 24 2 31 12 28 5 20 26 40 38 23 33 17 1 25 19 4 14 29 15 6 39 34
39: 9 28 5 39 32 22 14 2 40 17 27 30 36 1 20 4 31 37 18 8 12 15 10 11 19 3 38 23 6 13 34 7 16 25 21 26 29 33 24 35
40: 33 12 7 8 34 27 36 30 29 1 37 31 6 9 24 21 23 5 22 32 14 3 25 2 16 13 26 17 18 10 19 40 39 28 35 4 15 11 20 38

instance parameter information
numMenOrWomen: 40
minLenPref: 40
maxLenPref: 40
skew: 0

