40
1: 9 14 21 4 23 10 17 20 26 37 24 29 11 19 32 22 25 34 35 38 12 40 6 15 36 7 27 39 5 2 13 1 18 33 16 28 30 8 3 31
2: 26 40 4 37 23 3 32 38 19 16 9 12 5 25 2 36 29 39 14 1 33 11 17 10 27 24 8 22 18 30 15 13 6 35 31 7 20 34 21 28
3: 35 32 7 40 30 14 20 16 33 10 38 17 31 24 22 4 27 11 28 9 26 37 6 34 3 29 21 18 25 39 19 5 23 13 12 8 15 1 36 2
4: 29 23 21 33 6 22 38 34 35 3 12 11 24 18 25 17 14 40 9 39 10 37 15 20 5 30 32 28 36 8 1 16 7 13 4 27 2 31 26 19
5: 20 6 34 23 27 18 11 12 28 35 30 29 5 19 25 1 10 31 32 17 37 8 13 7 14 39 3 40 38 15 24 2 16 22 9 4 33 26 21 36
6: 29 5 4 11 10 24 12 36 37 16 38 17 34 3 18 33 27 6 23 1 7 8 40 15 13 2 22 20 30 14 9 31 25 19 35 26 21 39 32 28
7: 5 4 17 10 20 21 8 23 24 2 29 18 39 7 38 26 13 16 25 37 1 32 30 9 34 28 27 3 11 22 31 36 19 12 14 6 33 15 40 35
8: 17 10 37 5 32 28 25 21 29 34 13 22 36 39 1 18 2 12 30 26 9 11 38 33 35 20 31 40 15 24 16 4 6 19 8 27 23 14 7 3
9: 9 26 36 6 35 23 33 3 7 37 11 39 14 32 22 27 16 38 5 13 2 31 20 29 12 10 40 25 24 34 19 1 4 15 21 8 28 30 18 17
10: 36 3 11 24 20 28 30 7 27 16 1 12 29 39 32 38 35 31 26 25 17 14 8 10 22 40 5 9 23 33 21 4 18 6 34 19 15 2 37 13
11: 9 1 8 36 22 32 5 27 14 28 35 37 34 31 17 20 21 15 12 18 24 23 6 26 39 30 7 33 13 10 40 29 2 19 38 3 16 4 25 11
12: 31 1 18 39 34 36 9 24 7 29 33 26 17 8 23 30 2 3 11 16 13 14 12 35 37 4 10 40 20 28 6 15 19 5 38 27 32 25 21 22
13: 14 5 25 7 35 4 11 9 1 24 21 39 12 8 27 6 10 20 22 40 36 26 30 23 3 18 15 19 28 33 34 31 16 2 32 13 37 38 29 17
14: 28 23 2 6 5 26 31 8 7 1 32 17 12 34 4 35 19 9 30 13 15 39 16 18 21 24 25 20 3 22 29 40 27 10 33 38 37 36 11 14
15: 26 36 37 33 16 23 6 32 14 22 13 30 18 2 31 1 25 15 39 35 19 27 7 11 4 29 5 24 21 8 40 38 9 20 10 17 12 28 34 3
16: 18 5 32 16 13 15 36 17 7 24 25 31 30 33 39 22 19 29 21 2 35 37 10 28 26 40 14 34 20 12 11 23 4 8 6 9 27 3 38 1
17: 26 16 25 35 8 22 36 28 3 24 1 37 39 34 29 20 7 33 9 17 2 30 11 40 32 19 15 10 14 12 4 6 18 38 21 23 5 31 27 13
18: 17 4 7 23 22 20 19 21 31 12 26 34 24 27 2 11 1 35 9 3 15 30 14 29 8 39 10 13 38 33 5 25 18 40 36 28 6 32 16 37
19: 15 17 26 37 11 4 3 12 16 20 33 21 38 23 22 24 28 31 36 2 25 13 8 40 30 9 1 18 35 32 7 29 34 27 5 39 19 14 10 6
20: 19 32 33 15 25 27 23 34 18 13 11 38 8 36 26 4 1 35 20 31 37 22 21 30 5 2 17 9 3 24 29 16 40 6 39 14 28 10 12 7
21: 29 9 3 35 13 17 4 6 12 20 18 8 2 22 27 37 7 28 39 23 33 14 30 16 34 19 26 15 21 25 32 40 5 31 10 36 38 24 11 1
22: 31 11 16 36 23 37 4 18 17 6 14 12 26 1 33 5 40 15 21 30 9 25 10 29 35 34 19 8 2 39 13 27 20 32 38 7 3 24 22 28
23: 14 1 30 12 20 27 29 4 11 23 7 33 22 6 3 19 28 2 16 21 9 40 31 39 24 38 10 34 37 13 36 25 18 5 35 32 8 15 26 17
24: 15 20 27 39 34 12 21 16 10 33 30 7 25 13 37 38 26 24 17 32 35 22 18 3 4 29 23 9 2 11 1 5 28 31 14 6 19 40 36 8
25: 34 31 33 8 23 24 4 25 21 14 12 6 9 32 28 36 27 39 2 11 1 13 17 38 35 7 22 5 20 37 19 10 15 30 18 40 3 26 16 29
26: 3 25 33 39 4 32 38 30 27 14 37 35 12 36 6 22 18 23 1 5 17 16 40 21 26 20 2 8 28 7 15 31 34 29 13 9 24 10 19 11
27: 29 2 26 19 34 9 5 30 35 21 23 22 38 17 14 24 4 36 33 11 31 6 37 25 32 18 7 28 12 1 40 15 27 13 3 20 10 8 16 39
28: 33 2 32 30 40 7 10 14 16 3 6 12 13 22 23 11 21 38 15 39 35 19 27 34 29 4 26 20 28 9 5 24 25 31 17 18 1 37 8 36
29: 33 14 40 31 35 24 37 15 39 16 21 11 36 20 5 7 3 17 10 38 22 2 19 34 18 12 6 8 27 30 9 1 28 29 32 4 23 13 25 26
30: 16 39 6 29 1 30 27 14 26 13 10 37 18 31 34 23 38 9 20 33 4 15 21 35 3 8 40 32 17 7 25 36 28 22 24 5 11 12 19 2
31: 30 21 11 3 15 16 38 20 17 13 28 7 25 26 23 37 12 34 14 19 6 1 18 31 27 9 22 39 33 8 40 24 4 35 32 29 10 5 36 2
32: 38 10 40 33 24 27 31 1 12 29 11 34 6 20 21 28 7 2 23 3 22 13 39 32 5 14 26 18 16 8 9 37 25 35 15 17 30 19 36 4
33: 7 31 28 3 25 30 32 2 27 1 23 4 37 6 11 20 10 26 14 29 16 35 17 34 5 13 22 38 8 24 36 15 21 39 33 40 18 9 19 12
34: 31 22 30 40 11 6 39 5 3 15 36 14 25 29 24 28 23 13 34 37 20 16 27 12 35 9 2 7 10 21 18 33 1 8 4 26 38 17 32 19
35: 22 12 15 38 3 9 23 6 8 33 5 14 1 20 7 39 13 25 30 36 19 11 27 24 40 18 21 29 4 31 34 37 32 35 17 10 2 16 26 28
36: 26 35 2 36 14 28 20 32 8 38 15 40 21 9 5 39 16 10 27 3 31 33 29 7 11 30 19 18 12 25 24 17 1 34 4 22 37 23 6 13
37: 25 20 6 24 27 30 15 40 4 26 38 11 5 1 33 35 23 34 29 37 10 39 14 8 7 32 18 3 28 17 21 12 36 13 22 31 2 9 19 16
38: 5 20 15 17 29 24 25 10 19 13 37 35 11 23 28 2 7 40 32 33 9 27 18 31 8 22 21 39 36 16 14 1 30 4 12 26 38 34 6 3
39: 30 22 29 16 33 2 40 7 37 12 17 11 38 25 32 20 4 3 35 15 6 9 34 19 21 31 28 13 14 8 18 26 23 5 1 27 39 10 36 24
40: 31 25 5 10 26 16 3 4 33 38 22 30 12 19 39 32 24 18 21 6 1 17 2 27 28 35 13 23 14 34 11 9 15 20 7 40 8 36 29 37
1: 20 35 26 7 25 29 37 32 11 28 6 24 2 3 14 4 5 34 8 18 15 22 36 19 13 1 21 23 30 12 31 16 39 27 38 10 9 17 40 33
2: 23 26 9 29 36 27 40 35 11 8 24 10 1 3 6 20 32 4 16 15 19 12 28 17 13 33 31 22 30 14 5 18 7 34 39 2 37 25 38 21
3: 3 24 12 36 5 22 32 28 35 19 39 37 29 1 34 30 40 6 33 13 26 27 31 2 14 18 25 20 8 17 38 9 21 7 10 16 4 11 15 23
4: 20 14 17 39 29 6 37 4 27 34 18 26 19 24 31 5 9 15 38 32 33 13 36 2 8 28 11 10 12 16 22 35 1 3 23 30 21 25 40 7
5: 27 22 3 20 12 17 15 9 39 13 21 28 24 25 7 26 36 2 30 5 33 11 1 18 10 16 23 31 34 38 14 32 6 37 4 40 35 8 19 29
6: 10 25 3 4 23 1 27 37 16 28 34 2 6 7 32 5 13 29 35 14 22 31 30 39 20 19 15 21 9 33 36 24 11 17 38 12 8 18 40 26
7: 1 30 17 32 33 24 20 12 16 7 37 9 35 10 22 39 6 3 15 29 40 11 31 14 8 13 23 25 21 18 19 36 27 38 34 5 2 28 26 4
8: 24 35 14 4 1 37 9 6 23 5 15 28 20 29 25 30 34 3 19 39 7 13 10 22 40 33 36 12 38 11 26 17 18 31 16 32 27 2 21 8
9: 13 24 34 11 15 32 1 22 30 25 16 37 26 38 36 35 19 21 14 39 33 20 28 9 10 5 31 7 18 4 12 23 40 8 17 29 2 6 27 3
10: 5 36 16 9 20 21 22 35 11 3 24 2 37 30 4 40 25 32 12 8 13 23 6 33 39 10 38 18 14 19 15 27 26 34 28 1 31 7 17 29
11: 20 7 2 6 26 10 8 35 31 16 19 4 21 27 34 29 9 17 12 38 14 11 37 30 32 3 23 39 40 22 18 15 24 25 13 5 28 36 1 33
12: 22 12 32 3 4 23 38 11 37 29 27 30 5 35 14 21 2 15 36 8 24 6 17 34 19 28 13 1 26 25 20 9 7 40 18 10 16 31 33 39
13: 9 13 18 21 29 40 20 3 36 17 5 15 37 7 4 8 32 12 1 28 31 35 34 10 26 19 14 30 24 33 6 16 38 11 27 22 25 23 2 39
14: 35 29 19 1 18 21 20 33 39 12 13 24 22 27 23 9 2 14 30 6 15 10 5 26 32 36 4 31 28 7 38 25 17 8 40 11 16 3 34 37
15: 19 7 3 27 1 38 13 16 34 11 20 18 17 39 15 6 8 24 25 5 36 10 14 9 28 23 22 4 21 35 32 31 37 12 40 30 29 33 2 26
16: 15 27 35 23 12 34 9 1 40 32 22 6 37 33 25 29 8 4 20 5 2 21 39 7 3 10 28 24 11 36 14 18 16 30 19 13 38 26 17 31
17: 23 16 17 14 27 36 2 30 6 24 11 25 39 33 8 3 19 18 31 12 35 7 32 29 15 34 20 26 40 13 1 38 5 4 28 37 22 9 10 21
18: 38 21 26 13 5 6 34 36 35 27 9 23 31 18 8 22 39 32 7 29 12 17 20 19 4 40 11 37 2 14 30 28 24 3 16 15 1 25 33 10
19: 10 4 25 14 26 16 24 39 19 37 32 28 8 18 31 22 30 3 36 12 40 29 38 21 5 13 27 2 35 6 1 9 33 23 17 11 20 7 34 15
20: 24 26 30 19 17 12 31 11 3 27 35 25 39 38 7 40 33 21 6 32 4 16 28 1 2 8 9 13 34 5 20 18 22 37 15 23 14 36 10 29
21: 2 21 32 10 29 8 7 34 37 11 26 39 35 5 15 4 23 14 19 12 3 9 18 6 16 30 1 38 36 40 28 20 24 31 33 25 27 22 13 17
22: 31 12 32 28 23 14 27 36 26 18 1 11 4 10 17 15 20 21 40 9 24 3 6 19 5 30 7 33 38 22 39 16 13 2 8 37 29 25 35 34
23: 29 15 17 23 3 30 7 13 27 4 16 20 39 33 28 31 14 25 2 5 1 22 12 38 32 9 18 24 21 8 36 19 26 34 11 37 40 6 10 35
24: 35 27 26 34 40 10 37 14 21 3 7 19 28 23 31 2 5 1 4 39 15 17 11 20 30 8 18 36 32 25 29 24 13 6 22 12 9 38 16 33
25: 5 13 32 19 4 22 37 11 3 25 33 36 12 10 29 26 7 40 14 16 27 30 23 28 9 39 34 31 21 35 24 38 20 17 15 2 6 18 1 8
26: 11 14 25 17 8 6 7 2 31 21 5 28 39 32 16 4 37 30 35 20 19 1 13 29 18 9 22 33 15 10 40 12 3 36 26 23 24 38 27 34
27: 12 18 14 8 4 33 13 11 17 36 31 37 22 3 25 34 20 39 35 26 21 1 28 32 7 27 15 16 29 2 6 19 9 40 24 30 10 5 38 23
28: 25 20 39 21 16 35 34 8 3 36 10 29 14 30 1 27 9 37 17 18 24 28 4 15 33 7 6 38 26 40 22 11 31 5 12 13 23 2 19 32
29: 5 11 25 20 24 2 36 26 21 22 16 23 18 27 37 13 35 1 15 7 40 19 8 34 4 33 10 32 29 14 31 38 9 12 6 39 28 30 17 3
30: 12 40 22 18 11 17 7 23 19 4 20 16 32 8 2 31 21 29 27 38 26 24 28 13 34 5 39 14 35 1 9 37 33 3 15 10 25 30 36 6
31: 25 30 37 8 14 28 15 4 6 2 7 24 27 17 39 11 40 18 9 35 12 31 38 29 26 21 1 23 34 33 32 3 20 19 36 5 10 22 16 13
32: 11 26 31 9 12 18 35 36 16 22 38 27 30 40 2 25 13 19 32 17 1 21 6 28 8 10 37 33 15 24 7 3 34 20 14 39 23 29 4 5
33: 28 19 22 27 23 35 20 14 3 40 15 6 30 24 21 2 17 13 36 29 11 33 4 31 18 12 37 16 39 10 9 5 32 7 26 1 8 34 25 38
34: 2 25 16 29 33 34 26 8 22 18 23 32 3 5 15 24 30 4 40 31 14 28 37 7 11 39 6 13 21 20 35 12 9 1 27 10 17 19 36 38
35: 27 3 20 23 40 2 18 39 26 25 1 10 9 37 36 6 29 12 22 31 32 34 24 28 38 30 5 21 4 33 16 8 14 13 17 15 19 11 35 7
36: 17 35 25 22 8 38 27 29 36 24 14 16 12 39 30 13 4 7 33 9 11 40 26 23 15 2 10 21 18 1 37 34 32 5 20 3 19 6 28 31
37: 33 39 15 32 17 30 3 10 12 29 36 31 21 24 27 37 4 14 28 25 38 18 20 1 35 23 16 6 11 7 26 34 40 9 22 5 2 19 8 13
38: 25 34 36 15 3 24 39 35 30 21 2 18 22 16 20 4 40 19 13 23 1 33 11 32 31 10 27 37 12 7 28 6 14 29 38 9 26 5 17 8
39: 7 10 15 1 27 35 40 9 33 2 8 36 12 19 18 38 3 4 31 37 30 14 16 11 24 13 20 22 29 23 39 26 17 21 32 28 25 34 6 5
40: 40 10 33 20 2 6 11 23 28 31 30 9 35 1 15 18 17 38 5 25 22 27 32 14 36 16 3 21 37 34 24 4 29 39 7 19 26 13 12 8

instance parameter information
numMenOrWomen: 40
minLenPref: 40
maxLenPref: 40
skew: 0

