50
1: 17 35 1 24 10 21 19 47 23 3 4 25 
2: 9 1 34 11 16 49 27 10 
3: 47 1 33 2 50 6 42 13 16 21 12 36 23 30 
4: 5 38 2 36 46 23 1 31 
5: 44 26 31 7 22 32 8 33 4 1 45 35 
6: 18 4 25 20 32 33 
7: 8 20 44 16 38 48 30 15 3 28 31 11 2 21 26 50 40 27 42 46 29 4 35 12 43 22 47 24 23 18 36 19 9 14 39 6 37 41 34 
8: 47 
9: 6 35 32 17 2 27 46 44 38 33 45 36 30 8 49 16 13 22 5 48 7 9 40 
10: 19 43 
11: 21 32 3 4 16 19 45 26 17 40 43 9 11 46 38 30 50 44 
12: 42 16 49 10 37 25 22 15 28 41 35 21 27 29 26 17 46 24 30 7 36 23 18 44 20 32 40 11 14 50 45 12 
13: 3 20 2 45 46 23 26 29 
14: 8 22 45 41 
15: 46 13 34 4 16 5 15 14 49 28 12 23 2 37 19 
16: 28 5 38 16 
17: 1 43 20 17 22 42 34 35 31 30 10 37 36 48 14 15 4 18 7 24 33 32 
18: 46 4 19 1 38 22 30 41 47 3 6 37 32 10 15 7 50 
19: 1 19 43 32 2 49 27 7 45 5 46 37 24 11 35 18 14 12 17 21 9 
20: 26 11 36 40 35 44 14 22 39 47 37 23 12 45 1 13 18 41 5 8 19 7 46 9 50 3 
21: 13 20 8 42 2 5 22 33 29 49 19 11 32 17 6 
22: 33 38 10 14 9 8 26 20 13 29 35 28 43 34 24 16 49 
23: 36 
24: 5 4 31 14 21 42 28 
25: 30 48 1 
26: 4 37 1 31 26 32 2 5 50 47 33 25 22 7 42 29 13 44 46 30 38 49 39 48 24 6 41 40 36 12 27 43 14 20 15 
27: 13 18 5 1 43 11 31 45 35 23 
28: 40 45 32 38 49 7 39 
29: 24 50 43 48 20 31 19 2 11 42 47 45 29 17 12 40 49 6 37 25 32 34 27 18 16 21 39 4 14 41 10 38 15 1 22 13 23 8 30 35 36 44 7 
30: 8 34 37 19 47 31 13 3 35 15 7 20 14 10 9 39 2 48 42 27 38 25 21 44 6 43 12 28 16 29 32 40 4 5 11 
31: 48 46 22 30 36 33 13 29 40 42 12 16 10 18 32 21 
32: 24 7 14 13 26 32 50 39 46 11 47 38 
33: 16 32 30 22 46 11 35 29 33 40 27 17 39 43 34 4 10 13 6 12 5 42 25 19 21 3 41 18 
34: 6 13 9 39 19 2 17 29 22 8 10 41 45 40 15 4 31 26 
35: 43 41 2 35 17 
36: 30 33 38 2 
37: 5 38 43 14 
38: 35 28 48 9 46 8 6 18 22 
39: 24 36 31 28 30 25 14 12 8 27 26 2 49 44 21 6 20 34 16 7 3 40 48 13 39 45 
40: 19 46 16 18 9 4 8 40 39 42 37 7 5 20 
41: 5 44 22 16 14 28 19 24 38 46 33 37 13 
42: 21 34 18 20 10 33 47 41 3 6 14 24 
43: 35 25 9 20 40 37 7 44 32 8 12 49 41 33 19 43 46 
44: 39 4 
45: 47 43 48 
46: 27 31 39 14 8 32 37 
47: 36 46 26 22 47 35 3 5 49 29 43 15 8 27 
48: 48 6 8 
49: 16 7 10 46 13 22 9 34 25 50 42 
50: 27 5 
1: 25 4 18 26 2 20 27 1 3 19 17 5 29 
2: 36 3 29 26 13 9 39 15 35 7 19 34 4 21 30 
3: 20 30 47 39 18 33 1 7 11 13 42 
4: 44 30 26 15 5 11 29 40 7 17 34 6 18 24 33 1 
5: 50 20 47 40 21 27 33 26 16 15 24 19 9 37 4 30 41 
6: 21 26 9 18 3 29 7 30 38 39 34 33 48 42 
7: 29 26 43 32 40 9 20 28 18 30 19 17 5 12 39 49 
8: 48 5 21 47 34 7 29 20 30 40 46 22 43 9 14 39 38 
9: 19 7 34 40 38 20 30 2 49 22 9 43 11 
10: 2 17 12 30 49 42 33 1 29 18 34 22 31 
11: 30 29 2 7 33 21 12 27 20 19 32 11 
12: 12 3 30 20 26 31 19 33 7 29 43 15 39 
13: 41 49 39 26 30 34 32 31 15 20 21 9 27 29 3 22 33 
14: 37 26 30 32 42 19 22 7 46 24 12 29 20 39 15 17 41 
15: 26 29 30 47 18 7 15 34 12 17 
16: 16 9 39 22 29 12 30 7 49 41 40 11 33 31 2 15 3 
17: 35 12 9 1 17 19 34 29 33 21 11 
18: 33 17 12 31 29 6 20 27 40 38 7 19 42 
19: 15 43 7 11 33 18 34 29 19 41 40 20 21 1 30 10 
20: 40 7 13 43 30 26 6 12 29 17 39 21 22 42 
21: 31 24 39 7 42 29 3 1 12 11 33 19 30 
22: 38 31 20 41 34 21 14 26 49 33 17 9 7 29 18 5 47 12 
23: 27 13 20 15 4 3 29 12 1 7 
24: 42 29 39 17 1 26 7 19 41 22 32 12 
25: 1 49 30 33 43 29 12 39 6 26 
26: 34 26 39 11 22 47 7 5 13 12 32 20 
27: 47 26 33 39 9 46 12 50 30 7 19 2 29 
28: 24 16 30 12 15 7 41 22 39 38 
29: 13 12 30 22 26 21 33 34 31 29 7 47 
30: 3 11 18 9 7 17 26 33 39 25 12 29 36 31 
31: 4 7 5 26 27 39 24 17 29 34 46 30 
32: 17 19 29 28 46 31 26 11 21 12 6 5 32 43 18 9 33 30 
33: 6 36 22 17 3 9 43 42 41 33 31 5 21 26 
34: 7 15 22 17 33 39 30 2 49 42 29 
35: 5 19 27 33 12 47 43 17 9 20 30 7 22 38 29 1 35 
36: 23 39 17 31 47 7 20 29 12 4 3 9 26 
37: 46 41 18 26 43 40 7 17 12 19 15 20 30 29 
38: 32 9 37 29 28 16 7 22 30 18 36 4 26 41 11 
39: 28 7 32 33 30 44 40 39 20 46 26 29 34 
40: 9 12 28 33 31 26 34 43 20 40 7 29 30 39 11 
41: 14 7 33 29 18 42 43 34 12 26 20 35 
42: 49 12 40 30 3 26 31 21 17 7 24 29 33 
43: 10 30 26 33 43 45 35 17 27 7 37 29 11 22 19 47 
44: 11 12 9 41 43 39 5 30 7 26 20 29 
45: 39 14 34 5 13 20 29 12 27 9 28 11 19 
46: 43 12 4 13 38 49 47 20 19 41 9 31 15 26 33 11 40 7 18 32 
47: 8 26 45 1 18 32 3 30 29 7 20 42 47 
48: 45 30 26 39 9 25 29 17 48 31 38 7 
49: 22 29 15 9 28 2 21 12 19 43 39 47 26 
50: 18 20 49 29 26 3 11 7 32 12 



Updated preference list above: can be reinput into program.
Duration_ModCreation_milliseconds: 105
Duration_GetSolution_milliseconds: 6
Duration_CollectRes_milliseconds: 0

RawResults: 
25 36 20 44 50 21 29 48 19 2 30 12 41 37 26 16 35 33 15 40 31 38 27 42 1 34 47 24 13 3 4 17 6 7 5 23 46 32 28 9 14 49 10 11 39 43 8 45 22 18 

Duration_Total_milliseconds: 488

exitCode 0
code/Main_GS completed
