50
1: 46 16 45 4 
2: 5 33 42 3 18 16 19 49 2 22 6 10 40 25 28 4 30 29 14 
3: 35 38 32 15 1 46 7 31 39 47 33 16 5 42 8 24 37 28 40 36 6 19 44 41 4 11 12 3 20 23 50 17 
4: 26 48 32 34 1 40 
5: 33 31 
6: 47 34 13 11 50 27 38 
7: 42 7 1 12 3 24 9 32 35 31 25 13 48 36 26 29 34 28 16 23 40 41 15 44 43 50 6 19 2 11 17 5 18 47 20 
8: 11 36 30 26 24 41 28 49 40 23 45 2 39 50 16 7 1 18 35 4 27 
9: 28 26 21 18 11 38 42 5 29 14 48 20 36 6 17 23 43 16 3 39 30 15 32 
10: 47 2 20 46 11 9 32 28 49 37 5 4 40 16 30 50 43 41 34 19 12 22 10 1 42 39 23 13 24 33 
11: 19 39 
12: 39 46 4 12 17 11 41 28 23 
13: 5 20 31 42 23 25 8 34 2 17 47 9 19 18 50 7 10 11 46 
14: 28 9 23 8 13 42 2 34 17 48 5 45 24 10 11 37 36 31 39 44 22 49 26 16 14 25 47 7 3 27 32 19 46 30 1 35 21 
15: 47 30 39 14 45 
16: 4 45 21 8 40 32 49 28 47 11 29 31 17 30 46 19 
17: 1 28 44 50 4 31 7 27 42 46 21 35 22 8 16 9 34 40 20 49 38 17 26 10 32 23 18 
18: 1 11 14 35 
19: 11 8 21 40 19 18 3 14 44 9 15 20 41 
20: 9 2 7 6 3 38 37 10 47 15 24 42 19 39 27 32 49 
21: 20 1 39 29 27 18 44 
22: 12 19 3 41 11 7 9 37 
23: 47 35 1 36 19 45 14 15 28 4 16 24 6 
24: 35 15 9 24 8 
25: 39 47 6 46 44 16 40 30 33 43 28 
26: 19 35 38 20 30 5 40 26 15 29 4 23 27 8 49 9 10 
27: 46 17 5 2 25 35 26 
28: 18 39 41 6 7 26 33 44 2 19 36 37 49 40 34 24 
29: 3 25 22 47 10 7 19 31 33 48 45 41 13 11 14 40 24 16 1 9 43 
30: 48 22 45 37 23 49 16 21 10 1 18 47 15 
31: 31 17 23 14 42 36 41 49 4 25 44 2 
32: 32 19 4 3 9 49 13 6 26 24 11 50 15 31 2 14 25 
33: 37 36 1 49 47 25 38 30 43 23 24 9 
34: 31 47 
35: 6 7 33 3 36 16 
36: 7 
37: 4 12 42 17 23 30 13 
38: 38 26 7 20 5 
39: 14 1 
40: 39 5 18 42 
41: 1 31 2 33 16 46 8 26 23 27 4 37 40 43 47 6 48 13 45 34 29 19 18 38 7 15 49 12 22 
42: 16 14 20 48 
43: 6 37 12 
44: 7 3 30 
45: 37 36 
46: 45 9 24 41 3 
47: 18 41 34 
48: 31 18 10 50 
49: 4 24 17 39 43 29 
50: 35 31 7 46 49 14 28 26 20 11 
1: 39 41 23 10 3 17 4 33 18 8 29 21 14 30 7 
2: 31 14 8 13 2 28 7 27 32 10 20 41 
3: 46 3 20 35 29 14 9 44 22 32 2 19 7 
4: 1 16 23 2 17 49 8 37 26 10 32 3 31 41 12 
5: 38 27 40 3 9 26 14 2 7 13 10 
6: 23 41 7 3 20 9 2 35 32 25 28 43 
7: 36 50 7 13 20 29 44 14 38 17 3 41 22 8 28 35 
8: 24 19 14 16 3 26 13 41 17 
9: 33 46 10 26 13 20 24 22 7 14 17 32 29 19 
10: 26 2 13 30 48 29 14 20 17 10 
11: 50 3 12 7 32 9 13 18 29 8 6 10 22 14 16 19 
12: 43 10 7 3 37 22 41 12 
13: 37 10 32 29 14 41 7 6 
14: 2 39 31 32 50 14 29 42 18 9 15 23 19 
15: 30 19 9 24 23 3 41 7 20 26 32 
16: 35 17 41 23 3 9 2 30 10 7 25 14 29 8 42 1 
17: 3 31 16 37 7 49 17 12 14 9 13 27 
18: 17 9 47 48 13 41 7 2 30 21 28 8 40 19 
19: 16 7 28 41 32 20 19 3 10 26 2 14 11 13 22 23 29 
20: 7 13 10 19 50 38 42 26 3 21 9 17 
21: 14 9 17 16 30 19 
22: 41 2 30 14 17 10 29 
23: 12 14 33 31 41 30 17 3 8 10 9 7 13 37 26 
24: 28 49 8 7 20 3 24 46 14 23 33 10 32 29 
25: 32 33 7 13 29 14 2 27 31 
26: 27 32 9 50 14 28 4 17 41 38 7 8 26 
27: 8 17 14 6 26 21 41 20 
28: 25 50 12 8 9 14 7 17 16 10 2 3 23 
29: 49 41 21 7 2 9 16 26 
30: 44 10 9 16 14 26 25 8 33 37 15 2 
31: 5 41 13 17 48 34 3 50 32 14 7 16 31 29 
32: 9 4 20 14 17 16 10 32 3 7 
33: 10 41 5 3 2 25 28 29 35 
34: 47 13 10 6 7 14 4 28 17 41 
35: 18 3 8 7 14 26 24 17 50 23 27 
36: 45 33 8 14 28 9 31 35 7 3 23 
37: 22 33 45 41 43 30 20 14 10 3 28 
38: 6 33 9 38 3 17 20 41 26 
39: 11 15 10 25 14 20 49 28 8 3 12 9 40 21 
40: 4 25 16 17 26 41 28 29 8 3 19 7 2 10 
41: 19 8 3 10 7 47 12 29 31 46 22 28 
42: 40 17 20 10 37 2 3 31 14 9 7 13 
43: 29 9 41 33 7 10 49 25 
44: 21 31 3 7 28 25 19 17 14 
45: 15 23 14 30 29 8 41 1 46 16 
46: 13 10 14 17 41 16 12 3 27 50 25 1 
47: 34 30 13 16 15 6 3 25 29 20 23 14 41 7 33 10 
48: 42 7 9 29 41 14 4 30 
49: 20 14 31 2 50 32 16 10 17 26 41 30 33 8 28 
50: 48 6 3 32 17 7 10 13 8 



Updated preference list above: can be reinput into program.
Duration_ModCreation_milliseconds: 340
Duration_GetSolution_milliseconds: 6
Duration_CollectRes_milliseconds: 0

RawResults: 
39 31 46 1 38 23 36 24 33 26 50 43 37 2 30 35 3 17 16 7 14 41 12 28 32 27 8 25 49 44 5 9 10 47 18 45 22 6 11 4 19 40 29 21 15 13 34 42 20 48 

Duration_Total_milliseconds: 550

exitCode 0
code/Main_GS completed
