
Stable_correctness_tests: Date: 2019/1/21  Time: 18:19:54

Stable_numStableMatchings: 24
Stable_numPassedAcceptability: 24
Stable_numPassedCapacity: 24
Stable_numPassedStability: 24
exitCode 0
correctness/Main_Tester completed

solutions_found_by_ip:
4 49 11 32 33 34 43 41 21 46 39 23 20 2 45 19 50 35 15 3 44 37 6 8 40 27 5 24 10 22 17 26 25 47 16 7 13 38 14 42 1 48 12 30 36 9 18 31 29 28
4 49 11 32 33 34 43 41 21 46 39 23 20 2 45 19 50 35 8 3 44 37 6 15 40 27 5 24 10 22 17 26 25 47 16 7 13 38 14 42 1 48 12 30 36 9 18 31 29 28
4 49 44 32 33 34 43 41 21 46 39 11 20 23 45 19 50 35 8 3 29 37 6 15 40 27 5 2 10 22 17 26 25 47 16 7 13 38 14 42 1 48 12 30 36 9 18 31 24 28
4 49 44 32 33 34 43 41 21 46 39 11 20 23 45 19 50 35 15 3 29 37 6 8 40 27 5 2 10 22 17 26 25 47 16 7 13 38 14 42 1 48 12 30 36 9 18 31 24 28
4 22 17 40 31 38 20 27 32 33 39 23 46 21 45 19 18 35 41 49 44 37 6 8 28 10 26 24 43 15 2 25 9 47 16 7 13 5 14 42 1 48 12 30 36 3 34 50 29 11
4 49 44 32 33 34 43 41 26 46 39 11 20 23 45 21 50 35 8 3 29 37 6 15 40 27 5 2 10 22 17 19 25 47 16 7 13 38 14 42 1 48 12 30 36 9 18 31 24 28
4 49 44 32 33 34 20 41 21 46 39 11 31 23 45 19 50 35 8 3 29 37 6 15 40 27 5 2 43 22 17 26 25 47 16 7 13 38 14 42 1 48 12 30 36 9 18 10 24 28
4 49 44 32 33 34 20 41 21 46 39 11 31 23 45 19 50 35 15 3 29 37 6 8 40 27 5 2 43 22 17 26 25 47 16 7 13 38 14 42 1 48 12 30 36 9 18 10 24 28
4 22 17 40 33 38 20 27 32 46 39 23 31 21 45 19 18 35 41 49 44 37 6 8 28 10 26 24 43 15 2 25 9 47 16 7 13 5 14 42 1 48 12 30 36 3 34 50 29 11
4 22 11 32 33 38 20 27 21 46 39 23 31 2 45 19 18 35 41 49 44 37 6 8 40 10 26 24 43 15 17 25 9 47 16 7 13 5 14 42 1 48 12 30 36 3 34 50 29 28
4 49 44 32 33 34 20 41 21 46 39 11 31 23 45 19 27 35 8 3 29 37 6 15 40 10 5 2 43 22 17 26 25 47 16 7 13 38 14 42 1 48 12 30 36 9 18 50 24 28
4 49 44 32 33 34 20 41 21 46 39 11 31 23 45 19 27 35 15 3 29 37 6 8 40 10 5 2 43 22 17 26 25 47 16 7 13 38 14 42 1 48 12 30 36 9 18 50 24 28
4 49 44 32 33 34 43 41 26 46 39 11 20 23 45 21 50 35 15 3 29 37 6 8 40 27 5 2 10 22 17 19 25 47 16 7 13 38 14 42 1 48 12 30 36 9 18 31 24 28
4 49 44 32 33 34 20 41 21 46 39 11 31 23 45 19 27 35 8 3 29 37 6 15 40 10 26 2 43 22 17 25 38 47 16 7 13 5 14 42 1 48 12 30 36 9 18 50 24 28
4 49 44 32 33 34 20 41 21 46 39 11 31 23 45 19 27 35 15 3 29 37 6 8 40 10 26 2 43 22 17 25 38 47 16 7 13 5 14 42 1 48 12 30 36 9 18 50 24 28
4 49 11 32 33 34 20 41 21 46 39 23 31 2 45 19 27 35 8 3 44 37 6 15 40 10 26 24 43 22 17 25 38 47 16 7 13 5 14 42 1 48 12 30 36 9 18 50 29 28
4 49 11 32 33 34 20 41 21 46 39 23 31 2 45 19 27 35 15 3 44 37 6 8 40 10 26 24 43 22 17 25 38 47 16 7 13 5 14 42 1 48 12 30 36 9 18 50 29 28
4 49 11 32 33 34 20 41 21 46 39 23 31 2 45 19 50 35 8 3 44 37 6 15 40 27 5 24 43 22 17 26 25 47 16 7 13 38 14 42 1 48 12 30 36 9 18 10 29 28
ip_timeout gtimeout 10 s
exitCode 5
correctness/pulpIP.py completed
