
Stable_correctness_tests: Date: 2019/1/21  Time: 18:19:53

Stable_numStableMatchings: 18
Stable_numPassedAcceptability: 18
Stable_numPassedCapacity: 18
Stable_numPassedStability: 18
exitCode 0
correctness/Main_Tester completed

solutions_found_by_ip:
25 49 12 31 35 33 19 47 44 43 30 46 29 45 34 28 10 41 32 50 6 16 36 21 1 4 23 40 11 3 18 14 27 9 17 2 38 22 26 20 13 24 7 39 48 37 15 8 42 5
25 10 12 31 35 33 39 47 44 43 30 46 29 41 34 16 32 50 9 3 6 49 36 28 1 15 23 40 7 11 21 38 18 26 17 2 14 22 45 20 13 24 19 4 48 37 27 8 42 5
25 11 50 46 31 33 16 47 6 43 19 42 23 45 34 28 10 30 32 12 49 29 36 21 1 4 35 40 24 3 18 14 27 9 17 2 38 22 26 20 44 41 7 39 48 37 15 8 13 5
25 10 12 31 35 33 19 47 44 43 30 46 29 45 34 16 18 41 32 50 6 49 36 28 1 4 23 40 11 3 21 14 27 9 17 2 38 22 26 20 13 24 7 39 48 37 15 8 42 5
25 10 12 31 35 33 34 47 40 43 30 44 29 41 19 16 32 50 9 3 6 49 36 28 1 7 23 39 15 11 21 38 18 26 17 2 14 22 45 20 13 24 46 4 48 37 27 8 42 5
25 11 12 46 31 33 16 47 6 43 19 42 23 45 34 28 10 30 32 50 49 29 36 21 1 4 35 40 24 3 18 14 27 9 17 2 38 22 26 20 44 41 7 39 48 37 15 8 13 5
25 11 50 46 35 33 31 47 6 43 19 42 29 45 34 28 10 30 32 12 49 16 36 21 1 4 23 40 24 3 18 14 27 9 17 2 38 22 26 20 44 41 7 39 48 37 15 8 13 5
25 11 12 46 35 33 31 47 6 43 19 42 29 45 34 28 10 30 32 50 49 16 36 21 1 4 23 40 24 3 18 14 27 9 17 2 38 22 26 20 44 41 7 39 48 37 15 8 13 5
25 10 30 31 35 33 34 47 40 43 44 12 29 41 19 16 32 50 9 3 6 49 36 28 1 7 23 39 11 15 21 38 18 26 17 2 14 22 45 20 13 24 46 4 48 37 27 8 42 5
25 10 12 31 35 33 34 47 40 43 30 44 29 41 19 16 32 50 9 3 6 49 36 28 1 15 23 39 7 11 21 38 18 26 17 2 14 22 45 20 13 24 46 4 48 37 27 8 42 5
25 10 12 31 35 33 34 47 40 43 30 44 29 41 19 16 32 50 9 3 6 49 36 28 1 7 23 39 11 15 21 38 18 26 17 2 14 22 45 20 13 24 46 4 48 37 27 8 42 5
25 10 12 31 35 33 39 47 44 43 30 46 29 41 34 16 32 50 9 3 6 49 36 28 1 7 23 40 15 11 21 38 18 26 17 2 14 22 45 20 13 24 19 4 48 37 27 8 42 5
25 10 12 31 35 33 39 47 44 43 30 46 29 41 34 16 32 50 9 3 6 49 36 28 1 7 23 40 11 15 21 38 18 26 17 2 14 22 45 20 13 24 19 4 48 37 27 8 42 5
25 10 12 31 35 33 9 47 44 43 30 46 29 41 34 16 18 50 32 3 6 49 36 28 1 7 23 40 11 15 21 14 39 26 17 2 38 22 45 20 13 24 19 4 48 37 27 8 42 5
25 10 30 31 35 33 34 47 40 43 44 12 29 41 19 16 32 50 9 3 6 49 36 28 1 7 23 39 15 11 21 38 18 26 17 2 14 22 45 20 13 24 46 4 48 37 27 8 42 5
25 10 12 31 35 33 39 47 44 43 30 46 29 41 34 16 32 50 9 3 6 49 36 28 1 7 23 40 11 15 21 14 18 26 17 2 38 22 45 20 13 24 19 4 48 37 27 8 42 5
25 10 30 31 35 33 34 47 40 43 44 12 29 41 19 16 32 50 9 3 6 49 36 28 1 15 23 39 7 11 21 38 18 26 17 2 14 22 45 20 13 24 46 4 48 37 27 8 42 5
25 10 12 31 35 33 19 47 44 43 30 46 29 41 34 16 18 50 32 3 6 49 36 28 1 26 23 40 11 15 21 14 39 9 17 2 38 22 45 20 13 24 7 4 48 37 27 8 42 5
ip_timeout gtimeout 10 s
exitCode 5
correctness/pulpIP.py completed
