200
1: 90 159 101 113 55 146 133 18 51 165 81 70 170 85 143 127 87 150 93 80 136 1 171 9 106 46 8 42 144 61 182 140 154 47 37 193 91 74 200 68 137 149 168 83 119 31 36 118 124 125 134 189 24 188 158 2 130 16 141 10 109 73 79 178 102 13 110 105 183 78 142 44 63 66 77 76 
2: 9 71 
3: 25 142 136 124 192 195 85 148 115 94 164 166 54 189 169 67 83 72 91 50 47 177 154 73 3 133 196 151 20 63 68 81 97 188 74 122 35 26 112 48 129 66 22 132 24 191 143 7 108 113 58 165 176 15 49 146 4 65 153 42 46 119 116 134 71 98 45 89 17 145 127 187 178 125 128 104 140 160 137 56 40 90 62 141 43 120 121 156 186 76 130 123 5 34 57 150 111 190 167 
4: 112 140 125 116 189 172 24 65 151 132 85 147 53 102 2 45 86 148 72 37 95 11 77 127 155 34 169 84 181 62 87 26 57 42 50 117 40 60 4 74 93 150 199 66 76 184 156 180 55 88 166 137 131 10 149 81 7 152 145 19 136 69 185 56 38 126 80 120 70 92 111 18 192 196 163 124 177 164 63 105 146 97 103 21 51 
5: 69 194 191 11 61 75 104 176 21 95 
6: 142 106 76 45 159 170 3 70 22 121 96 187 198 173 89 197 140 152 186 24 191 94 68 48 6 181 189 154 47 21 177 104 188 29 79 200 125 
7: 88 171 55 
8: 31 60 193 
9: 78 8 149 99 72 86 162 
10: 170 87 174 65 143 6 11 133 71 29 171 2 23 126 139 49 33 75 83 88 186 129 200 7 110 145 193 41 3 38 187 104 56 135 189 114 14 175 59 181 184 123 183 155 188 43 28 64 194 52 190 22 116 160 100 113 30 165 25 79 4 73 195 177 97 10 50 197 180 112 169 57 151 21 34 54 101 
11: 196 50 39 41 117 83 72 58 177 
12: 49 
13: 129 156 147 136 122 165 171 128 192 38 139 57 158 12 9 30 8 194 25 33 93 13 183 72 27 121 106 61 39 170 103 159 86 92 111 104 65 64 32 155 124 110 55 145 76 6 5 152 62 120 181 37 153 22 137 141 90 
14: 48 45 129 117 130 124 141 177 18 123 80 21 145 174 66 34 150 119 143 84 103 178 191 89 
15: 191 94 112 139 78 77 
16: 114 
17: 78 161 143 29 149 151 140 190 196 142 180 184 26 17 107 163 99 70 7 175 61 195 157 24 117 185 14 182 52 93 177 50 82 122 69 116 81 129 63 28 3 40 31 47 115 173 156 97 178 48 32 136 169 188 66 102 77 79 42 58 90 124 
18: 179 83 
19: 171 108 104 65 179 105 5 183 168 40 141 165 39 196 122 21 51 42 
20: 29 125 150 168 27 94 45 182 
21: 13 164 200 23 19 50 83 99 84 48 109 7 
22: 4 17 196 83 77 178 81 65 14 134 135 52 35 10 16 176 20 146 194 60 190 141 125 37 184 54 107 149 5 109 110 49 42 70 127 
23: 198 79 68 160 189 88 120 164 140 123 23 191 127 162 19 134 44 98 175 91 47 122 95 119 42 115 81 113 45 100 155 70 13 63 65 108 46 132 
24: 157 191 36 88 17 30 18 179 147 109 119 4 39 58 144 149 111 54 69 186 161 164 80 78 
25: 156 91 96 86 34 185 200 95 115 125 157 44 148 192 133 11 198 46 8 51 140 41 73 57 109 24 88 36 112 37 
26: 152 29 58 104 62 162 179 151 100 131 44 54 198 178 
27: 80 182 66 12 97 19 157 113 150 197 136 56 30 20 74 49 43 28 123 119 85 183 50 14 173 18 141 26 88 155 177 79 151 63 189 47 24 103 58 185 128 
28: 112 34 57 134 16 194 47 103 41 38 131 60 
29: 144 127 33 78 198 27 166 82 196 126 74 17 114 96 88 132 69 122 21 158 155 
30: 184 4 62 71 142 35 190 170 119 191 159 7 176 41 112 128 60 29 132 116 39 69 122 138 30 74 136 77 26 161 38 68 110 56 174 164 96 137 43 153 133 64 1 118 156 67 144 126 11 91 52 155 129 141 97 21 160 149 32 130 28 93 127 195 15 
31: 138 181 182 129 195 121 151 78 82 55 53 25 122 42 197 12 133 92 81 172 132 89 112 107 58 142 68 30 38 1 21 41 80 19 93 160 103 176 137 
32: 48 42 9 49 100 185 85 178 15 120 26 
33: 13 83 105 8 173 95 46 96 97 164 94 41 101 1 118 99 193 24 
34: 152 122 114 11 87 124 115 164 43 74 85 
35: 25 141 193 174 103 
36: 32 80 52 161 115 89 84 9 181 121 123 117 194 54 74 166 179 96 192 37 120 76 105 175 73 160 110 85 7 98 2 130 142 60 185 134 
37: 190 64 114 109 19 56 152 68 10 156 125 27 24 44 86 
38: 118 121 145 192 151 173 3 154 28 
39: 191 180 197 188 127 94 28 176 126 11 67 147 187 14 83 146 7 50 53 128 46 
40: 119 31 174 173 47 51 172 43 196 90 89 178 11 118 163 3 76 83 99 182 23 32 74 160 77 81 128 58 37 44 65 139 181 157 165 97 197 
41: 183 188 14 47 16 192 6 107 64 
42: 113 69 156 85 117 77 75 131 116 19 166 4 1 64 93 130 198 110 33 
43: 89 16 116 84 
44: 138 111 136 115 123 53 189 102 91 188 120 31 10 48 15 100 63 58 149 
45: 1 135 150 93 24 163 
46: 38 122 79 109 44 48 180 113 164 95 130 178 133 145 34 
47: 186 135 108 33 157 96 29 54 119 127 63 84 85 32 139 118 16 21 192 147 116 72 86 43 75 182 137 136 146 177 34 4 30 37 9 142 115 103 87 94 200 181 8 176 198 18 163 165 124 93 125 44 83 89 128 174 168 111 171 73 55 149 23 173 148 11 189 123 14 65 67 113 35 154 114 144 51 56 2 153 58 104 101 122 102 169 41 112 98 197 39 185 25 69 105 194 27 64 10 166 187 109 130 162 155 188 107 179 141 38 151 100 134 131 40 199 
48: 112 151 40 123 23 24 186 67 183 95 138 117 43 75 122 174 192 131 92 113 166 193 47 136 11 50 167 51 102 9 145 175 135 52 86 137 64 181 76 44 195 156 127 171 46 111 3 8 119 79 97 133 141 128 187 2 129 114 35 61 18 27 81 140 94 134 7 13 59 57 184 32 199 39 4 42 144 73 
49: 56 66 86 130 192 136 25 88 103 175 68 181 18 194 195 199 55 80 155 182 82 125 105 48 112 169 45 51 16 116 69 34 163 164 137 78 114 185 120 37 149 138 121 109 162 75 14 6 4 2 124 153 84 141 11 60 36 179 93 123 19 97 13 171 104 118 5 31 142 167 188 159 70 24 27 180 133 150 
50: 7 17 136 200 77 95 190 151 
51: 40 34 53 
52: 200 118 51 30 108 102 70 44 100 86 140 
53: 96 171 150 57 70 119 172 58 156 176 34 69 189 129 112 121 15 179 55 92 97 90 75 198 153 186 24 101 29 11 109 122 138 170 85 167 197 50 59 175 88 19 22 3 44 195 104 196 67 35 65 91 38 21 82 47 17 128 111 162 93 1 95 2 
54: 7 48 144 137 119 107 139 166 6 3 94 61 5 54 47 4 10 53 70 174 
55: 24 114 40 146 144 
56: 174 156 129 67 44 194 115 151 130 94 7 57 
57: 115 59 149 106 187 41 86 5 84 67 72 60 172 85 7 123 58 43 182 73 117 164 24 129 33 155 145 63 75 105 152 198 140 153 53 184 45 77 96 78 79 26 194 183 42 188 118 94 87 189 20 
58: 25 12 5 110 1 99 85 197 52 11 33 66 23 
59: 101 114 130 81 108 164 149 131 198 145 175 7 53 97 56 104 19 
60: 170 20 40 22 189 175 166 199 164 70 41 171 133 124 13 39 104 12 169 16 160 122 106 
61: 96 124 137 66 12 38 51 141 98 42 93 
62: 200 27 102 81 62 146 198 55 164 98 105 72 127 57 182 29 76 155 160 187 91 172 115 171 136 183 103 49 168 33 166 
63: 119 193 36 59 157 153 145 135 165 82 183 140 11 99 40 78 76 70 
64: 187 
65: 39 49 23 134 122 82 154 56 168 32 113 181 146 100 68 1 18 96 114 191 147 176 161 4 47 50 102 87 198 192 171 170 90 149 175 62 106 101 78 70 46 132 36 151 133 121 150 34 141 72 
66: 97 194 37 24 181 81 187 3 124 170 93 23 72 61 150 141 26 31 193 178 69 145 65 147 153 180 82 92 36 175 64 25 155 118 14 91 154 140 7 19 75 88 94 142 13 56 8 68 120 15 130 105 160 
67: 100 169 185 
68: 124 100 39 152 8 190 75 139 93 94 81 158 49 150 60 159 106 74 
69: 150 139 
70: 33 161 17 165 110 25 63 184 191 71 73 68 16 87 190 22 67 123 163 27 38 172 97 77 24 55 133 66 28 166 125 20 93 152 104 148 88 168 
71: 127 190 196 87 115 149 49 32 199 41 191 151 79 34 148 108 54 194 24 140 37 20 186 117 187 154 109 56 
72: 60 144 123 180 85 10 7 128 199 178 58 159 111 2 84 188 8 177 160 130 74 57 186 125 34 96 
73: 118 196 180 73 131 179 184 32 197 193 121 158 84 76 181 96 159 154 163 116 151 97 60 124 152 129 37 39 92 149 18 135 88 112 102 87 46 40 
74: 173 19 133 6 65 
75: 37 98 188 155 142 36 61 173 182 35 
76: 14 58 131 96 108 4 169 93 141 199 114 77 123 37 36 
77: 197 171 
78: 139 145 48 39 170 32 112 19 37 73 8 122 65 3 198 196 179 2 169 89 137 40 124 77 30 98 60 172 17 144 10 27 200 155 28 42 33 104 191 86 171 95 31 94 5 15 151 186 49 128 61 35 79 93 184 
79: 159 38 184 117 124 36 160 120 188 88 62 195 16 140 42 123 146 57 26 133 68 106 11 
80: 172 187 34 40 101 115 95 104 17 96 147 77 189 73 83 116 14 
81: 143 83 114 93 120 164 147 24 194 200 65 94 170 71 102 60 58 72 123 16 178 38 189 167 57 4 26 15 144 175 133 151 155 193 29 46 66 108 135 
82: 10 53 79 
83: 108 128 20 186 117 136 120 42 51 9 
84: 152 175 95 89 150 191 128 154 61 174 173 35 13 127 27 193 12 114 94 38 46 31 133 14 131 
85: 144 37 140 120 169 46 34 116 10 22 
86: 103 131 154 99 30 
87: 184 45 132 5 93 198 
88: 200 49 38 108 145 162 190 197 175 79 164 13 62 20 102 84 144 137 70 93 45 112 168 199 58 141 21 51 19 28 35 136 116 187 143 194 154 86 11 114 92 72 140 64 2 100 24 47 131 87 103 76 183 124 170 153 128 105 150 81 
89: 122 108 186 2 127 25 21 154 120 129 58 165 182 177 1 124 44 82 17 142 123 46 89 60 75 131 9 100 6 52 152 67 57 55 109 126 156 53 8 62 
90: 58 90 178 158 142 159 37 48 75 192 79 23 119 153 91 
91: 2 125 84 160 140 73 39 90 20 92 116 86 45 193 37 46 149 152 105 151 18 
92: 139 189 81 3 141 35 138 14 41 9 148 161 124 56 200 82 34 87 197 193 115 63 162 72 194 47 6 121 68 2 163 42 53 75 147 33 103 89 37 167 127 190 17 57 102 110 154 
93: 128 134 170 
94: 27 51 133 82 144 74 86 190 6 7 128 19 162 177 110 156 107 179 129 160 62 72 76 60 150 95 16 175 118 146 46 184 66 32 130 56 102 49 90 2 187 8 69 139 104 182 53 170 9 75 
95: 122 14 63 71 192 64 130 110 185 164 153 103 144 194 170 195 88 61 178 31 40 187 100 
96: 89 74 160 16 24 63 137 124 28 58 118 21 187 83 176 23 30 57 185 145 
97: 91 63 21 
98: 116 134 46 32 191 87 53 190 141 150 81 158 131 15 24 69 60 163 18 176 68 62 184 97 67 169 154 79 23 149 30 167 104 129 47 152 126 31 
99: 13 131 5 133 128 143 18 91 107 159 117 44 62 25 145 193 134 45 150 51 118 29 
100: 123 38 158 161 79 103 83 173 151 134 94 30 34 69 
101: 88 55 195 51 170 162 84 196 164 77 101 155 26 39 199 46 144 48 89 71 197 173 56 14 98 184 125 147 66 68 
102: 184 60 151 71 55 10 37 21 3 163 116 77 103 48 32 14 183 118 121 147 134 180 85 171 22 1 45 28 35 141 164 81 6 17 104 194 5 42 196 26 97 145 30 15 160 139 155 182 69 61 199 2 169 108 57 80 149 159 
103: 108 149 150 144 121 194 70 24 162 115 51 90 189 42 159 172 169 44 22 48 106 7 171 160 183 185 47 199 175 36 49 145 186 64 34 155 8 120 58 153 57 180 102 69 54 95 82 18 146 77 86 1 52 33 196 
104: 167 105 31 89 96 156 118 
105: 197 190 164 14 100 173 10 20 198 60 76 147 70 55 196 136 72 146 129 116 24 200 117 157 177 140 152 96 163 52 41 101 2 144 88 
106: 41 143 170 101 118 24 197 126 117 79 59 5 120 111 168 31 148 102 107 127 146 98 199 35 125 116 17 169 95 196 83 56 158 82 
107: 193 197 115 
108: 105 186 4 29 139 50 63 69 16 
109: 99 179 52 189 9 192 176 
110: 165 50 185 162 40 95 12 173 114 81 174 159 170 171 35 188 8 200 149 168 126 4 43 169 
111: 91 197 178 110 65 154 76 166 106 153 124 167 101 16 20 165 129 111 12 27 193 56 187 50 58 81 68 9 137 179 37 45 40 57 142 102 115 135 46 139 80 171 158 78 31 157 183 72 181 60 67 77 5 10 192 32 70 150 17 120 173 74 161 146 162 147 188 108 151 191 164 93 143 4 
112: 159 120 12 115 92 88 190 154 164 137 161 43 16 39 15 109 103 69 113 199 55 128 155 124 157 170 20 83 19 99 125 2 107 94 130 102 106 104 142 11 162 149 169 127 9 138 111 82 66 33 79 78 3 17 76 60 7 70 73 126 194 24 179 129 147 183 135 93 29 41 168 62 68 4 63 84 21 27 151 158 91 8 189 
113: 122 124 88 109 131 43 1 193 107 199 135 12 180 
114: 179 144 59 78 118 176 58 130 
115: 150 121 119 106 194 27 136 160 12 197 29 37 90 6 116 131 46 138 21 18 74 1 154 112 124 111 88 135 65 174 40 51 35 117 128 55 157 
116: 139 118 96 149 3 157 113 195 100 138 83 200 181 167 154 170 178 144 16 36 49 182 65 103 104 128 117 186 121 
117: 30 180 186 123 88 181 7 27 113 19 33 140 133 198 188 39 171 166 150 45 142 41 69 38 121 95 56 24 9 43 44 34 2 144 156 126 152 172 107 12 82 146 83 141 183 164 29 104 76 86 87 190 182 137 58 13 134 8 
118: 1 83 45 74 25 86 106 108 136 63 113 195 5 30 198 11 90 130 57 50 
119: 165 6 155 117 157 33 130 87 98 89 85 195 167 181 200 25 161 151 34 58 35 30 100 127 158 80 145 198 101 136 27 10 4 187 86 172 32 66 74 150 51 148 16 199 70 68 170 171 189 121 44 133 120 56 132 69 162 112 156 144 24 40 191 47 61 
120: 57 129 3 63 62 52 118 142 86 91 108 147 47 99 36 171 191 88 113 98 16 106 26 38 
121: 39 21 175 174 18 63 88 149 36 163 32 193 53 24 166 189 10 
122: 69 80 127 120 102 95 60 184 20 43 61 14 26 108 153 
123: 85 2 149 5 
124: 165 23 185 48 115 100 198 87 156 105 4 192 114 113 62 180 83 110 6 68 52 135 27 101 140 37 28 76 44 91 17 124 70 98 16 49 142 55 54 129 93 117 157 57 195 97 182 147 189 38 137 186 104 8 178 84 191 95 81 80 71 73 138 42 13 200 19 67 130 118 169 194 119 30 50 145 143 51 34 154 187 102 199 47 160 179 31 155 133 89 1 59 69 196 148 
125: 182 148 196 143 86 41 171 141 69 153 92 63 160 22 166 178 127 44 66 53 164 6 181 158 93 76 7 147 149 78 3 163 28 145 26 131 100 136 188 8 168 170 73 98 118 122 110 85 15 151 62 169 21 48 79 54 183 14 184 24 194 125 61 31 140 59 138 27 175 84 129 
126: 42 96 152 105 21 169 115 164 
127: 6 51 63 40 184 162 155 172 97 183 29 30 192 118 45 139 94 27 196 84 174 3 90 76 67 178 137 28 59 121 157 69 85 9 52 39 
128: 87 182 18 29 21 12 115 190 42 1 17 173 
129: 145 110 141 22 199 75 130 73 23 159 134 144 51 128 81 76 179 97 55 108 
130: 128 89 121 55 100 28 172 165 137 132 176 83 180 91 169 10 146 119 70 170 12 195 81 38 64 98 
131: 80 100 87 108 139 125 142 4 121 49 163 178 172 195 21 38 187 47 145 70 52 102 63 32 
132: 84 72 181 139 64 66 40 141 133 17 13 37 23 126 106 18 14 124 188 47 91 122 15 151 148 143 71 123 121 189 172 113 89 1 29 117 134 33 149 171 75 80 179 69 167 6 132 94 48 30 115 27 57 200 164 34 39 187 92 85 98 20 155 120 178 52 2 118 10 74 144 125 156 42 162 142 9 157 19 83 25 50 193 59 150 192 138 62 199 137 90 183 119 36 145 176 159 194 190 161 175 
133: 164 86 23 177 68 80 10 130 128 70 199 33 21 31 65 16 98 46 78 29 92 84 6 51 118 146 
134: 36 172 4 192 138 38 180 65 163 27 64 63 148 41 
135: 141 6 148 36 101 112 88 139 58 161 
136: 13 50 17 149 198 155 66 87 158 73 16 186 22 168 49 95 197 29 143 
137: 160 113 112 139 134 8 64 107 200 44 27 
138: 193 93 118 121 92 199 32 146 197 94 4 29 87 
139: 23 197 151 88 153 196 15 147 43 161 58 
140: 75 19 193 50 174 105 
141: 108 97 
142: 113 
143: 94 59 121 149 33 29 18 164 188 
144: 98 188 87 111 186 15 196 194 
145: 69 67 
146: 154 112 
147: 116 65 13 190 57 147 181 
148: 176 85 192 96 12 199 83 71 159 9 130 174 94 184 8 89 141 
149: 108 101 24 158 134 152 
150: 124 2 154 92 
151: 78 132 66 109 24 156 29 199 115 200 11 149 62 61 79 189 123 22 162 57 45 69 120 34 112 180 182 191 96 20 81 154 18 111 77 184 119 
152: 174 16 145 89 199 131 47 31 126 94 93 117 51 58 42 29 3 
153: 114 189 44 147 148 195 72 8 144 181 11 58 24 32 91 168 126 86 128 22 56 137 30 130 162 116 170 80 150 40 109 52 183 139 3 31 99 14 20 89 191 186 27 159 4 161 94 136 193 76 42 2 68 104 132 21 55 153 69 182 65 33 10 198 157 117 
154: 190 48 70 74 106 138 84 20 157 93 176 98 104 141 147 45 191 97 59 149 78 111 43 158 60 46 80 
155: 119 172 6 
156: 152 39 117 16 44 175 97 136 92 150 58 169 193 83 118 93 45 
157: 99 121 8 13 41 48 100 77 27 159 66 112 186 50 166 106 47 
158: 113 88 119 50 152 132 31 195 129 194 3 169 27 165 123 
159: 61 162 101 31 166 192 
160: 20 3 77 199 125 166 56 176 51 101 5 44 102 30 193 126 163 13 141 4 86 46 54 
161: 106 25 
162: 78 62 65 197 136 9 74 131 112 27 188 51 165 184 145 193 13 40 182 181 152 120 166 67 61 11 137 187 17 96 3 104 43 162 189 161 196 150 153 44 31 39 34 52 81 199 111 164 163 93 157 69 50 190 192 24 180 171 14 97 99 138 
163: 17 160 41 104 56 164 172 116 
164: 186 136 29 183 62 98 104 35 94 41 19 148 11 190 47 105 188 89 68 167 106 161 24 153 10 164 20 16 162 140 138 192 142 113 92 102 82 195 199 59 
165: 135 7 104 
166: 120 
167: 19 158 
168: 190 150 172 66 40 200 
169: 112 122 116 182 124 77 27 190 39 163 142 21 15 183 200 147 194 18 37 34 10 28 65 7 120 168 199 152 58 187 86 159 19 26 131 1 23 186 128 135 195 185 32 62 2 73 119 181 99 88 165 
170: 22 45 180 66 
171: 83 9 38 44 189 28 99 102 183 170 167 103 111 179 121 156 
172: 57 90 6 165 148 36 74 44 192 119 8 188 151 141 133 93 142 16 120 175 49 134 104 156 107 186 182 103 127 106 77 161 121 153 50 138 58 34 185 24 147 99 
173: 121 160 17 85 163 175 104 42 102 53 159 57 76 127 129 61 1 27 138 137 186 120 152 115 178 157 4 21 77 198 15 28 29 195 105 95 81 50 63 128 30 44 
174: 142 192 100 49 38 111 174 128 139 132 162 112 145 60 26 3 41 150 94 24 75 115 114 180 81 176 93 171 29 184 33 143 151 136 10 126 86 44 169 110 195 135 187 105 45 66 32 14 98 51 17 
175: 187 169 6 98 107 
176: 12 132 54 59 18 90 120 164 173 32 48 
177: 18 91 124 83 121 75 131 59 114 188 120 52 
178: 136 40 70 121 22 149 75 98 61 43 80 168 173 139 13 24 21 152 64 117 73 53 169 77 12 161 14 5 157 193 33 104 18 59 196 101 140 106 172 
179: 22 17 180 173 147 59 158 176 57 89 120 19 93 121 167 106 37 129 52 130 94 
180: 68 150 30 159 130 134 82 136 27 63 101 35 142 39 156 53 16 181 48 188 163 170 187 107 75 96 108 169 38 178 52 43 
181: 155 146 31 183 77 113 40 199 180 120 194 159 84 111 132 23 118 104 181 123 139 179 
182: 24 137 8 77 91 83 109 97 171 115 116 189 42 72 122 6 31 133 
183: 147 28 48 125 6 27 87 19 194 156 167 22 71 186 122 155 67 31 116 127 98 99 42 10 51 89 60 47 153 126 
184: 110 195 161 153 154 113 114 60 158 200 132 173 7 67 166 85 22 20 33 188 159 44 18 14 197 117 148 54 92 26 65 17 112 143 190 150 64 144 174 30 142 
185: 196 159 185 194 183 177 136 139 20 176 47 127 27 156 44 160 29 181 171 189 175 31 72 56 182 138 73 131 109 88 67 178 147 85 126 22 75 158 25 161 140 32 6 137 168 17 26 43 124 42 151 133 154 8 166 104 113 98 150 82 115 10 149 118 79 46 129 4 24 91 135 144 54 89 5 173 11 58 95 74 172 186 
186: 45 98 129 151 121 109 147 
187: 179 70 18 19 112 91 12 197 1 116 95 142 15 148 53 11 118 101 164 78 94 48 35 66 153 119 46 68 124 166 140 84 125 151 172 120 196 88 27 188 183 26 79 24 195 126 167 45 171 89 97 111 
188: 88 132 173 179 9 127 131 80 196 22 128 184 78 19 83 59 77 60 146 193 147 181 84 164 170 37 2 140 40 175 5 6 85 145 134 23 135 182 122 
189: 47 93 49 50 105 61 101 31 77 161 74 11 56 184 131 40 163 125 37 120 80 89 3 180 159 162 24 95 14 109 172 22 81 140 117 158 164 128 190 193 126 18 196 156 1 
190: 5 156 13 
191: 183 
192: 78 200 199 169 190 
193: 102 
194: 73 191 52 11 30 16 174 65 89 54 194 28 137 183 44 184 71 59 153 7 107 136 
195: 61 60 113 4 47 196 55 150 147 198 40 173 160 74 162 8 186 135 112 52 108 87 36 86 53 190 64 191 187 180 18 16 145 92 31 62 29 102 193 157 177 63 
196: 187 46 91 57 21 73 141 170 142 61 168 178 149 89 132 194 189 166 127 110 
197: 123 146 191 
198: 195 
199: 59 183 127 35 113 12 
200: 192 48 90 84 151 181 127 10 189 23 46 76 61 5 130 115 43 71 191 123 126 104 196 109 
1: 189 103 169 115 45 173 58 1 42 187 65 30 128 33 31 132 53 118 124 89 113 102 
2: 53 10 88 91 1 112 132 92 4 153 105 78 47 36 123 188 89 102 150 169 48 117 94 72 49 
3: 152 92 6 112 120 78 125 38 54 3 53 189 102 160 127 153 162 116 48 17 10 66 158 40 174 
4: 111 173 108 22 112 185 3 110 54 119 24 76 81 42 65 47 124 10 153 131 48 138 4 195 160 30 134 49 
5: 123 118 78 57 49 13 188 54 99 185 178 111 22 87 3 190 160 200 19 106 102 58 
6: 155 172 125 132 94 185 133 127 188 119 124 49 135 182 102 115 74 92 183 89 10 6 54 41 175 13 
7: 21 169 36 117 94 39 72 103 112 66 30 3 165 57 194 10 4 184 56 54 50 48 17 59 125 
8: 117 1 68 185 110 48 125 112 172 148 13 182 153 33 66 89 103 195 25 124 94 47 9 72 157 78 137 
9: 83 32 36 171 148 162 188 117 92 109 111 132 1 47 89 127 48 112 94 2 13 
10: 121 1 111 54 102 82 22 72 132 4 200 47 105 78 119 169 10 85 164 133 130 174 183 185 37 153 44 
11: 79 189 40 153 39 4 118 112 187 5 47 53 88 162 164 48 185 34 194 49 63 10 25 30 58 151 
12: 199 111 112 176 113 13 187 178 58 27 110 130 115 60 117 84 61 148 31 128 
13: 190 160 60 33 23 84 178 157 162 132 136 124 88 66 21 117 48 49 1 13 147 99 
14: 80 178 153 162 101 27 22 49 189 92 76 10 66 184 125 102 95 41 174 47 84 39 17 122 132 105 
15: 30 81 78 125 169 112 102 44 173 187 32 98 3 132 66 144 53 139 
16: 108 81 124 28 79 47 94 49 70 1 136 22 111 152 180 41 156 172 119 112 43 164 194 120 133 96 60 195 116 
17: 174 22 185 132 136 128 53 106 112 78 3 173 80 111 17 124 162 163 92 70 29 50 102 24 179 184 89 
18: 91 47 189 49 14 27 128 178 151 176 177 65 169 24 73 132 187 103 4 1 48 121 143 99 115 195 98 184 
19: 59 49 88 42 179 53 164 188 183 169 23 124 140 74 37 94 31 167 78 27 187 117 21 4 112 132 66 
20: 57 184 83 22 160 122 88 132 91 3 105 185 153 71 154 164 151 70 27 60 112 111 
21: 97 102 30 47 4 196 153 31 10 178 169 115 53 88 125 173 96 14 5 6 131 89 29 128 121 19 126 112 133 
22: 85 189 129 125 13 188 184 102 153 6 60 136 3 178 151 53 103 10 183 70 170 185 179 
23: 58 66 47 124 133 181 40 23 65 90 129 10 21 188 48 169 139 132 98 200 96 
24: 33 162 149 17 112 6 45 49 182 164 178 3 119 1 117 105 71 4 53 103 88 37 70 81 121 55 27 174 189 151 25 96 98 125 187 185 106 153 57 172 48 66 
25: 161 118 132 31 10 13 119 70 89 58 66 49 35 99 185 3 47 
26: 32 66 174 27 101 81 184 169 57 185 17 79 122 4 187 102 30 120 3 125 
27: 137 48 153 62 158 187 162 78 94 180 112 111 49 47 124 127 169 70 125 117 84 157 29 185 134 13 119 183 37 173 20 132 115 
28: 38 124 194 70 127 88 102 17 125 39 173 10 30 96 171 78 130 169 183 27 
29: 99 138 26 20 164 174 47 136 108 17 10 81 152 151 117 127 173 185 53 115 30 112 195 6 62 143 128 132 133 
30: 86 52 118 119 160 100 96 173 194 30 31 184 127 180 132 98 47 78 117 153 124 13 24 102 10 27 
31: 98 195 181 159 44 111 49 8 104 40 152 124 106 189 78 162 95 182 133 183 66 1 153 185 125 17 84 158 
32: 131 65 138 17 121 30 36 13 78 119 169 111 71 174 185 94 73 47 98 176 48 40 102 153 
33: 42 29 119 70 132 62 184 78 10 143 133 13 112 92 117 58 178 153 47 57 174 103 
34: 46 151 51 103 10 80 49 4 119 100 72 28 172 92 162 53 47 117 85 3 124 132 71 14 169 25 65 
35: 75 47 30 199 187 3 22 119 110 84 180 48 53 78 115 164 92 106 102 88 
36: 76 66 79 65 24 135 121 116 75 172 63 1 25 49 195 134 120 103 132 
37: 25 47 78 115 111 169 1 85 179 71 124 4 73 36 92 66 13 75 91 76 132 22 40 188 102 189 90 49 
38: 120 84 13 171 100 134 131 117 53 10 180 174 31 70 28 46 130 47 61 30 4 81 124 88 79 
39: 127 30 11 156 73 169 48 78 121 117 180 132 91 101 60 65 24 19 112 13 68 47 162 
40: 73 178 48 111 55 4 95 78 63 19 181 51 119 188 47 110 60 80 115 162 17 153 127 3 195 132 189 168 
41: 134 164 92 112 163 28 117 11 106 174 125 33 47 10 25 60 105 71 31 30 157 57 
42: 19 124 92 17 173 31 22 185 132 153 83 102 23 61 183 1 152 57 78 126 79 103 128 4 48 182 32 3 
43: 180 30 117 178 162 139 10 154 110 48 122 34 40 112 27 47 113 185 57 200 3 
44: 173 37 184 47 89 117 52 194 172 124 103 160 40 26 156 162 23 56 174 125 99 25 48 119 153 185 137 53 1 171 46 
45: 156 174 23 4 91 88 3 102 187 151 154 170 14 20 117 99 49 87 57 127 186 118 6 111 
46: 39 200 154 48 1 98 3 101 73 115 33 84 111 65 187 160 91 196 25 133 89 185 85 81 23 94 
47: 157 183 195 131 189 103 132 41 6 164 27 65 88 3 1 185 98 124 28 23 92 152 119 53 120 48 54 17 40 
48: 176 103 17 183 49 187 200 14 157 125 132 21 78 101 180 102 46 54 3 124 44 6 90 32 154 
49: 12 172 3 22 10 103 94 88 131 62 32 68 189 174 78 27 116 71 124 136 65 
50: 118 48 3 158 21 189 157 111 108 39 65 173 132 17 27 4 140 53 136 110 11 162 172 10 124 
51: 4 1 40 47 99 88 52 174 94 127 152 119 160 48 49 129 25 83 61 19 133 101 183 124 115 162 103 
52: 177 30 109 120 194 132 131 22 162 10 89 17 48 58 153 195 179 36 127 103 124 180 105 
53: 51 39 195 89 44 180 178 31 82 187 173 125 92 121 94 4 98 54 59 57 
54: 160 10 71 22 185 24 124 194 54 176 184 47 26 103 36 125 3 
55: 7 13 62 101 112 102 130 129 115 195 105 47 4 31 49 53 1 70 153 89 124 
56: 71 163 160 119 10 30 185 111 3 37 117 27 189 66 59 65 153 94 106 101 49 4 92 47 
57: 56 120 4 173 81 10 118 179 79 72 13 53 3 92 196 147 89 28 111 132 25 172 96 48 102 103 62 124 151 
58: 139 172 90 31 53 26 17 57 72 96 27 40 153 117 24 81 114 44 185 103 156 76 47 11 169 119 89 111 135 152 88 3 
59: 164 178 176 199 63 114 127 57 10 132 154 124 177 48 125 188 194 179 106 143 53 
60: 28 36 57 8 68 4 184 49 174 22 94 98 72 188 183 154 112 105 81 30 89 102 111 73 78 195 122 
61: 119 66 189 78 5 54 173 200 122 159 151 178 195 75 17 1 48 84 102 125 162 95 196 13 
62: 89 94 65 151 164 195 124 169 4 125 88 30 99 79 120 112 98 132 62 26 3 162 13 
63: 195 121 97 131 96 4 108 92 118 70 17 173 180 23 95 112 1 120 125 44 57 47 134 127 27 3 
64: 41 132 184 103 178 137 13 37 88 47 48 30 66 130 195 42 10 134 95 
65: 74 66 4 147 10 40 115 162 111 19 133 3 81 184 116 78 53 22 194 47 169 13 134 23 153 
66: 170 101 187 70 14 94 49 3 125 157 17 151 58 61 119 112 132 4 27 174 1 168 136 81 
67: 145 70 39 53 3 56 89 183 111 98 184 124 185 30 48 162 47 57 127 
68: 101 112 180 23 31 79 3 133 153 49 92 30 37 6 66 65 124 98 70 1 111 119 187 164 
69: 100 4 66 49 119 108 153 53 30 94 122 151 103 124 47 17 98 42 5 125 162 145 127 132 117 102 112 24 29 
70: 63 124 103 54 178 22 1 4 52 49 111 133 88 53 17 187 154 23 65 130 119 6 131 105 60 112 
71: 2 70 101 200 3 95 132 30 194 183 81 124 148 10 102 
72: 65 13 182 88 153 62 57 66 47 9 4 3 132 11 94 185 105 111 92 81 
73: 48 125 112 3 185 80 124 73 78 136 129 91 178 169 70 25 36 57 1 10 47 194 196 
74: 68 34 27 94 4 29 1 115 189 36 72 172 162 185 154 96 3 195 111 132 30 118 119 40 
75: 94 180 140 48 49 90 177 174 5 47 178 89 66 53 185 68 10 129 42 92 57 132 
76: 1 127 153 62 63 111 13 88 200 3 73 117 112 105 6 40 125 173 48 4 124 94 129 36 
77: 15 22 76 189 70 173 160 57 50 157 188 103 1 42 30 102 111 17 151 182 172 178 78 101 169 40 80 4 181 
78: 24 125 57 114 111 49 112 151 31 63 187 17 188 29 1 65 9 162 15 133 154 192 
79: 82 187 98 48 71 57 46 88 112 1 78 106 100 17 23 185 6 151 90 10 27 125 
80: 154 24 132 27 1 131 178 124 188 14 153 111 4 189 31 36 122 49 133 102 119 
81: 88 66 129 151 124 3 17 111 174 68 31 40 48 1 23 62 173 22 59 98 110 4 162 130 189 92 102 
82: 106 180 31 17 164 103 65 49 29 53 89 112 185 94 92 66 117 63 
83: 18 100 177 148 80 106 40 39 33 21 10 1 156 96 116 81 124 130 188 22 182 11 112 47 117 132 3 171 118 
84: 43 21 49 200 4 36 91 188 88 112 127 124 72 73 47 187 133 101 132 57 14 125 154 181 
85: 34 36 123 53 32 58 27 125 132 184 119 72 3 4 57 173 47 1 42 185 102 188 127 148 
86: 37 49 57 118 52 91 13 119 160 47 120 48 169 4 133 9 174 25 94 117 195 153 125 103 88 78 
87: 138 131 119 65 128 70 57 195 92 47 34 10 88 144 136 71 4 117 98 183 124 1 73 
88: 105 121 187 73 139 158 113 79 185 25 29 188 135 70 66 7 115 112 169 24 10 27 53 117 120 95 23 4 49 101 
89: 14 179 78 84 6 124 101 183 185 89 40 31 3 153 196 164 104 36 152 130 96 148 92 132 189 187 194 47 119 43 
90: 13 94 91 118 3 132 40 127 90 65 176 53 172 200 115 103 1 17 
91: 90 53 97 30 44 120 99 130 66 124 185 23 182 187 112 62 111 132 153 3 177 1 25 196 
92: 150 73 156 13 132 164 138 91 53 133 48 112 195 184 4 31 125 88 66 
93: 61 47 1 53 124 152 4 13 81 138 154 49 172 88 162 76 189 125 174 66 112 45 30 156 42 78 17 179 87 68 70 111 31 
94: 179 143 3 33 47 100 153 164 152 127 78 84 81 54 112 39 138 187 20 57 174 132 66 68 56 148 15 6 48 
95: 5 33 185 103 189 23 110 187 124 50 53 94 84 80 46 117 136 106 25 78 4 122 173 48 
96: 72 61 148 47 162 25 33 6 126 65 104 73 180 151 29 116 53 30 36 80 105 76 57 
97: 141 73 182 154 53 4 59 156 27 187 129 10 49 124 66 98 40 17 102 33 70 127 48 162 30 3 
98: 130 175 78 36 119 125 23 62 183 75 186 154 133 47 178 120 106 144 132 164 124 61 101 3 174 185 
99: 172 58 17 120 33 153 21 109 9 171 169 183 157 63 162 112 40 86 
100: 95 10 116 52 174 65 119 105 44 130 89 68 124 125 88 47 23 157 131 32 26 67 
101: 10 53 101 59 65 180 189 47 149 106 160 178 80 187 1 33 135 105 111 124 119 159 
102: 193 92 171 195 81 1 88 131 52 94 122 111 47 160 112 73 17 106 173 164 44 48 103 4 62 124 65 
103: 35 31 171 47 86 172 112 92 13 116 102 14 62 100 27 95 4 28 49 88 
104: 165 200 6 154 163 10 70 80 112 78 178 19 94 116 49 5 3 26 124 59 164 185 98 181 47 102 13 172 153 53 173 117 162 60 
105: 140 33 88 49 1 164 124 36 66 174 47 62 104 126 108 173 189 19 4 57 91 
106: 60 6 157 13 178 111 68 154 79 1 115 118 103 132 57 65 179 164 172 120 112 161 
107: 175 41 99 180 117 31 113 17 106 112 47 194 22 94 54 172 137 
108: 129 47 23 149 59 76 52 120 131 88 102 83 122 81 19 195 3 89 118 141 103 180 111 71 
109: 200 182 37 53 112 22 89 189 153 151 49 47 24 113 1 186 25 185 21 46 71 
110: 196 174 129 36 10 125 1 184 111 94 70 95 30 42 58 92 13 22 124 
111: 187 24 171 53 47 112 72 154 115 13 111 181 3 144 162 106 48 174 44 151 4 
112: 146 47 15 30 25 3 48 184 174 151 115 162 49 169 137 78 195 31 187 135 73 53 28 157 4 119 88 10 
113: 142 124 120 132 23 199 3 65 10 117 137 164 181 1 158 112 118 184 27 46 185 116 47 48 195 42 
114: 16 59 37 29 153 49 177 65 88 76 110 55 184 81 48 47 84 10 124 34 174 
115: 107 71 182 185 112 80 132 92 174 173 23 34 56 36 111 103 62 25 124 17 47 57 126 128 44 151 3 200 
116: 163 43 80 10 73 169 183 30 106 47 88 105 4 17 42 147 85 182 153 115 91 102 3 49 187 98 
117: 153 71 57 124 11 79 152 99 189 184 14 106 105 119 48 156 115 4 36 132 83 17 116 178 42 
118: 104 66 120 57 33 40 73 156 106 133 138 116 47 187 125 30 102 52 49 132 124 114 1 127 185 94 38 181 96 99 
119: 151 172 30 27 90 24 158 40 3 132 48 124 23 53 54 47 1 14 169 155 187 130 63 115 
120: 166 83 103 177 181 23 112 3 4 106 187 119 32 89 176 189 79 111 49 66 122 81 13 162 151 173 172 36 132 169 44 179 85 
121: 116 186 178 157 73 53 179 173 171 92 115 6 13 177 127 143 119 102 49 130 38 36 131 103 65 138 172 31 3 132 117 
122: 188 31 125 65 182 78 23 30 46 29 183 19 113 17 53 48 3 60 169 34 13 95 132 47 89 
123: 158 117 57 14 89 27 72 47 151 181 36 100 44 81 79 23 10 3 200 76 48 70 132 49 197 
124: 17 169 150 34 92 187 47 89 177 78 68 73 115 132 88 60 13 112 66 111 185 124 4 79 96 113 1 61 3 49 14 
125: 6 47 1 37 4 49 91 189 20 131 132 101 25 160 125 72 187 183 112 70 106 22 3 
126: 183 117 98 10 132 174 112 39 29 110 160 30 152 189 200 153 4 187 185 89 106 
127: 22 62 29 173 196 172 47 3 84 48 199 125 122 185 1 188 4 71 30 39 119 106 92 112 200 183 23 89 
128: 27 189 130 115 83 153 112 47 99 93 173 88 129 39 3 133 169 53 78 48 13 94 116 84 40 174 188 72 30 
129: 125 3 57 111 48 112 13 10 124 158 14 89 179 17 185 186 30 56 53 94 120 98 31 173 73 105 
130: 114 119 153 179 30 118 56 49 112 72 180 46 94 133 42 3 129 59 1 200 148 36 66 124 14 47 95 
131: 84 76 185 189 99 42 177 152 47 169 73 115 89 113 125 162 28 188 86 48 88 26 98 59 4 
132: 23 65 87 174 130 158 153 188 30 3 119 176 4 132 181 29 184 151 31 196 
133: 182 185 1 49 10 81 46 3 79 132 70 60 30 74 117 99 31 25 172 124 94 65 48 119 84 
134: 36 102 99 188 132 117 47 129 22 3 172 28 65 180 1 137 149 100 23 98 48 93 
135: 81 112 48 165 188 63 113 185 174 47 169 73 10 45 115 195 124 22 111 
136: 194 174 125 13 83 1 44 105 62 50 3 153 185 48 119 162 30 164 156 49 27 47 4 180 17 118 115 88 178 
137: 31 88 130 111 49 78 153 185 112 48 117 1 30 182 132 4 173 3 127 96 54 47 13 162 194 61 124 
138: 162 49 112 125 132 124 164 115 154 185 116 53 30 44 172 92 173 31 134 48 
139: 69 178 54 47 127 137 13 131 102 132 10 181 135 92 15 185 108 153 78 94 68 116 40 111 174 
140: 52 66 3 71 79 105 117 6 23 91 188 185 17 85 125 25 178 1 48 124 57 164 4 63 187 189 88 
141: 148 1 76 102 14 22 35 27 117 125 66 154 61 98 129 135 48 49 92 172 65 19 3 13 30 132 160 196 88 47 
142: 184 187 112 1 90 196 30 66 17 6 47 169 174 131 132 120 172 31 124 164 117 180 75 111 89 36 3 49 
143: 136 132 184 124 17 10 125 106 88 174 81 99 3 14 111 1 
144: 55 116 101 47 132 1 95 184 48 94 153 119 54 29 117 105 129 30 114 103 85 78 24 81 72 185 88 
145: 96 3 129 13 131 103 63 4 195 119 14 88 188 102 174 46 124 57 162 48 59 78 38 66 10 152 132 125 99 
146: 133 138 105 130 62 22 117 1 181 4 65 39 111 79 47 197 103 3 55 188 94 106 
147: 186 195 172 188 183 147 139 65 154 24 111 4 80 39 125 124 153 105 101 179 92 66 112 169 185 120 13 47 81 102 
148: 124 25 132 47 125 172 92 71 164 70 119 153 3 187 4 134 135 106 184 
149: 44 65 47 185 112 132 24 123 151 178 71 22 4 98 154 73 102 116 49 91 9 59 103 143 110 196 57 1 136 30 121 125 17 
150: 49 98 88 168 69 94 103 20 185 84 45 65 162 14 115 66 180 184 4 53 156 174 132 153 99 119 27 68 195 117 1 3 111 
151: 50 73 100 17 27 172 47 102 125 4 174 200 187 139 91 81 26 65 3 78 48 38 71 119 132 56 10 112 111 31 186 185 
152: 149 37 26 162 13 68 6 91 117 158 105 4 84 57 156 169 73 89 173 178 126 98 70 34 
153: 122 66 13 30 164 57 153 111 162 187 3 95 47 125 53 88 90 183 184 139 63 194 103 49 172 
154: 92 71 65 185 86 6 146 111 112 84 38 116 150 89 124 184 1 47 151 66 115 73 98 3 88 
155: 29 62 81 101 75 13 78 27 112 102 66 103 47 181 183 4 49 136 132 119 30 10 57 124 23 127 
156: 171 172 17 53 25 89 13 4 119 124 151 48 132 183 185 117 189 42 37 56 30 190 104 3 94 180 
157: 115 116 195 112 24 111 127 173 63 154 27 25 47 124 153 119 162 40 105 17 178 132 
158: 167 73 119 189 100 136 154 111 179 13 90 1 106 185 98 29 112 184 125 68 149 
159: 102 68 189 103 180 184 73 13 153 90 110 72 49 1 112 157 181 185 132 6 169 148 30 173 99 129 79 
160: 66 30 115 72 91 185 195 31 3 137 23 10 103 163 94 36 124 60 96 79 102 62 173 125 40 
161: 135 24 153 100 132 112 184 119 70 17 172 178 139 164 185 36 65 189 92 162 111 30 
162: 9 47 111 49 53 162 164 132 26 189 119 94 127 23 103 110 159 174 101 112 195 88 153 92 151 
163: 45 70 121 169 92 189 17 162 180 160 102 98 105 4 47 40 49 125 131 134 173 73 
164: 126 21 111 88 62 143 46 133 188 49 23 33 60 117 24 189 101 105 34 3 102 163 176 125 57 162 4 132 81 187 59 95 112 164 30 
165: 169 110 130 119 158 1 3 172 63 19 162 111 89 40 10 124 70 13 47 
166: 62 160 60 54 125 185 3 47 184 111 157 4 117 36 48 159 70 121 162 196 42 29 187 
167: 3 179 132 92 183 49 98 111 104 116 171 81 53 187 48 164 119 
168: 70 20 178 169 106 1 196 136 110 88 112 19 47 125 185 65 153 62 
169: 110 156 102 192 106 130 178 158 3 76 180 60 49 124 78 175 103 85 47 174 67 17 98 4 10 126 125 112 
170: 93 112 101 153 106 130 88 6 66 180 196 81 10 125 95 119 53 13 30 110 188 116 94 1 171 78 60 65 
171: 77 117 125 47 132 185 7 62 60 103 110 65 48 119 53 13 120 182 49 174 111 102 162 187 19 10 1 78 
172: 178 57 117 119 132 130 40 168 53 185 80 62 127 163 134 78 103 4 189 31 131 155 187 70 
173: 128 27 100 178 47 74 17 185 176 101 6 110 111 188 195 105 75 40 38 184 84 179 33 
174: 54 152 10 121 110 194 56 140 47 40 14 35 30 127 115 48 148 84 184 174 
175: 132 17 125 53 173 121 103 48 36 188 81 10 60 94 59 84 49 66 65 185 88 172 23 156 
176: 109 148 22 39 179 53 30 5 154 96 47 174 185 3 98 132 31 65 160 130 114 
177: 11 27 72 14 133 89 185 4 10 47 17 195 94 3 105 6 
178: 26 81 131 173 46 180 132 127 185 3 17 95 111 14 40 124 116 125 90 66 22 32 1 72 196 
179: 181 111 132 18 49 36 129 109 26 73 188 94 53 112 171 124 187 114 19 24 47 78 
180: 113 102 124 66 151 130 46 170 189 174 117 49 17 10 195 4 134 72 73 103 181 179 39 162 
181: 147 73 111 125 169 13 65 117 4 180 10 36 153 181 48 31 200 132 119 162 40 188 6 47 49 116 66 185 
182: 20 75 117 17 185 47 162 153 40 124 57 172 169 125 94 62 1 27 151 102 128 89 49 116 188 31 
183: 191 27 117 62 1 103 112 181 111 13 185 169 19 132 41 171 125 10 199 48 88 187 153 63 164 102 127 57 194 
184: 78 98 101 87 30 57 188 70 22 127 174 125 194 162 4 94 148 79 17 73 122 151 48 189 10 102 
185: 67 32 17 110 185 96 103 4 172 95 49 36 169 47 25 27 124 
186: 185 10 3 103 173 24 48 117 71 124 144 78 47 172 53 72 157 164 83 195 169 89 136 183 108 153 116 6 
187: 64 124 196 132 131 88 3 10 6 195 62 96 80 119 39 95 111 175 174 162 47 57 94 71 48 169 180 66 
188: 143 144 117 177 180 184 10 6 162 1 75 132 47 49 79 125 44 187 164 17 3 172 41 57 110 39 72 111 
189: 112 103 57 200 47 60 121 151 23 3 6 53 124 182 185 171 153 10 132 44 162 109 196 119 1 81 92 4 80 27 
190: 192 164 195 168 68 154 189 30 37 88 184 147 112 92 162 128 17 71 132 105 22 50 98 10 94 3 70 117 169 
191: 197 119 39 78 154 151 98 70 124 14 194 153 71 3 15 30 65 200 23 120 195 24 5 84 6 111 
192: 159 132 95 172 25 164 162 174 90 3 124 47 36 13 41 65 148 111 200 4 134 127 109 38 48 49 
193: 8 48 121 91 63 1 66 99 156 178 107 92 132 73 33 160 188 162 138 10 140 189 35 84 81 111 195 113 153 
194: 144 169 81 158 125 185 13 124 49 194 5 71 36 56 183 112 181 92 10 47 132 196 115 103 28 66 95 102 22 88 57 
195: 198 169 184 116 48 17 30 118 130 10 164 53 3 49 79 31 187 95 124 131 153 173 174 101 158 119 
196: 103 195 187 188 200 178 124 144 17 139 101 19 102 3 105 127 71 162 22 125 73 11 40 106 78 185 53 4 189 29 
197: 40 27 10 107 47 92 105 53 184 106 39 162 136 31 139 138 73 101 111 115 58 77 6 88 187 
198: 87 53 195 78 6 136 26 119 57 153 62 47 29 173 42 105 124 59 118 23 25 65 117 
199: 47 112 71 132 103 4 133 181 72 113 148 169 129 101 106 76 162 48 88 164 138 119 152 102 124 49 160 192 151 60 
200: 168 119 47 184 169 151 105 137 52 21 132 62 25 1 6 192 50 124 110 78 10 116 88 92 81 



Updated preference list above: can be reinput into program.
Duration_ModCreation_milliseconds: 874
Duration_GetSolution_milliseconds: 58
Duration_CollectRes_milliseconds: 0

RawResults: 
189 53 152 111 123 155 21 117 83 121 79 199 190 80 30 108 174 91 59 57 97 85 58 33 161 32 137 38 99 86 98 131 42 46 75 76 25 120 127 73 134 19 180 173 156 39 157 176 12 118 4 177 51 160 7 71 56 139 164 28 119 89 195 41 74 170 145 101 100 63 2 65 48 68 94 1 15 24 82 154 88 106 18 43 34 37 138 105 14 13 90 150 61 179 5 72 141 130 172 95 10 193 35 165 140 60 175 129 200 196 187 146 142 16 107 163 153 104 151 166 116 188 158 17 6 183 22 27 125 114 84 23 182 36 81 194 31 162 69 52 148 184 136 55 96 133 186 124 44 49 50 149 122 92 29 171 115 167 102 66 135 9 45 126 169 62 3 70 110 93 77 178 128 54 132 109 11 26 181 113 147 20 191 78 67 185 64 143 112 192 197 159 8 144 198 103 40 87 47 168 

Duration_Total_milliseconds: 1618

exitCode 0
code/Main_GS completed
