200
1: 67 132 74 178 18 151 92 72 140 54 93 157 25 168 35 147 109 199 43 102 55 53 103 177 170 9 73 56 20 125 127 14 152 58 26 21 97 183 115 82 6 113 70 85 68 52 108 
2: 192 158 169 32 187 23 186 86 15 179 195 109 12 48 117 102 151 176 28 120 181 194 80 60 166 13 
3: 142 68 14 184 42 143 101 128 176 115 160 194 91 24 58 182 47 151 18 152 172 78 6 162 81 111 190 135 23 39 79 195 12 7 117 28 41 61 171 163 173 147 43 123 122 156 102 26 50 185 153 164 9 34 136 119 129 132 133 
4: 21 111 170 74 148 32 59 2 
5: 130 188 61 119 48 104 49 32 73 140 7 143 187 
6: 18 184 172 10 79 68 35 74 150 156 179 52 55 102 20 123 109 98 51 72 8 48 43 163 112 192 50 146 60 36 62 183 16 104 182 95 
7: 1 190 38 114 137 166 91 51 64 119 172 187 96 47 132 63 125 98 72 66 163 171 135 106 69 176 131 145 138 28 149 129 142 165 24 150 6 94 22 35 108 141 124 12 42 146 
8: 58 198 189 171 113 110 118 106 184 190 67 68 181 
9: 108 182 43 184 4 169 168 154 73 178 54 174 116 87 90 6 179 35 186 114 84 79 8 170 162 47 102 65 33 127 151 36 124 171 195 139 96 70 185 49 103 192 172 134 
10: 179 145 150 86 22 156 17 95 21 82 111 
11: 146 14 58 116 60 15 35 150 92 90 
12: 77 73 61 40 75 101 164 55 
13: 27 40 32 197 119 200 196 161 84 18 193 
14: 200 40 68 142 73 7 43 18 141 80 162 136 24 134 109 54 33 63 123 133 4 120 41 16 150 166 75 135 
15: 177 90 17 142 171 190 98 32 65 144 82 200 68 16 50 123 170 119 110 26 180 91 195 14 139 87 191 22 143 13 189 34 77 103 1 198 79 172 86 58 133 111 136 61 2 134 193 8 176 46 173 153 89 100 104 43 
16: 68 147 141 182 11 157 78 25 156 48 193 173 39 127 169 27 163 4 
17: 56 76 103 37 49 179 168 116 199 92 132 58 151 24 31 84 119 106 
18: 21 96 132 117 13 191 26 129 61 154 76 84 197 192 194 138 136 130 67 108 15 37 100 19 41 183 16 17 22 11 75 58 195 87 72 122 150 200 173 141 105 109 176 125 166 140 155 83 35 106 46 20 78 111 57 104 137 65 152 142 139 143 86 56 186 52 172 179 123 64 120 55 36 128 74 177 32 187 157 118 156 102 1 80 168 38 70 196 79 30 8 189 171 89 185 198 42 169 110 14 127 121 164 115 165 
19: 45 17 168 67 30 87 182 52 148 61 144 93 142 188 75 44 91 138 14 102 153 63 65 54 136 57 
20: 93 
21: 11 131 6 127 25 78 124 101 108 200 136 76 96 106 183 179 60 199 132 133 16 36 22 24 107 155 139 159 172 26 37 180 115 177 40 118 63 122 94 7 128 79 23 189 92 95 48 151 21 82 195 58 45 15 14 85 148 116 2 64 117 173 188 185 39 56 46 29 75 
22: 28 125 99 24 100 130 84 44 69 195 17 138 155 132 141 170 57 153 38 87 73 41 45 11 29 52 107 51 
23: 83 53 121 108 122 158 34 191 62 16 178 186 195 24 75 32 187 9 168 14 33 29 197 28 10 101 99 64 63 43 72 175 143 30 171 6 22 137 190 153 163 115 79 114 41 162 76 42 170 96 180 112 45 148 127 92 142 21 55 183 89 199 130 15 176 196 120 139 
24: 193 59 159 117 34 158 86 69 126 72 91 136 84 113 194 6 134 80 168 105 198 49 58 10 83 162 32 106 196 197 23 52 30 61 13 25 2 188 181 165 153 127 56 41 90 53 183 110 11 143 88 155 98 156 147 19 1 17 137 111 54 96 22 81 8 20 140 93 51 79 186 133 3 85 167 120 121 89 
25: 92 25 90 52 23 146 126 42 93 159 160 
26: 157 23 161 113 191 118 150 166 4 189 61 177 108 179 38 105 95 17 29 27 175 44 185 123 162 82 11 146 73 154 86 165 31 135 7 50 173 39 156 136 19 53 79 131 184 91 9 13 90 67 
27: 6 103 143 56 90 142 42 7 160 177 154 174 135 88 191 150 75 29 146 152 8 129 91 48 176 121 40 10 144 58 190 172 173 1 
28: 46 57 34 92 137 128 172 184 94 45 109 139 169 149 54 171 9 126 29 77 162 191 10 23 83 96 60 85 12 30 101 38 7 200 193 82 105 164 67 103 
29: 161 60 17 69 
30: 66 
31: 98 176 187 147 25 73 94 30 60 43 110 37 91 40 36 3 39 77 118 190 6 113 135 144 45 170 193 140 61 70 166 59 50 172 137 163 92 155 1 53 139 76 79 180 86 52 124 34 142 177 23 168 131 80 20 186 191 31 146 141 127 185 175 159 
32: 110 79 68 194 12 
33: 178 176 50 31 139 121 9 90 35 
34: 42 80 8 138 14 
35: 164 28 191 139 18 32 83 65 175 110 70 69 10 166 36 163 37 197 193 105 198 102 89 68 48 51 147 41 47 66 59 62 159 170 106 194 178 149 91 17 136 100 137 60 35 23 7 54 98 143 76 132 118 95 189 2 183 80 160 142 116 97 121 16 21 33 42 123 124 22 
36: 24 4 181 65 15 176 135 200 80 118 152 142 188 178 54 159 28 33 166 46 182 85 143 192 
37: 167 109 24 78 190 12 1 41 8 165 95 166 169 3 34 122 96 92 134 189 23 138 97 135 31 142 145 84 67 90 132 112 199 6 91 115 125 118 
38: 118 142 162 37 97 54 77 23 121 12 5 111 145 113 96 129 89 91 131 42 122 17 168 
39: 89 83 40 148 
40: 123 33 61 94 12 60 120 55 97 74 195 179 95 135 78 30 62 39 
41: 133 59 116 52 
42: 73 153 66 129 63 5 17 133 38 61 56 15 115 2 89 14 29 191 164 117 145 
43: 69 47 113 173 30 179 87 80 94 7 175 48 143 57 146 100 197 29 9 24 95 127 4 46 8 137 45 182 53 102 99 177 84 169 149 191 56 136 123 112 96 126 49 131 41 18 196 128 188 54 89 115 125 93 122 105 134 108 184 22 155 124 52 1 140 120 97 59 160 10 190 101 79 144 163 180 88 2 187 5 161 153 74 63 200 154 13 20 23 114 17 151 72 172 55 133 198 26 73 157 43 61 71 158 107 159 111 130 28 165 40 19 135 67 83 194 118 75 104 68 
44: 55 41 21 96 147 189 183 74 23 36 133 31 121 153 40 169 17 90 64 105 50 161 4 165 6 56 158 194 141 128 27 99 16 175 149 199 132 75 184 103 172 162 160 29 15 170 187 102 8 68 171 46 154 106 181 54 124 5 173 89 118 97 168 150 137 28 12 24 33 69 53 82 61 79 9 58 115 131 164 155 125 60 92 72 91 143 81 180 38 186 120 39 114 197 122 93 51 130 37 139 34 73 20 144 32 71 7 
45: 108 172 117 149 141 178 5 150 46 23 190 104 97 133 122 163 110 127 167 164 105 84 152 31 24 
46: 192 30 158 176 200 179 36 9 130 22 1 166 128 87 141 78 92 67 101 171 165 120 52 131 195 
47: 72 135 102 133 30 24 12 162 28 87 95 56 112 156 86 57 140 110 8 11 103 126 39 180 137 164 168 115 200 127 147 161 172 167 124 83 97 153 43 197 46 32 130 179 160 143 26 40 195 100 175 98 14 78 60 165 107 16 66 85 138 42 183 23 50 182 37 181 158 136 131 31 171 51 196 119 20 9 36 134 148 199 118 94 117 163 114 96 7 169 
48: 151 137 102 178 6 22 160 194 148 8 18 33 161 11 62 68 53 124 29 111 34 67 38 78 126 15 42 99 58 14 77 28 142 69 105 131 133 163 
49: 112 182 66 30 194 131 161 6 46 137 166 197 105 37 73 1 111 26 130 143 
50: 99 50 88 20 7 85 170 188 56 131 124 55 104 161 72 117 120 183 96 102 83 46 70 190 36 105 21 
51: 142 182 196 132 85 71 
52: 121 78 
53: 144 176 50 155 124 62 70 44 24 47 71 75 122 26 133 6 76 10 187 109 111 181 123 57 7 42 104 101 194 39 27 191 97 1 167 15 151 129 162 132 33 182 99 173 116 66 60 169 178 19 4 128 120 79 143 61 141 65 110 188 107 134 186 137 153 158 103 32 43 100 147 92 193 51 8 146 108 95 2 52 22 18 159 12 34 175 171 80 154 174 73 56 68 3 31 74 152 184 90 98 11 77 117 192 177 85 164 139 20 54 149 93 72 189 118 82 140 180 161 102 46 121 185 9 168 183 87 40 17 23 135 165 131 49 156 37 198 163 106 115 25 196 130 41 142 119 200 96 126 35 58 114 45 138 127 
54: 46 6 117 22 180 131 169 27 90 155 190 8 112 126 36 148 139 76 91 25 53 92 84 114 198 65 55 191 71 79 66 59 120 35 183 48 138 96 14 193 168 116 5 105 100 94 51 173 104 12 127 39 134 174 154 157 167 187 128 83 86 199 184 141 192 40 119 20 151 142 146 26 175 89 166 11 78 122 178 18 31 93 196 194 113 87 179 17 16 200 165 3 37 7 50 81 
55: 195 44 14 179 163 134 108 101 54 100 50 102 114 23 189 79 22 192 2 38 37 153 121 78 87 139 69 56 35 142 85 81 178 129 95 132 86 137 92 176 53 36 99 70 185 127 105 107 128 7 80 31 89 10 169 67 33 49 151 173 3 66 198 73 149 156 27 159 45 113 160 11 184 124 118 84 20 164 60 62 96 
56: 130 174 140 155 164 133 117 66 180 1 198 9 151 21 124 61 
57: 52 56 101 89 21 88 151 30 192 161 181 97 100 94 121 62 5 199 85 13 1 125 119 
58: 179 23 64 
59: 69 102 121 31 44 170 9 50 171 64 47 187 128 177 46 195 37 74 198 178 38 137 172 35 36 166 4 100 193 19 161 134 55 148 73 24 132 176 140 70 2 90 150 22 191 101 71 179 180 184 158 167 
60: 99 32 103 111 33 14 27 6 178 7 187 112 17 150 5 146 96 113 114 57 93 198 41 142 152 162 87 37 12 123 38 79 89 106 137 118 86 80 67 55 44 8 48 50 116 53 179 122 3 155 159 165 185 154 135 81 15 95 18 61 115 40 192 176 70 177 39 196 184 189 182 
61: 36 9 162 73 34 137 
62: 65 88 4 112 28 96 72 155 63 144 163 12 33 78 160 23 102 106 51 179 64 17 66 170 19 54 180 
63: 105 119 178 56 166 93 36 184 17 22 172 169 159 5 
64: 159 65 166 131 
65: 153 147 69 97 
66: 28 115 61 99 114 44 95 181 172 129 151 124 193 126 160 107 36 138 104 83 141 135 72 184 63 111 195 185 157 150 24 197 178 159 15 60 38 37 90 78 84 41 57 162 127 40 59 
67: 15 66 5 103 116 125 50 61 54 30 191 42 109 153 64 162 
68: 144 135 5 33 91 125 6 121 30 171 69 58 110 129 169 35 70 117 12 189 148 8 119 89 195 80 175 123 143 87 73 185 118 174 184 115 159 50 
69: 9 179 44 186 53 200 22 25 89 31 20 173 163 32 126 
70: 43 16 18 190 31 64 45 113 109 67 125 1 81 34 69 136 150 41 79 13 147 82 104 130 124 172 24 100 6 3 78 153 161 39 179 58 118 164 32 143 195 159 189 200 95 57 98 193 80 157 
71: 42 131 16 62 123 93 103 184 32 179 162 91 181 97 95 146 149 71 119 2 13 11 82 115 7 134 98 156 49 193 126 56 104 100 28 114 52 8 165 22 48 70 152 169 19 94 46 
72: 150 146 94 58 181 42 194 134 112 132 138 34 164 186 195 17 185 16 147 114 55 90 126 199 155 120 71 170 172 80 116 29 63 15 178 
73: 84 150 97 136 57 155 86 46 10 60 159 156 5 31 189 196 64 94 104 137 149 151 133 160 79 131 186 200 127 90 65 124 44 119 30 54 62 29 100 87 74 8 
74: 148 100 88 
75: 107 121 159 200 
76: 27 134 62 61 124 127 6 64 1 73 123 83 94 198 126 10 137 29 22 166 138 92 26 177 129 3 154 7 96 165 89 33 12 111 68 82 184 155 199 183 163 99 139 84 47 75 170 118 167 72 58 57 136 91 11 
77: 167 49 59 191 133 119 47 150 63 20 190 83 120 148 103 41 177 40 101 56 192 123 187 199 181 65 7 189 193 68 116 29 
78: 151 119 195 129 43 32 89 70 13 78 140 135 198 75 177 72 112 8 164 160 146 30 35 39 111 95 17 174 53 10 120 45 194 82 171 23 83 97 91 148 2 127 128 109 41 42 191 
79: 143 27 5 187 60 59 111 43 37 30 39 125 128 150 196 198 162 32 
80: 49 37 23 36 136 7 180 106 73 140 137 193 141 194 116 71 174 5 27 183 189 86 177 45 108 10 156 196 55 88 150 58 101 30 135 179 162 35 145 8 1 159 21 153 56 4 105 100 121 65 
81: 177 43 41 69 86 63 159 56 49 68 99 150 
82: 146 196 154 37 11 30 60 122 29 189 176 48 184 33 93 58 44 5 192 182 12 116 127 76 140 175 128 87 110 63 149 109 133 114 98 81 113 179 36 
83: 168 39 122 89 95 13 44 46 196 109 184 8 69 137 40 111 189 15 68 12 103 79 33 49 130 162 22 180 5 84 190 124 19 188 125 171 120 9 177 2 37 149 186 134 174 90 140 42 160 17 31 55 91 45 48 158 41 67 34 105 61 139 38 85 92 136 24 6 127 43 181 151 75 148 163 106 138 167 185 
84: 74 8 25 64 84 23 
85: 147 150 166 126 36 197 129 138 41 101 92 195 156 9 128 62 111 4 13 144 93 178 6 102 130 160 167 35 191 139 104 80 131 141 90 137 69 28 169 70 72 60 185 134 52 63 5 12 180 56 189 
86: 200 112 53 175 25 79 188 21 171 54 20 179 157 98 138 60 178 63 23 38 7 182 126 166 125 135 13 57 121 37 199 
87: 187 131 38 137 50 169 166 92 191 101 76 
88: 93 150 100 144 186 51 177 75 104 171 91 17 132 58 46 143 140 85 112 149 194 116 
89: 75 121 124 117 55 190 26 185 98 183 62 119 148 103 46 184 43 177 
90: 124 62 168 147 46 73 23 164 184 53 72 182 81 96 113 200 112 68 21 40 
91: 29 161 142 113 164 192 88 61 92 70 
92: 197 
93: 57 145 110 180 175 17 62 71 150 40 79 69 37 6 108 141 41 157 101 186 
94: 21 37 183 40 195 20 99 132 100 68 34 160 95 140 46 142 63 178 96 114 44 74 45 22 79 55 120 118 125 93 7 165 53 56 111 167 162 18 78 41 170 
95: 116 17 79 146 115 150 154 140 27 101 73 29 149 33 168 190 164 70 175 71 157 145 46 1 26 83 137 20 53 69 155 56 21 199 127 165 23 75 134 52 35 108 25 130 191 188 90 36 112 158 105 67 182 186 132 125 84 124 92 193 9 123 181 117 38 49 143 136 10 68 48 
96: 199 87 137 42 162 159 138 104 36 143 39 146 83 142 64 61 128 72 195 1 32 172 63 108 68 140 14 193 46 125 153 190 51 82 90 170 13 73 119 33 52 169 115 
97: 128 73 185 144 44 33 26 
98: 137 127 70 35 79 109 41 
99: 125 61 109 48 90 135 148 14 87 78 22 25 97 150 167 36 102 136 50 74 11 141 19 173 92 71 165 64 184 180 33 91 75 192 1 44 186 140 190 106 195 137 2 65 110 67 152 168 5 80 199 115 187 116 9 47 132 
100: 138 
101: 179 6 5 87 
102: 191 179 22 180 20 60 97 200 1 143 48 39 184 54 18 88 98 3 186 136 150 132 91 6 162 5 37 139 55 58 185 10 177 94 40 113 46 24 15 
103: 159 62 89 199 66 68 187 122 149 
104: 50 14 45 148 90 54 99 179 22 194 98 134 77 9 108 121 174 185 25 138 37 26 71 62 144 70 68 67 10 169 198 88 195 39 197 109 17 117 20 40 87 170 175 
105: 186 14 131 45 104 123 75 102 166 71 24 94 66 137 98 153 35 152 
106: 158 
107: 151 156 92 8 78 94 183 
108: 67 182 80 146 166 106 174 173 124 108 195 44 121 83 150 14 19 127 136 12 70 130 190 35 104 109 162 114 79 84 69 41 96 47 142 97 85 193 175 62 31 15 26 111 87 3 115 94 
109: 90 126 134 41 6 146 79 137 11 178 47 94 78 161 154 24 158 108 62 124 183 39 22 34 199 140 190 54 82 73 55 4 135 120 173 50 49 
110: 60 126 116 184 93 76 151 169 160 159 191 158 200 90 129 117 81 88 71 31 50 145 170 114 6 175 164 85 127 57 38 122 15 198 91 48 14 56 68 152 183 74 89 128 157 100 173 42 171 147 61 162 120 70 28 65 49 64 187 30 79 172 58 154 174 2 16 106 3 194 168 62 86 78 95 84 131 193 108 112 27 125 189 182 196 77 11 21 153 9 94 18 73 26 46 150 8 179 105 176 98 148 40 22 72 149 39 197 199 25 178 121 186 37 43 177 139 24 1 192 35 104 55 107 138 119 110 133 103 161 80 4 137 146 10 7 32 67 155 156 143 134 44 92 41 109 20 188 54 34 101 5 51 99 195 185 12 96 47 66 180 52 115 130 59 111 181 167 102 166 141 36 136 29 17 82 69 45 132 140 
111: 181 158 102 86 1 116 73 27 173 103 92 199 123 53 105 191 43 78 72 121 113 139 30 20 31 23 12 65 112 124 149 88 132 137 193 41 195 11 184 56 84 62 52 151 45 25 95 180 89 100 14 186 143 109 2 138 183 35 7 131 26 148 197 153 133 129 101 
112: 123 142 93 19 118 103 187 69 174 173 17 38 37 114 111 104 166 150 34 28 40 46 91 116 84 
113: 110 27 19 174 131 35 74 124 65 33 138 125 4 200 62 40 64 80 67 98 191 102 182 188 29 52 161 148 179 101 5 184 196 70 153 132 109 183 77 1 24 84 69 23 139 34 157 134 31 147 83 15 154 56 167 49 28 73 86 3 151 155 66 146 10 
114: 193 127 48 44 54 6 
115: 79 116 82 104 62 157 76 159 183 193 30 185 70 67 33 172 13 93 134 51 169 121 127 197 44 64 122 130 135 190 9 179 105 170 19 
116: 36 161 19 200 59 160 89 54 
117: 29 51 40 33 50 6 88 149 194 147 
118: 23 191 98 36 12 16 27 157 163 126 164 57 71 116 84 28 166 42 154 63 17 142 38 
119: 10 112 197 9 81 152 114 144 73 57 102 130 98 13 164 72 157 19 86 103 122 55 28 27 40 43 194 
120: 106 56 178 166 
121: 76 200 158 124 66 61 156 50 134 186 135 190 199 22 142 83 103 164 122 127 36 120 131 171 117 198 40 38 53 154 42 90 196 34 11 139 45 106 185 165 145 141 175 189 78 177 51 92 13 9 68 84 14 67 143 30 157 129 4 140 116 191 94 3 25 102 15 63 126 192 74 60 39 82 
122: 156 114 199 80 
123: 119 172 86 156 34 75 187 154 177 9 2 123 96 115 196 37 85 117 184 19 69 153 28 158 159 193 5 91 30 84 144 163 116 167 124 50 137 56 130 197 39 188 93 120 111 82 16 146 57 176 166 94 171 81 7 88 21 72 
124: 167 5 114 44 195 98 132 140 10 35 75 194 9 108 129 52 174 41 58 126 141 54 146 184 128 150 61 24 72 95 66 115 64 186 180 183 164 57 84 161 101 59 22 16 89 171 80 182 121 17 
125: 15 178 134 141 108 166 116 47 152 51 193 121 66 139 181 14 200 100 95 197 58 39 62 23 126 102 
126: 34 144 182 132 173 127 56 101 62 124 126 110 
127: 137 54 2 87 133 119 1 53 
128: 71 141 47 155 79 135 61 162 164 106 163 170 69 186 21 43 70 88 73 156 121 
129: 190 119 54 80 104 200 10 111 183 108 124 152 19 195 82 55 38 48 7 36 93 168 110 65 26 173 100 123 27 137 128 135 127 150 199 29 47 50 43 149 39 21 165 64 1 103 95 164 155 23 169 68 60 185 8 13 79 70 171 33 156 115 72 32 30 49 132 14 106 177 191 37 98 189 141 102 140 53 5 187 122 69 75 20 
130: 168 74 177 122 82 99 48 152 26 165 172 
131: 14 29 143 154 134 192 197 46 200 100 145 109 76 43 172 182 149 57 178 123 115 122 30 81 63 
132: 151 
133: 93 82 108 28 8 91 120 153 67 86 31 47 187 68 188 99 49 154 126 135 64 79 
134: 24 190 33 107 108 151 95 111 183 12 104 184 169 38 191 41 116 168 156 30 193 123 86 146 63 62 165 10 59 58 72 110 93 150 81 39 75 65 174 
135: 148 25 104 75 56 
136: 183 112 28 74 165 83 169 100 
137: 173 196 108 54 46 162 7 77 26 74 31 119 124 40 66 109 116 68 101 197 73 193 22 165 138 72 180 140 30 16 143 62 184 118 51 175 41 157 78 92 198 5 129 146 120 2 21 71 93 39 48 18 89 44 188 179 55 19 24 131 99 132 166 154 186 9 94 172 102 191 85 106 84 158 187 110 87 149 35 10 161 
138: 119 131 137 120 166 33 89 121 60 98 71 39 5 165 168 12 59 23 143 196 200 163 159 179 22 138 67 21 130 128 148 73 135 185 57 124 69 100 199 50 104 116 157 51 37 
139: 149 157 188 10 95 103 52 97 30 191 138 68 47 15 112 163 123 186 143 190 106 36 99 110 7 25 20 76 126 101 1 98 171 142 119 77 80 164 61 130 38 100 122 83 40 35 162 41 176 109 193 179 94 64 102 22 134 90 180 152 113 117 85 96 91 
140: 121 38 18 175 150 179 122 139 10 90 70 67 154 152 118 129 132 160 171 126 187 64 34 29 1 188 194 149 143 142 162 168 19 23 98 94 146 60 24 145 177 144 117 96 113 17 190 173 93 89 72 186 193 28 56 181 20 7 87 50 37 182 114 78 200 13 52 124 104 80 165 35 91 128 158 105 103 100 109 46 42 164 136 61 159 53 116 95 192 36 180 77 99 119 16 161 74 199 148 82 47 
141: 15 147 68 51 158 140 23 9 160 138 130 10 29 61 116 199 122 92 19 132 58 184 146 27 79 113 120 93 143 44 5 70 103 43 1 24 187 173 171 127 161 186 64 151 159 54 74 157 115 57 63 85 109 42 131 53 83 75 18 65 66 94 129 133 76 174 119 178 150 153 56 121 14 21 142 62 35 37 134 81 52 163 105 4 88 3 
142: 150 197 115 65 189 167 178 181 111 57 102 84 70 163 138 36 41 152 124 168 26 170 125 91 108 72 160 17 67 8 133 3 185 50 55 184 112 73 164 
143: 185 31 143 42 192 90 157 12 199 18 85 60 59 102 89 113 11 137 123 
144: 156 120 172 164 47 49 184 103 198 
145: 9 74 122 152 72 68 105 198 147 65 99 159 59 83 156 181 196 10 90 77 56 154 20 36 96 93 133 14 102 151 137 33 
146: 89 136 92 179 72 141 172 104 187 97 40 56 193 200 80 83 20 184 27 
147: 163 70 28 9 49 186 129 79 91 19 52 45 57 33 34 46 182 105 102 72 82 56 153 17 51 64 89 172 38 66 42 106 156 184 47 92 
148: 36 40 12 151 101 152 195 186 56 132 143 71 175 30 102 137 45 187 125 123 168 148 116 65 146 131 8 63 31 85 
149: 190 79 55 144 180 185 169 147 40 162 179 123 142 3 44 96 77 78 66 182 115 161 6 199 137 191 136 102 80 76 21 125 35 163 186 148 67 88 188 
150: 13 70 160 96 130 143 101 169 77 147 115 106 93 120 146 67 71 29 167 51 192 11 58 156 60 170 39 189 62 107 95 2 196 
151: 130 6 135 107 
152: 130 32 122 126 158 171 144 
153: 86 55 197 93 176 166 60 78 52 187 48 91 167 170 17 118 126 110 139 120 33 150 21 90 43 173 35 24 152 99 72 70 28 57 15 198 159 73 144 158 27 124 4 58 75 31 172 22 156 179 26 189 63 162 95 64 200 193 125 3 36 146 38 56 186 13 97 89 19 53 79 40 151 69 108 122 180 115 147 168 76 30 178 106 42 9 
154: 132 63 115 148 24 23 71 185 166 159 117 40 31 170 26 156 17 140 2 11 13 189 30 114 50 52 143 137 44 172 5 181 120 70 178 67 20 177 53 119 19 81 9 14 192 155 124 21 161 157 73 188 85 86 168 33 51 182 28 186 65 58 133 144 18 141 84 160 79 45 69 42 176 139 123 56 78 112 169 118 198 153 77 136 126 197 16 200 49 39 163 101 135 27 173 180 46 54 22 151 61 62 109 165 96 57 129 145 193 199 100 25 184 
155: 124 15 186 157 86 76 193 174 147 140 57 173 55 30 172 144 115 165 120 188 132 69 18 20 92 82 118 79 191 128 81 119 149 190 99 153 32 189 84 155 103 36 138 110 170 27 143 135 22 146 125 
156: 86 148 130 135 173 152 4 174 68 34 
157: 170 69 97 107 139 8 64 29 193 194 41 36 90 49 189 48 79 85 120 135 199 12 198 146 153 184 179 45 147 94 87 22 127 74 167 180 17 25 80 145 39 113 96 98 
158: 136 1 77 
159: 144 103 200 175 160 114 58 149 143 145 187 85 91 194 72 128 76 2 197 106 142 45 170 119 19 176 20 95 5 165 161 68 125 131 140 120 31 67 127 41 44 73 
160: 117 74 176 65 132 95 162 178 69 181 199 191 17 60 179 20 39 38 194 3 109 75 68 72 29 180 16 2 87 112 28 7 14 100 154 30 53 77 56 118 23 111 172 126 135 58 1 21 182 184 169 188 71 51 174 165 175 52 116 43 91 108 157 159 84 96 173 42 125 9 101 168 64 103 67 120 
161: 143 103 160 155 
162: 72 151 53 190 180 80 56 35 128 69 68 33 39 34 85 153 133 21 13 165 120 24 124 116 191 104 11 51 182 115 19 130 71 44 
163: 52 165 115 175 10 117 18 122 95 174 140 84 68 80 24 79 148 143 57 27 70 147 39 23 47 137 180 48 72 86 136 125 28 4 78 123 198 34 113 74 166 93 90 8 127 155 54 94 108 7 182 62 20 25 59 11 87 5 82 32 97 33 41 156 132 58 96 104 83 49 167 45 118 163 75 60 53 102 142 168 129 149 100 131 107 76 178 9 111 12 29 91 65 199 126 81 69 120 55 114 191 177 89 171 192 105 179 36 19 109 14 30 161 154 164 13 139 44 188 50 190 169 176 
164: 121 137 70 200 110 169 150 143 62 165 116 84 153 20 180 76 159 51 94 92 178 182 154 71 173 130 5 57 108 60 1 193 140 72 105 174 115 127 69 93 89 15 48 177 192 181 19 102 166 73 4 172 195 61 91 17 138 104 106 77 31 
165: 119 103 44 96 177 186 70 107 36 139 118 34 136 153 
166: 192 27 44 128 80 90 188 115 113 185 129 101 170 24 146 105 124 122 71 48 12 41 197 35 156 47 84 31 62 57 171 
167: 1 182 26 65 157 176 11 131 143 13 71 190 
168: 161 51 183 122 191 23 15 151 17 83 
169: 110 102 182 31 44 108 23 49 144 157 3 89 177 62 90 190 51 148 112 46 123 36 18 129 54 15 127 135 77 133 94 139 131 162 61 8 96 184 65 55 78 71 57 38 74 5 126 179 
170: 98 149 52 37 46 93 86 
171: 180 39 140 166 27 90 55 15 87 20 98 75 37 178 28 31 190 67 133 169 2 76 81 137 113 174 146 62 
172: 136 10 173 43 137 113 
173: 82 63 77 36 45 
174: 130 
175: 95 110 131 55 69 54 15 171 126 38 37 118 96 24 164 157 70 32 197 146 28 62 112 182 147 123 23 185 143 155 93 142 17 98 35 100 61 46 42 176 16 
176: 14 22 49 69 82 118 116 84 46 122 95 98 148 79 15 96 1 195 39 177 119 128 199 19 104 173 125 110 2 183 51 133 38 42 
177: 86 175 128 
178: 101 160 130 184 48 26 108 27 11 36 138 53 105 169 144 29 83 194 97 6 122 38 177 20 103 75 41 153 151 178 183 43 146 200 30 95 14 88 13 72 189 168 90 3 92 23 96 4 44 42 196 114 159 89 46 156 
179: 141 102 134 93 78 66 181 3 163 9 59 139 46 51 91 140 36 23 193 151 92 148 153 108 135 15 111 109 146 128 77 144 119 37 50 45 54 157 19 130 52 156 187 90 155 67 145 4 43 142 
180: 6 33 106 9 148 157 53 130 11 74 
181: 104 
182: 141 119 126 92 142 143 197 47 158 110 121 152 25 44 12 147 8 55 20 140 38 90 193 76 189 89 39 67 166 74 190 114 129 
183: 148 5 65 150 62 185 7 20 12 71 123 106 173 88 44 153 86 40 6 76 98 9 186 80 120 143 90 29 99 
184: 96 36 35 142 50 29 123 192 112 
185: 73 171 147 152 161 94 56 196 166 111 199 33 35 13 154 176 20 40 133 76 125 50 97 8 99 6 115 190 102 9 62 11 45 112 122 165 156 163 75 130 38 150 72 48 158 160 109 138 87 19 17 128 25 132 155 194 21 58 64 65 66 124 110 57 12 186 187 198 145 129 83 162 96 91 100 46 44 36 28 
186: 192 163 24 159 122 54 98 5 36 60 189 185 46 115 117 53 89 136 
187: 183 30 
188: 120 137 94 142 67 32 112 72 149 139 172 110 45 47 69 152 136 22 133 169 147 86 20 79 33 183 140 68 12 168 29 123 82 91 111 185 30 141 24 191 196 70 159 121 164 131 118 7 158 48 129 167 64 163 104 146 26 14 165 156 2 116 95 103 59 63 109 
189: 46 166 165 69 127 181 176 145 102 81 178 36 180 119 146 42 100 163 33 128 107 169 63 53 43 99 171 122 194 24 55 48 147 56 17 134 73 70 88 22 160 52 78 132 79 14 188 126 64 35 174 150 10 44 13 137 121 153 151 124 191 190 72 197 58 
190: 5 16 175 125 163 112 118 18 66 100 200 81 20 95 181 119 21 71 139 133 46 74 116 75 165 33 108 89 72 199 170 172 36 143 179 37 190 154 
191: 183 20 65 89 108 193 114 
192: 60 
193: 76 176 47 6 90 29 17 200 53 44 157 117 
194: 35 12 18 
195: 91 20 88 102 56 2 130 146 176 182 133 137 144 193 142 69 165 71 132 78 178 115 128 47 95 41 35 74 83 139 177 150 60 61 125 141 
196: 115 100 152 134 53 176 59 19 2 142 6 16 140 57 60 94 90 102 28 49 96 26 179 88 148 80 54 3 44 198 21 91 173 
197: 133 55 72 106 18 136 32 139 184 61 175 97 71 9 83 186 88 109 111 23 66 137 78 1 62 171 188 166 54 100 65 182 95 87 113 122 
198: 72 74 155 55 25 132 7 168 105 
199: 178 91 31 191 127 50 124 121 144 186 79 152 149 151 92 195 65 159 125 162 199 134 59 119 33 113 193 133 6 183 29 5 53 71 23 44 164 81 7 170 192 179 155 123 166 78 160 94 150 184 1 72 142 10 80 25 
200: 155 165 73 57 87 15 31 142 22 58 103 81 183 176 1 109 152 164 129 117 116 189 187 169 149 98 39 146 7 84 20 170 43 154 124 
1: 27 102 15 76 110 24 141 49 199 139 46 99 200 31 111 57 95 164 160 127 96 53 43 56 129 158 167 70 37 176 18 7 113 80 197 140 
2: 4 188 15 123 78 150 195 53 35 137 21 160 71 110 111 154 171 59 176 42 99 24 127 43 83 196 159 55 
3: 141 70 113 55 149 142 178 179 54 160 60 153 24 53 169 102 37 121 76 196 108 110 31 
4: 16 156 109 164 153 26 9 43 113 179 53 163 178 121 62 85 14 36 80 44 59 141 110 
5: 63 138 43 83 57 123 137 129 42 101 186 190 159 73 38 141 124 199 110 163 164 183 99 44 80 54 60 79 82 102 68 45 154 67 85 169 113 
6: 114 49 185 149 31 180 44 24 109 199 76 85 54 23 101 3 102 196 93 60 178 37 48 117 183 21 83 53 1 68 151 7 110 9 193 70 27 
7: 44 26 200 21 111 80 71 47 60 5 188 43 139 137 53 27 129 86 50 54 76 14 198 3 123 77 55 28 140 183 163 160 199 110 94 35 
8: 73 15 37 9 71 54 182 185 53 34 18 129 133 148 78 68 157 163 80 6 48 84 44 142 83 60 169 110 47 107 27 24 43 
9: 153 141 185 61 46 83 69 110 95 147 28 119 123 99 53 115 56 23 26 160 85 197 124 43 33 121 137 154 179 183 3 59 145 104 163 180 47 44 1 
10: 113 119 134 104 199 145 78 129 95 141 35 28 76 27 139 172 73 140 55 137 189 102 80 23 43 53 6 24 124 163 110 
11: 76 24 18 163 180 111 154 150 110 99 109 47 162 55 71 26 143 22 167 53 21 82 16 54 178 121 48 185 
12: 32 60 28 182 3 185 134 166 38 138 82 37 40 143 47 53 68 163 194 54 157 148 118 7 111 108 110 188 2 76 183 62 83 44 85 
13: 2 26 129 96 153 167 121 115 83 119 178 140 154 70 163 162 78 43 185 15 86 57 71 85 24 189 150 18 
14: 34 47 105 110 141 3 121 125 96 131 99 163 129 19 23 176 104 145 111 15 189 54 188 160 1 55 60 178 11 48 42 154 108 21 18 
15: 102 141 72 18 23 175 42 155 110 11 48 2 125 36 121 139 176 67 108 60 113 169 164 168 66 153 171 21 83 179 53 44 200 
16: 175 6 44 54 47 124 118 21 154 110 23 140 190 160 196 18 15 71 72 35 70 137 123 14 
17: 124 35 185 164 88 29 157 168 140 18 53 44 142 104 72 24 19 83 153 60 175 63 118 110 147 22 38 78 43 93 10 193 42 62 26 154 112 54 15 189 95 160 
18: 194 70 6 154 137 60 140 14 1 43 35 141 197 190 94 102 169 13 54 143 3 48 110 155 53 163 
19: 115 176 43 71 140 196 162 141 185 159 83 153 179 129 18 164 163 99 147 137 24 119 62 53 123 112 116 154 113 59 26 108 
20: 129 195 178 191 154 47 155 94 44 146 77 54 95 171 31 159 163 182 183 110 145 1 139 43 104 53 164 185 86 18 102 188 200 55 190 160 6 50 69 24 140 111 
21: 50 18 86 35 57 10 185 149 137 80 190 154 90 1 23 4 123 95 21 110 196 129 138 44 153 160 94 56 162 141 128 
22: 35 102 18 154 109 54 48 21 15 121 99 7 137 71 157 176 139 110 189 94 153 200 55 69 53 24 43 23 138 104 76 63 124 188 46 83 155 10 59 
23: 84 62 179 38 21 78 80 169 138 37 118 43 160 129 178 154 3 44 141 125 26 28 168 140 90 2 24 47 45 25 35 58 111 163 113 55 86 95 31 197 53 199 175 
24: 45 163 17 162 153 66 53 37 59 3 83 36 113 14 140 21 105 70 110 43 7 102 124 186 134 22 23 141 175 189 154 166 188 47 109 137 44 
25: 199 154 104 31 110 69 111 121 25 99 1 86 53 198 139 54 135 24 95 157 16 182 163 185 21 84 
26: 97 47 110 43 196 178 137 111 53 130 3 153 129 21 15 18 188 49 76 142 108 154 167 1 54 89 95 104 
27: 146 111 13 166 155 153 26 118 113 55 141 80 79 16 171 163 54 95 129 60 154 119 53 178 76 110 44 
28: 185 22 47 147 3 136 196 119 35 36 154 163 7 23 112 133 171 71 113 85 44 123 110 160 118 66 43 48 62 175 140 153 2 
29: 77 199 157 22 48 44 76 184 140 91 113 43 26 178 188 110 28 73 27 82 141 72 21 42 95 183 131 150 129 23 193 160 117 163 
30: 187 134 28 155 47 23 129 57 121 68 148 24 49 153 115 131 80 67 43 31 78 123 139 160 137 19 73 111 188 79 154 178 163 82 40 110 46 18 
31: 164 137 44 54 171 31 26 69 113 70 45 148 159 166 169 199 47 37 153 110 133 33 55 17 111 143 53 59 73 83 154 200 108 
32: 79 197 129 15 13 60 188 47 70 152 96 44 110 163 78 4 71 2 53 69 35 23 24 175 18 155 5 
33: 145 53 76 99 129 36 188 113 117 147 96 62 14 180 48 190 23 95 40 154 134 138 199 82 162 153 44 185 83 68 189 55 35 60 115 163 9 97 
34: 156 53 44 48 110 140 70 37 126 61 23 162 123 113 3 28 24 15 147 112 31 165 109 163 94 83 72 121 
35: 33 1 108 195 141 9 54 35 80 184 162 85 111 95 175 11 194 6 7 137 110 139 18 68 78 59 113 149 55 98 140 166 124 185 105 153 53 189 
36: 82 142 66 185 155 85 6 116 153 110 63 96 140 9 169 61 118 47 178 190 46 21 163 186 179 31 139 184 148 55 44 35 80 157 95 145 54 121 99 165 18 59 129 173 50 189 
37: 138 38 31 93 47 94 140 175 141 82 83 17 79 35 171 80 18 123 53 129 49 44 55 59 60 21 112 102 179 54 190 86 110 66 104 170 
38: 118 26 139 60 44 176 18 48 153 95 169 147 112 7 185 22 86 87 28 175 66 182 83 42 134 160 121 178 110 140 55 59 129 
39: 40 162 70 83 78 182 150 53 160 44 31 157 16 54 125 163 79 109 60 138 137 171 154 123 200 110 21 47 129 26 134 96 176 104 121 102 3 
40: 90 121 110 44 60 66 119 183 154 13 117 94 47 31 104 43 153 146 83 14 112 53 139 21 12 137 148 39 102 113 27 77 149 93 185 54 
41: 98 53 195 14 124 166 23 159 22 81 111 43 83 78 85 139 163 134 35 3 24 70 66 110 142 108 18 44 137 94 77 157 109 37 93 178 60 
42: 176 110 3 160 53 175 72 154 140 38 34 189 153 178 18 78 121 83 67 71 147 7 35 23 141 47 48 27 143 118 96 25 
43: 15 128 189 43 111 78 3 141 83 31 129 179 81 110 1 200 6 89 53 153 160 119 172 79 178 9 47 23 14 131 70 
44: 162 60 114 166 59 137 193 154 165 196 69 199 169 182 178 189 73 22 19 99 108 163 115 185 94 124 66 97 149 26 159 53 183 82 83 141 55 110 
45: 173 22 163 154 179 104 159 110 19 28 21 43 23 53 188 185 78 70 147 55 121 157 31 83 111 80 148 105 94 
46: 71 170 147 54 154 43 189 190 21 179 169 89 137 36 88 110 53 176 175 83 95 44 90 112 47 18 96 15 59 45 186 94 73 185 140 178 49 28 50 131 102 
47: 140 59 77 9 108 163 166 193 129 195 182 109 188 53 99 110 76 133 147 128 3 43 7 144 125 139 35 
48: 95 71 2 43 60 99 114 21 129 163 153 102 166 82 16 178 27 6 83 110 185 5 137 54 157 130 35 164 188 189 
49: 109 176 53 5 43 163 147 196 55 157 110 113 77 133 24 129 81 83 9 80 144 154 169 71 17 95 
50: 68 33 54 53 121 31 50 199 47 179 87 117 142 15 60 154 44 110 67 109 104 6 140 129 3 138 26 55 184 163 185 99 59 123 
51: 22 162 96 47 176 141 150 125 147 160 164 179 137 53 117 115 169 44 6 168 24 7 62 154 121 35 110 88 138 54 
52: 41 24 189 147 43 71 53 6 18 170 110 113 19 31 111 141 85 57 95 179 124 140 154 153 163 96 160 46 25 22 1 139 
53: 127 90 199 186 69 31 24 162 86 153 154 43 1 111 48 54 129 180 26 189 44 95 160 94 60 55 121 23 78 141 140 163 178 196 193 
54: 116 1 110 109 163 104 28 53 137 36 9 86 67 43 179 24 127 169 129 197 141 38 44 196 35 102 73 62 186 55 114 175 14 124 19 154 
55: 12 198 109 44 40 169 43 23 142 54 89 119 94 155 163 83 102 50 149 129 189 110 137 182 1 80 72 18 197 153 6 175 60 59 171 
56: 135 71 94 44 18 113 126 77 148 189 147 195 50 27 120 111 140 55 85 110 57 80 153 146 160 21 53 141 43 81 123 185 1 145 162 17 63 42 24 95 47 154 
57: 19 138 22 53 155 76 163 70 28 73 196 131 141 110 142 164 153 185 66 169 18 93 124 43 147 200 119 166 118 86 154 60 47 123 
58: 189 27 163 150 154 124 18 110 48 72 17 141 159 70 160 8 24 80 102 134 44 1 53 185 125 76 11 3 21 153 88 200 82 15 68 
59: 66 79 138 110 124 116 134 24 163 77 145 31 196 43 41 143 188 54 35 4 179 199 
60: 192 66 195 11 40 129 160 53 79 31 6 82 186 164 29 55 44 153 102 47 35 86 110 2 196 121 163 140 138 150 73 143 28 21 85 
61: 56 31 121 43 12 67 175 83 19 169 140 18 154 141 91 110 5 96 128 15 195 40 53 76 164 42 60 66 99 139 124 44 26 3 197 24 
62: 171 93 103 185 166 164 197 115 104 113 125 23 40 55 48 71 35 110 53 111 183 76 90 108 163 109 175 154 137 141 89 57 126 150 85 73 169 6 134 
63: 131 118 43 7 77 62 188 66 85 173 94 86 23 141 189 19 82 153 134 14 81 96 154 121 21 148 42 72 
64: 58 139 113 70 76 153 84 44 21 23 59 129 124 73 7 185 141 160 140 99 157 96 62 147 110 133 18 189 67 188 115 
65: 80 141 36 197 99 110 145 54 113 183 35 169 129 77 19 160 191 163 73 62 134 167 111 148 185 15 199 154 64 18 9 142 53 
66: 30 113 54 110 67 42 105 49 179 103 35 125 47 149 190 7 55 147 137 185 62 121 53 124 197 141 56 
67: 26 182 48 83 18 150 179 171 8 142 160 28 70 99 60 43 133 55 110 138 159 115 121 149 108 1 104 95 188 113 154 37 140 19 46 
68: 43 137 83 139 44 3 159 16 95 162 76 35 156 110 121 15 141 53 77 160 32 96 81 104 129 6 133 1 188 90 103 48 94 145 163 14 8 
69: 29 44 43 70 164 175 59 195 176 155 108 95 85 83 7 22 160 153 113 129 163 110 162 24 112 48 81 93 128 157 35 154 189 55 123 138 188 68 65 
70: 91 115 78 110 53 154 189 50 129 163 9 141 164 59 147 35 165 68 175 71 95 1 142 108 85 113 31 60 128 150 104 153 18 98 55 188 140 
71: 51 150 99 183 128 164 72 93 95 80 166 162 110 59 43 160 137 54 44 199 154 167 104 138 118 169 53 197 71 190 195 105 148 
72: 123 23 146 163 153 188 85 78 124 24 1 43 90 50 147 185 7 198 189 76 110 6 197 140 44 62 162 145 160 159 164 134 119 53 142 111 66 137 199 96 129 190 18 178 47 
73: 159 164 76 31 96 110 97 153 95 5 109 200 113 59 61 12 80 111 42 22 44 138 142 189 154 9 1 128 119 185 137 68 55 90 49 43 26 53 14 
74: 180 43 6 182 141 137 84 157 130 169 163 113 195 110 44 160 1 136 94 121 59 140 190 53 99 73 4 145 40 18 198 
75: 21 76 78 123 95 190 88 171 19 14 12 89 135 163 18 44 178 53 83 99 23 129 105 141 153 124 160 43 134 185 27 
76: 87 121 164 185 54 21 182 155 139 183 171 53 115 159 82 141 163 18 131 23 17 35 110 149 193 153 31 
77: 158 48 149 179 164 160 104 15 113 110 140 31 173 139 53 169 150 12 28 145 38 137 154 
78: 52 62 153 169 48 107 78 179 54 46 197 99 21 37 3 111 94 121 163 137 149 55 109 70 40 140 66 189 199 16 195 18 154 47 110 
79: 133 93 163 98 129 9 149 110 95 153 83 26 15 23 94 60 157 189 73 31 18 43 154 32 6 147 70 199 53 21 109 188 128 176 3 155 44 115 54 24 141 86 108 55 
80: 122 34 85 110 2 36 166 31 139 146 35 99 157 124 199 14 183 196 108 18 72 43 68 113 24 162 60 53 55 70 163 129 149 140 
81: 54 110 141 44 119 90 55 155 123 131 3 70 24 163 82 200 60 171 134 154 190 199 189 
82: 121 123 109 71 188 163 130 26 173 147 44 76 10 21 78 115 140 133 176 15 110 70 53 129 1 96 28 155 
83: 168 66 113 50 23 195 136 146 197 145 18 78 139 96 43 108 163 77 39 47 28 178 54 185 141 24 76 121 95 35 
84: 112 137 17 113 111 164 108 18 54 24 43 66 163 160 124 176 83 121 118 155 22 123 142 13 73 45 37 55 95 200 166 76 84 110 9 154 
85: 148 162 141 36 51 53 24 47 108 28 1 143 50 21 57 110 157 159 137 88 123 55 83 139 154 
86: 170 156 113 154 123 163 18 80 24 10 155 15 81 60 73 31 183 153 26 111 54 119 134 188 110 177 133 47 2 55 
87: 101 163 60 197 104 127 137 47 108 53 82 55 200 18 140 9 96 160 185 46 171 73 99 15 22 157 19 68 54 43 
88: 74 195 62 91 104 117 183 24 196 50 102 123 57 178 43 80 197 128 111 110 189 141 149 27 
89: 24 169 83 42 39 68 163 78 182 57 60 44 143 116 18 38 110 190 138 153 186 23 35 76 164 137 191 147 146 103 69 54 15 111 43 55 124 178 140 
90: 11 121 179 196 9 166 171 96 139 109 33 99 143 24 157 110 183 66 54 25 44 178 163 104 73 182 53 95 85 83 27 72 26 153 140 15 145 193 59 37 169 
91: 139 68 199 37 99 54 185 27 35 112 110 179 83 164 160 44 38 71 142 147 88 19 7 26 159 188 163 133 196 76 195 24 78 140 153 3 31 102 123 15 
92: 147 11 146 179 164 95 53 76 83 107 1 44 37 87 17 46 182 91 141 99 110 137 21 28 23 199 25 54 31 85 111 55 178 121 155 
93: 20 179 145 24 63 129 71 88 115 137 82 133 94 43 112 153 140 123 60 163 1 150 25 85 175 19 134 164 141 53 44 110 170 54 
94: 108 157 169 123 163 54 40 7 139 188 185 107 28 137 140 43 21 31 105 199 121 71 57 196 73 72 109 110 102 141 76 47 164 
95: 6 125 71 26 83 37 66 195 47 178 124 43 129 94 70 40 111 159 163 160 176 53 188 150 55 10 139 134 140 60 197 35 21 110 190 78 153 175 
96: 55 60 110 185 157 139 176 23 149 175 108 53 18 50 150 140 196 62 184 94 47 145 7 76 43 9 165 28 154 178 37 24 163 38 169 54 90 21 44 123 160 
97: 65 102 71 108 197 1 37 99 53 35 57 44 40 73 153 38 146 47 78 139 185 178 45 163 43 157 
98: 157 71 104 31 24 86 140 124 6 102 53 183 176 171 7 47 89 110 118 200 175 119 186 170 70 82 105 113 129 138 35 139 15 
99: 183 189 81 139 104 53 133 110 55 137 76 50 185 23 145 60 140 44 94 66 48 153 22 130 155 43 
100: 136 47 197 190 94 80 129 131 196 54 74 160 43 139 88 111 15 70 125 35 73 110 57 18 55 71 175 22 140 185 53 163 154 59 138 189 
101: 111 12 55 77 166 23 85 160 124 43 21 3 46 139 95 87 93 178 137 148 59 57 113 80 53 126 154 150 28 110 
102: 125 3 139 18 9 145 113 137 43 1 6 147 189 163 143 148 195 47 179 196 99 169 62 85 129 50 164 35 110 121 105 142 44 48 185 149 53 55 59 2 119 19 111 
103: 28 159 1 60 47 89 121 161 141 110 155 139 178 27 160 129 144 9 53 188 140 165 77 83 119 112 71 200 111 15 44 17 67 
104: 181 135 164 134 53 5 15 66 129 70 105 188 6 163 146 96 140 108 85 54 162 73 43 110 112 50 115 18 88 138 71 176 45 
105: 198 18 140 110 163 55 45 35 48 83 43 178 26 24 166 80 63 111 54 164 95 28 115 50 145 49 44 147 141 
106: 17 110 180 8 53 128 62 139 80 159 21 129 44 108 83 150 147 137 18 24 7 153 121 183 197 99 35 120 60 164 
107: 151 55 163 21 165 22 43 157 134 53 150 47 110 75 189 66 
108: 1 93 190 142 7 95 43 110 104 45 109 21 124 137 178 18 108 169 164 80 153 53 23 129 134 55 160 133 179 191 125 96 9 163 26 
109: 188 99 137 37 197 139 67 200 14 70 83 160 6 53 110 179 28 78 1 131 98 104 141 185 18 111 108 163 82 2 113 140 154 
110: 126 15 185 137 129 99 164 18 176 182 82 45 110 32 31 35 134 153 93 68 47 113 188 139 53 24 169 8 175 155 
111: 10 76 188 43 4 60 48 160 78 197 15 24 18 83 123 110 108 66 163 142 185 94 53 129 79 112 179 134 49 38 85 3 
112: 184 37 6 86 154 175 47 60 23 54 49 95 62 160 190 188 185 119 78 136 90 111 169 72 142 88 139 43 110 
113: 172 140 143 91 90 31 141 102 111 8 139 166 60 70 38 157 54 24 197 199 82 1 55 171 163 43 26 
114: 191 94 159 122 178 110 66 43 140 163 71 112 53 60 182 23 44 47 72 82 54 154 7 119 124 9 55 108 
115: 96 44 53 195 68 42 164 3 23 154 142 37 66 163 99 18 95 131 47 21 185 186 162 153 141 108 71 123 150 129 166 155 196 1 149 110 124 60 43 
116: 88 111 140 200 121 80 67 77 41 82 110 72 53 123 54 138 118 125 9 164 188 141 99 137 112 17 162 160 21 11 134 148 60 176 95 190 115 35 
117: 193 47 89 50 53 42 186 110 3 21 2 140 121 200 24 54 18 95 56 45 68 160 139 104 154 163 123 
118: 37 47 21 44 176 163 60 154 165 112 160 8 70 155 36 137 175 140 190 43 94 76 18 35 53 68 26 55 31 38 153 188 
119: 57 71 176 159 154 129 17 63 141 190 138 68 199 47 78 155 13 165 179 89 139 77 127 3 137 53 96 73 123 15 140 5 189 54 110 182 7 
120: 160 162 109 133 157 138 110 14 54 94 183 53 137 123 43 154 18 77 24 46 44 188 50 83 163 40 150 72 2 153 78 144 141 121 23 159 155 
121: 128 27 124 68 89 35 111 18 57 44 80 53 24 125 188 141 199 75 55 115 33 110 182 138 140 52 164 86 108 59 38 189 104 23 
122: 197 83 153 53 131 178 38 43 166 3 139 60 145 176 168 163 129 152 54 44 82 115 189 110 119 186 140 121 21 23 18 141 185 45 103 37 130 
123: 143 60 131 154 26 18 169 53 163 111 129 148 15 76 40 199 43 112 175 105 14 183 35 134 123 6 68 149 77 139 71 3 188 184 95 
124: 200 83 35 199 137 126 53 44 43 55 95 89 21 162 108 9 166 76 56 90 109 154 138 153 129 50 47 185 142 111 189 123 155 73 121 70 7 113 140 48 66 31 
125: 155 67 44 96 94 18 110 70 79 163 37 86 7 190 199 153 57 43 83 159 113 195 176 160 22 95 148 185 68 99 142 1 149 
126: 69 182 25 24 124 163 118 85 109 126 43 154 169 48 110 140 66 153 139 71 121 53 72 125 152 54 86 76 160 133 47 175 189 28 
127: 53 199 169 159 95 121 47 82 163 21 73 157 24 78 66 23 54 110 55 9 16 115 141 164 189 108 43 129 114 31 45 83 98 1 126 76 18 
128: 177 97 155 82 138 18 96 176 166 85 28 46 179 44 53 185 129 124 21 59 3 195 79 78 140 189 159 54 110 43 162 55 
129: 182 111 7 200 68 42 154 27 3 188 78 121 166 169 38 141 53 163 110 85 18 55 140 124 76 147 66 137 185 
130: 174 18 115 185 151 179 5 141 85 156 110 22 139 178 119 53 95 180 150 70 43 49 162 44 108 23 56 164 123 195 138 152 83 46 47 
131: 64 113 169 53 148 141 47 26 31 85 50 167 71 137 138 159 163 46 49 43 21 44 73 110 111 121 7 175 87 188 38 105 48 54 
132: 99 53 59 72 129 17 160 110 1 51 137 155 102 141 35 140 148 124 126 55 195 22 44 189 21 185 3 154 7 113 198 95 111 94 18 88 163 37 
133: 3 15 142 41 53 127 185 162 145 82 195 176 56 21 45 47 111 43 73 14 197 42 48 171 24 110 77 199 44 190 141 154 188 169 
134: 9 125 113 189 85 43 110 131 199 54 53 15 115 59 83 139 141 196 121 179 72 24 55 71 109 37 95 47 76 14 104 
135: 14 31 155 115 157 156 27 7 53 3 78 128 179 121 154 47 26 66 99 60 151 86 169 129 37 80 160 43 133 109 138 36 68 40 
136: 186 73 165 26 80 158 19 110 24 99 3 154 70 149 140 18 35 21 14 47 15 43 76 146 83 172 163 197 188 102 95 108 
137: 61 31 109 59 195 24 111 105 83 164 23 49 138 53 154 60 55 148 44 85 123 18 43 149 73 163 145 99 127 172 189 143 197 35 28 48 76 129 110 87 80 98 7 96 171 47 95 188 
138: 100 185 137 34 178 54 22 110 155 113 142 164 139 96 19 18 66 7 76 141 138 86 83 85 53 111 72 37 47 104 
139: 23 54 21 18 44 102 165 197 31 190 53 163 28 195 15 76 157 35 110 9 125 33 111 179 113 188 140 153 121 169 83 55 154 85 
140: 110 96 53 196 18 1 94 121 141 163 159 56 47 129 137 24 124 182 31 188 88 171 95 154 43 164 179 155 78 99 82 83 59 80 5 109 
141: 195 14 54 53 154 121 93 129 80 146 125 124 46 45 182 85 66 22 7 99 128 44 188 31 110 179 16 18 
142: 179 48 112 7 196 54 23 36 118 31 14 141 35 60 184 159 27 163 51 53 199 19 3 94 188 175 195 182 200 18 121 140 149 96 37 38 55 139 91 108 15 
143: 49 141 102 148 164 35 79 137 121 44 88 3 5 47 154 159 53 139 43 131 68 163 140 95 111 70 96 36 182 15 155 18 183 23 167 24 143 27 138 110 190 175 161 150 
144: 152 199 149 140 85 68 153 19 178 104 119 27 31 179 88 44 43 154 15 159 195 126 155 169 97 123 62 53 
145: 42 10 189 121 37 131 93 159 38 95 7 157 179 110 140 154 185 80 
146: 7 155 110 60 188 137 109 175 54 31 113 78 53 6 189 72 195 25 178 179 200 166 157 153 26 11 123 141 95 171 108 43 134 140 150 82 27 96 71 124 148 
147: 117 16 44 3 31 157 163 175 153 149 70 53 141 85 113 185 72 35 24 189 155 90 188 182 145 65 1 150 47 110 
148: 39 113 74 179 154 48 54 21 169 148 104 111 110 77 135 4 138 89 99 183 68 180 156 176 47 140 149 83 196 163 19 23 59 78 
149: 103 95 117 28 163 53 111 137 200 140 131 43 55 199 159 188 110 82 7 129 170 71 83 45 88 155 139 44 73 35 
150: 81 112 72 18 99 10 102 129 59 11 6 195 95 140 199 60 73 26 88 77 93 27 80 7 189 108 14 141 124 70 110 79 153 85 142 134 183 164 44 185 66 45 
151: 132 154 153 110 178 168 9 179 54 111 148 199 43 107 57 162 66 83 78 21 141 17 145 189 3 113 56 2 53 48 73 134 55 1 
152: 105 200 188 27 3 18 182 125 99 119 71 36 156 53 60 199 140 45 110 185 196 130 139 129 153 142 148 1 145 
153: 165 23 189 111 67 133 22 19 105 43 80 47 155 123 44 162 141 113 179 55 53 42 183 178 3 96 164 157 147 24 65 154 110 15 70 
154: 190 18 82 113 140 95 123 145 164 27 121 53 160 163 110 43 109 185 54 60 131 118 26 200 44 137 9 76 133 
155: 161 18 22 179 44 113 24 175 154 200 129 128 185 110 60 72 21 43 95 155 76 31 56 73 199 198 163 62 53 54 
156: 178 128 188 134 80 71 150 147 24 47 73 107 179 121 85 185 55 129 154 18 122 166 3 26 163 53 110 16 153 123 10 144 6 145 
157: 70 86 137 66 138 16 93 143 113 179 121 43 115 139 160 175 180 193 119 155 18 1 54 118 154 26 110 95 169 141 167 
158: 106 140 2 121 123 185 153 83 141 44 23 182 24 95 109 110 111 53 46 188 137 152 59 43 47 
159: 31 154 73 160 145 141 103 188 81 164 178 53 64 140 24 36 75 110 68 43 25 21 153 115 138 63 186 35 70 96 66 199 60 123 55 80 
160: 25 35 140 110 141 83 150 161 66 154 199 189 47 27 85 94 185 3 78 43 159 44 73 55 116 142 62 178 48 
161: 137 113 163 159 44 91 168 110 57 149 49 13 59 29 185 50 48 70 43 109 141 124 26 116 140 154 47 53 
162: 67 28 14 83 185 9 108 44 169 140 128 137 3 149 94 53 61 153 47 160 80 23 79 199 139 60 38 96 102 66 71 24 26 110 
163: 48 47 138 139 128 62 154 189 45 118 55 142 83 123 185 3 76 141 147 190 23 35 16 188 31 163 53 7 43 69 179 6 186 149 
164: 142 144 78 42 188 3 129 163 45 12 44 18 95 91 119 35 72 140 55 124 28 118 90 53 199 175 110 128 139 200 121 47 56 70 
165: 18 24 54 195 26 162 43 134 189 130 160 138 129 155 200 190 154 137 71 121 99 159 76 164 60 37 47 53 136 95 188 163 44 185 7 140 46 94 
166: 120 2 35 189 76 154 123 105 54 87 37 85 31 49 185 59 164 112 18 86 110 171 64 199 46 7 197 118 125 163 153 137 14 138 26 182 36 63 108 
167: 59 76 24 142 150 188 85 153 83 37 123 53 45 47 163 113 124 54 77 94 99 157 110 
168: 38 54 1 188 148 140 18 153 9 19 142 134 17 83 129 47 44 24 99 178 160 130 95 110 90 154 163 23 138 198 31 53 
169: 47 87 115 28 136 9 104 96 163 129 178 71 44 160 134 154 55 18 188 43 171 53 149 16 37 150 200 85 110 2 189 164 54 68 63 
170: 94 9 72 62 15 115 190 128 76 154 23 22 1 110 96 153 59 155 199 104 157 159 31 4 150 35 50 166 142 44 200 
171: 166 46 15 3 47 23 152 163 28 110 124 129 9 141 140 185 175 123 78 7 121 59 18 53 68 8 197 139 86 44 88 83 189 
172: 130 72 15 6 18 3 21 31 154 110 7 9 115 44 27 188 164 160 70 155 131 63 43 47 190 66 59 28 144 123 146 147 153 45 137 96 
173: 196 153 172 129 16 155 141 55 99 26 43 154 183 156 108 69 126 160 3 111 109 164 140 18 53 110 21 112 27 44 54 15 137 176 
174: 134 113 160 155 54 112 80 110 53 124 78 108 27 164 163 9 171 189 141 156 104 68 56 83 
175: 104 121 47 26 68 110 53 93 31 23 140 108 177 159 137 82 160 190 44 86 35 95 197 148 43 54 163 
176: 163 110 15 193 59 123 167 82 7 36 185 2 33 23 3 46 154 18 153 195 139 27 160 53 196 60 55 159 31 189 175 200 
177: 89 110 164 176 121 140 154 163 77 83 53 165 31 195 76 21 81 78 169 178 60 43 15 102 26 1 59 88 27 123 80 130 129 18 
178: 72 35 33 109 86 1 54 36 171 63 55 199 164 9 110 120 131 141 85 195 125 178 163 189 142 48 160 23 53 153 45 66 60 94 59 154 
179: 169 196 59 157 80 58 60 54 138 140 146 149 137 160 43 102 69 163 10 101 6 115 110 139 70 40 26 21 82 62 9 199 18 104 46 2 113 47 71 17 190 55 153 86 
180: 62 163 85 137 80 53 154 43 110 140 15 153 44 164 160 93 23 102 59 171 157 162 31 56 189 21 111 54 124 149 47 99 139 83 
181: 8 164 179 83 160 125 140 189 154 24 145 111 77 47 66 36 44 71 72 57 95 110 2 53 142 190 
182: 60 160 3 53 167 43 6 124 163 16 108 147 51 131 110 140 82 126 149 113 169 9 86 154 95 164 162 19 195 47 175 90 49 36 197 
183: 107 199 168 200 50 134 53 191 80 129 113 44 109 89 47 1 178 124 35 136 54 176 187 110 111 6 21 76 94 18 23 24 115 188 
184: 154 89 60 3 111 71 55 102 44 76 160 68 82 113 141 63 90 43 83 137 197 26 199 66 28 144 9 99 134 54 59 157 110 124 178 146 142 169 53 123 147 8 6 
185: 83 9 89 97 110 188 53 186 72 154 85 138 3 143 175 149 18 115 102 166 66 121 26 60 31 142 68 129 21 104 55 183 
186: 93 69 24 95 139 2 185 121 111 165 183 73 197 44 88 99 199 140 110 105 9 72 153 23 137 141 102 53 31 83 128 18 148 147 154 149 155 124 
187: 5 87 185 77 59 53 60 200 31 141 44 7 159 2 99 133 179 18 148 79 146 103 140 123 54 137 153 23 112 110 129 43 
188: 149 19 163 21 166 5 189 197 113 43 123 133 83 160 154 86 155 139 137 53 140 24 95 50 36 110 
189: 85 110 153 53 182 150 55 8 155 121 157 178 15 82 186 37 70 21 44 18 35 73 77 154 26 129 60 68 83 80 200 142 
190: 167 99 139 77 163 96 83 140 185 155 149 27 43 109 45 171 50 23 182 129 37 31 7 8 95 89 115 190 70 189 121 162 54 134 169 108 15 3 
191: 78 59 85 53 35 67 188 162 139 26 87 27 189 43 54 111 129 102 137 121 95 163 155 199 134 77 160 149 168 113 18 110 118 31 23 15 28 42 
192: 36 121 166 91 6 18 154 164 99 199 60 143 110 9 77 184 82 186 140 57 2 46 53 131 150 163 55 54 
193: 13 195 153 137 111 154 70 66 146 15 164 140 123 182 16 31 134 157 155 114 77 59 96 110 139 199 71 54 24 80 115 191 95 28 179 35 125 108 53 
194: 119 53 44 48 189 78 2 160 72 43 157 80 104 178 3 24 32 110 185 159 49 124 88 35 117 18 54 140 
195: 46 85 68 164 15 94 47 78 148 96 23 110 72 21 55 111 9 124 3 104 2 129 40 199 70 176 59 22 18 108 99 66 
196: 150 188 23 123 138 121 54 60 82 178 79 73 13 53 185 24 18 145 113 110 80 47 43 83 51 137 
197: 92 66 85 142 166 153 189 18 182 44 13 24 23 110 159 43 131 115 104 119 49 154 125 111 123 35 137 47 175 
198: 144 110 43 55 145 79 104 137 35 8 196 157 78 121 24 76 185 153 56 59 18 15 60 53 54 163 154 
199: 86 160 76 111 57 109 149 17 96 143 1 140 99 138 163 72 77 122 21 190 185 44 54 47 157 199 141 103 154 95 37 129 176 23 121 110 
200: 75 113 18 28 36 193 54 164 86 138 14 140 125 116 153 131 129 154 90 13 53 73 21 178 43 15 102 110 159 146 46 121 70 69 47 190 



Updated preference list above: can be reinput into program.
Duration_ModCreation_milliseconds: 873
Duration_GetSolution_milliseconds: 38
Duration_CollectRes_milliseconds: 0

RawResults: 
27 4 141 16 63 114 44 73 153 113 76 32 2 34 102 175 124 194 115 129 50 35 84 45 199 97 146 185 77 187 164 79 145 156 33 82 138 118 40 90 98 176 15 162 173 71 140 95 109 68 22 41 127 116 12 135 19 189 66 192 56 171 131 58 80 30 26 43 29 91 51 123 159 180 21 87 158 52 133 122 54 121 168 112 148 170 101 74 24 11 139 147 20 108 6 55 65 157 183 136 111 125 28 181 198 17 151 1 188 126 10 184 172 191 96 88 193 37 57 160 128 197 143 200 155 69 53 177 182 174 64 99 3 9 14 186 61 100 23 110 195 179 49 152 42 7 117 39 103 81 132 105 165 190 161 178 70 106 31 25 137 67 48 142 18 120 59 38 47 94 166 130 196 134 104 163 89 72 169 62 8 60 107 154 83 93 5 149 85 167 78 36 13 119 46 150 92 144 86 75 

Duration_Total_milliseconds: 2014

exitCode 0
code/Main_GS completed
